version 3
run General-16-20240428-16:41:48-11318
attr configname General
attr datetime 20240428-16:41:48
attr datetimef 20240428-164148
attr experiment General
attr inifile omnetpp.ini
attr iterationvars $0=false
attr iterationvarsd false
attr iterationvarsf false-
attr measurement $0=false
attr network Supermarket
attr processid 11318
attr repetition 6
attr replication #6
attr resultdir results
attr runnumber 16
attr seedset 6
config network Supermarket
config repeat 10
config seed-set 6
config num-rngs 10
config **.use_random_strategy false

vector 0 Supermarket queueSizeOverTime:vector ETV
attr recordingmode vector
attr source updateQueue
attr title queueSizeOverTime
vector 1 Supermarket customerWaitingTime:vector ETV
attr interpolationmode none
attr recordingmode vector
attr source customerFinished
attr title "cust waiting time"
0	7	5.300873327302	1
0	10	9.325864078245	0
0	14	10.487819139613	1
0	21	16.228892299347	1
0	32	21.933274252341	1
0	37	23.765396480099	0
0	40	24.908297102084	0
0	44	26.54249491857	0
0	48	27.925733481069	1
0	54	33.257118431852	1
0	64	38.670782973292	1
0	82	44.630168864737	1
0	84	44.860416568352	0
0	97	49.641754407902	1
0	112	54.43938388105	0
0	117	55.501318369294	1
0	137	60.815626318567	2
0	145	63.390297966312	0
0	155	66.784910403193	1
0	171	71.842560811317	0
0	176	72.048192429823	1
0	180	73.474293755017	1
0	196	77.851056042594	2
0	218	83.593473532937	2
0	222	84.980433046234	1
0	235	88.004165981784	0
0	243	89.307191990317	1
0	245	90.202855847078	0
0	259	94.53154459037	1
0	279	100.440750648734	2
0	280	100.601976174047	0
0	283	101.627945325919	1
0	296	106.10186388623	1
0	297	106.179829496194	0
0	310	109.942159701951	1
0	316	111.210511518177	1
0	322	113.677650023714	0
0	331	116.600327646126	0
0	335	116.766120369081	1
0	337	117.432228205142	0
0	342	120.056530917763	0
0	348	121.89324753359	1
0	355	125.843167196843	0
0	360	127.152418453712	1
0	369	132.281674331287	1
0	385	137.474129733862	1
0	402	142.931710270932	2
0	406	143.332835212349	0
0	408	144.012020108522	0
0	419	148.011113739107	1
0	424	149.663755676593	0
0	430	151.809331243742	1
0	436	153.114613829879	1
0	451	158.317898587324	1
0	453	158.617928980385	0
0	458	159.812079087132	0
0	461	161.1894567291	0
0	467	163.697624335997	1
0	479	169.66630791151	1
0	489	172.979778290378	0
0	497	175.569031663938	1
0	511	180.703066986055	1
0	520	183.10580346547	0
0	534	185.743118589279	1
0	535	186.018735875956	0
0	538	186.633202875266	0
0	540	186.89586287702	0
0	546	191.091942513362	1
0	558	196.481156506343	1
0	565	199.178991247783	0
0	573	201.498607889516	1
0	574	202.424734201749	0
0	586	207.104378018761	1
0	600	212.256042856025	1
0	622	217.783309385882	0
0	627	218.132788662566	1
0	642	223.635793595342	0
0	648	223.983767219819	1
0	660	227.249359457869	0
0	668	229.125166832469	1
0	688	234.771340253995	2
0	692	235.499814053763	0
0	702	239.058794324984	1
0	708	239.970539491623	1
0	728	244.974693250609	2
0	735	246.655432535568	0
0	743	249.309622144792	0
0	748	250.045768471667	1
0	753	251.905975739472	0
0	761	255.188647557282	1
0	777	260.300513927358	1
0	787	262.971152043785	1
0	790	263.451695111348	0
0	802	266.278536048251	1
0	822	271.881753068649	2
0	825	272.786680233781	0
0	841	277.689883161801	1
0	858	282.414963428396	0
0	864	283.317372887394	1
0	870	285.155498315464	1
0	880	288.252970303291	0
0	885	288.980849926591	1
0	898	293.216959982761	0
0	900	293.340927585958	0
0	906	294.262559731955	1
0	911	296.456860075237	0
0	919	299.613827126099	1
0	931	304.616636178803	0
0	937	305.50027707056	1
0	946	310.01718465681	0
0	948	310.447960284306	0
0	952	311.418416219529	1
0	959	314.729233193676	0
0	963	316.658383380154	1
0	972	321.083952107698	0
0	977	322.401774342868	1
0	980	324.097703864562	0
0	987	327.76938817906	1
0	1001	333.152033115968	1
0	1006	335.209494062116	0
0	1016	338.244061500531	1
0	1032	343.93948225118	0
0	1036	344.111611055209	1
0	1042	347.23171258089	0
0	1044	347.732678643425	0
0	1049	349.609159888233	1
0	1062	355.459800903684	1
0	1074	360.48008349724	1
0	1075	360.671591683874	0
0	1091	365.853976724668	1
0	1102	369.872784036676	0
0	1108	370.882152065168	1
0	1119	373.952803486374	0
0	1129	376.340375310042	1
0	1140	379.832687118321	0
0	1149	381.417083807987	1
0	1152	382.56124500127	0
0	1165	386.834030287805	1
0	1178	390.757344477344	0
0	1187	392.509498281636	1
0	1207	398.140340231124	0
0	1212	398.473552951122	1
0	1214	398.513781653832	0
0	1230	403.48778087762	1
0	1236	405.425902266171	0
0	1241	407.373537771753	0
0	1248	409.485987891441	1
0	1263	414.628445439504	1
0	1265	414.807896734563	0
0	1283	420.448570873353	1
0	1300	425.516021316403	2
0	1307	426.863078918656	0
0	1312	428.580228346516	0
0	1320	431.082163337849	1
0	1331	435.858926613928	0
0	1337	436.84106196719	1
0	1348	442.078568644126	1
0	1353	442.645441035039	1
0	1361	445.175108424851	0
0	1373	447.941096421329	1
0	1376	449.098029494398	0
0	1390	453.613752776988	1
0	1406	457.925773103143	0
0	1408	458.082029798181	0
0	1414	459.483370971399	1
0	1421	462.77272880927	0
0	1431	464.986808618297	1
0	1437	467.839018007272	0
0	1446	470.910888377809	1
0	1449	472.336303315707	0
0	1460	476.251258879666	1
0	1462	476.82665634842	0
0	1473	481.815948810427	1
0	1490	487.437047492711	1
0	1492	488.261589284753	0
0	1508	493.117265226318	1
0	1516	495.724226147516	0
0	1525	498.215509189757	1
0	1532	500.73776541918	0
0	1537	501.552440647618	0
0	1545	503.703881877007	1
0	1560	509.283378255552	1
0	1565	510.691886876823	0
0	1567	510.78657991695	0
0	1575	514.361403983085	1
0	1593	520.125759598332	1
0	1602	522.754067241445	0
0	1613	526.088238434865	1
0	1616	526.39245605166	0
0	1632	531.276628353166	1
0	1640	534.315992071873	0
0	1650	537.130837489849	1
0	1665	541.671342821442	0
0	1671	542.426988587946	1
0	1676	544.022991644218	0
0	1682	546.162853572749	0
0	1690	547.983360869343	1
0	1701	552.051358106194	0
0	1703	552.501065160263	0
0	1708	553.218767407349	1
0	1710	554.909302550017	0
0	1717	558.699287366121	1
0	1729	564.155224402434	1
0	1744	569.169428167398	1
0	1745	569.176910906214	0
0	1752	571.288442473626	0
0	1762	574.684359880629	1
0	1777	579.925959414103	1
0	1798	585.57567939069	2
0	1801	586.671728420186	0
0	1815	590.584000764181	1
0	1818	591.237540999427	0
0	1825	593.018576327827	0
0	1832	596.107393319718	1
0	1839	599.219438714091	1
0	1842	600.035691645461	0
0	1847	601.364391831215	1
0	1855	605.185634811524	0
0	1861	606.508787591243	1
0	1862	606.510281517752	0
0	1873	611.565559229115	1
0	1876	612.426175625877	0
0	1883	615.792954782373	0
0	1887	616.950232618023	1
0	1899	622.540800186573	1
0	1914	627.74853402772	1
0	1922	630.309544149087	0
0	1928	632.068576143938	0
0	1933	632.882687914651	1
0	1939	635.747283274541	0
0	1945	638.746226028189	0
0	1949	638.835217849584	1
0	1952	640.815340167611	0
0	1959	644.342791454401	1
0	1971	650.161840261659	1
0	1976	651.844626767444	0
0	1984	655.220050109085	1
0	2000	661.128785386915	1
0	2002	662.009414445025	0
0	2010	664.77042171231	0
0	2017	666.701053671539	1
0	2025	669.980324819336	0
0	2028	671.052981228335	0
0	2032	672.488513080171	1
0	2043	678.352238970344	1
0	2050	681.040987766114	0
0	2058	683.944715129678	1
0	2060	684.347914664658	0
0	2072	689.200522317319	1
0	2089	694.537488613744	1
0	2090	694.713004511082	0
0	2097	697.223194092979	0
0	2103	699.543934231858	1
0	2108	701.272628832726	0
0	2120	705.295539221029	1
0	2129	709.196044551443	0
0	2135	711.007183396259	1
0	2141	713.092267647853	0
0	2148	716.030206713594	1
0	2159	720.857290774584	0
0	2164	721.400637796849	1
0	2172	725.578487269232	0
0	2179	727.20139501081	1
0	2193	732.521418484395	0
0	2197	732.640534101288	1
0	2199	733.471916462879	0
0	2201	733.773598564556	0
0	2209	738.63896355196	1
0	2221	743.921358086635	1
0	2222	743.929309505856	0
0	2234	749.648582834052	1
0	2242	752.60732324596	0
0	2247	754.660026474508	0
0	2252	755.1098191028	1
0	2262	760.477837841027	1
0	2278	765.792872855207	1
0	2285	768.089023529903	0
0	2289	768.895122067655	0
0	2298	771.677505979314	1
0	2312	776.734488929156	1
0	2328	781.561503631179	0
0	2332	781.879729263484	1
0	2333	782.454073635861	0
0	2347	787.239280688576	1
0	2360	790.780637826422	0
0	2370	793.154564715921	1
0	2376	796.003752840799	0
0	2388	799.010915116406	1
0	2389	799.262413794174	0
0	2404	804.473136797314	1
0	2414	807.730661933544	0
0	2419	810.041519335238	0
0	2423	810.061928225914	1
0	2438	815.05975756154	0
0	2442	815.856915024575	1
0	2444	816.573140255641	0
0	2448	817.799745252123	0
0	2454	821.457979603438	1
0	2459	824.889380730105	0
0	2464	826.971770255361	1
0	2475	832.405792123638	1
0	2490	837.949187614024	1
0	2504	842.742100439849	0
0	2509	843.251880543074	1
0	2519	846.688259630581	0
0	2528	848.460771688028	1
0	2538	851.693603377673	0
0	2548	854.217462237925	1
0	2556	856.525295658386	0
0	2569	860.159305439098	1
0	2580	863.589640123302	0
0	2582	863.829735210746	0
0	2588	865.173908251571	1
0	2597	868.626396945911	0
0	2604	870.998543282273	1
0	2608	872.512290271815	0
0	2610	872.943495470099	0
0	2616	876.459935605061	1
0	2630	881.807951410767	1
0	2641	886.103538185477	0
0	2645	887.347353550024	0
0	2649	887.511137256865	1
0	2661	893.471220205306	1
0	2676	899.381860133494	1
0	2694	904.723888894777	2
0	2702	907.275198022021	0
0	2714	910.457207137953	1
0	2717	911.756811126021	1
0	2720	912.162036886906	0
0	2724	912.669775762131	0
0	2733	915.929278973259	1
0	2734	916.020711389138	0
0	2741	918.85371595342	0
0	2747	921.685970514549	1
0	2758	927.533807889095	1
0	2767	930.567703930778	0
0	2775	933.199236358518	1
0	2792	938.750031052392	1
0	2804	942.605700464688	0
0	2812	944.59036663105	1
0	2818	946.89167091239	0
0	2824	949.027187329021	0
0	2829	950.218471837465	1
0	2845	955.842886207395	1
0	2852	958.413994865378	0
0	2864	961.365990255496	1
0	2880	966.934594778346	2
0	2894	971.275883170194	0
0	2896	971.735573392714	0
0	2899	971.967398078768	1
0	2903	972.540403846886	1
0	2921	978.532066637419	1
0	2940	983.923237856945	2
0	2959	989.535937453156	2
0	2977	994.793957577787	2
0	2986	997.381579881072	1
0	2989	997.82748612343	1
0	3001	1000.031012622408	2
0	3002	1000.338235232047	1
0	3013	1003.102961857225	0
0	3019	1005.006609963376	1
0	3024	1005.855368441205	1
0	3030	1008.078781844119	0
0	3043	1011.790690814146	1
0	3060	1017.102968094406	2
0	3076	1021.757682288654	1
0	3084	1022.576267536498	2
0	3098	1027.210459035936	0
0	3105	1028.237723583822	1
0	3123	1033.394316137303	2
0	3138	1038.247766714429	0
0	3144	1038.993189485045	1
0	3146	1039.295925864601	1
0	3148	1039.920575822237	0
0	3162	1044.368816735456	1
0	3178	1048.620020139385	1
0	3183	1049.577973025153	2
0	3185	1050.078934651688	1
0	3202	1054.892135385192	2
0	3224	1060.31834337744	2
0	3233	1062.824377221172	0
0	3243	1065.953842648771	1
0	3254	1068.839331868339	1
0	3264	1071.252064110944	2
0	3270	1073.055385018471	1
0	3278	1074.739477257246	0
0	3285	1076.716550134822	1
0	3290	1077.101238336414	1
0	3295	1078.720674883574	0
0	3311	1082.831723638112	1
0	3315	1083.99290509417	0
0	3328	1088.291420105612	1
0	3338	1091.725654164684	0
0	3344	1093.255209273892	0
0	3350	1094.044869001489	1
0	3366	1099.614609746728	1
0	3389	1105.18163645314	2
0	3392	1106.099856981658	1
0	3400	1107.778455254622	0
0	3406	1109.61510068993	0
0	3411	1110.46405760385	1
0	3417	1113.109584904856	0
0	3425	1116.125111924716	1
0	3426	1116.206532271578	0
0	3428	1116.406744914596	0
0	3433	1120.735042618237	0
0	3437	1121.802700385217	1
0	3443	1127.014853223924	1
0	3454	1132.94031577627	1
0	3469	1138.156780234769	1
0	3491	1144.100565446772	2
0	3497	1145.635118237579	0
0	3499	1146.035861479232	0
0	3509	1149.753768458495	1
0	3522	1155.389378825666	1
0	3524	1155.744143863787	1
0	3543	1160.589244125874	2
0	3560	1165.357954429461	0
0	3565	1166.043683921916	1
0	3576	1169.419232781974	0
0	3586	1171.738467291461	1
0	3608	1177.714922610203	2
0	3615	1180.512933705349	1
0	3621	1181.99679576524	1
0	3628	1183.391820226329	2
0	3650	1189.246975331799	2
0	3666	1194.126917367916	0
0	3671	1194.430792074649	1
0	3691	1199.680548577801	2
0	3704	1203.762617995261	0
0	3709	1205.063078246078	1
0	3715	1206.66130965424	1
0	3726	1209.278912202571	1
0	3733	1210.153860945719	2
0	3744	1213.527039124861	1
0	3753	1215.587881169862	0
0	3757	1215.674871005349	1
0	3759	1216.776713308526	1
0	3777	1220.816358704118	2
0	3795	1226.193027896572	2
0	3802	1227.816979982423	0
0	3807	1228.979557241777	0
0	3810	1230.415292845805	1
0	3815	1231.279858903026	1
0	3830	1236.980666098648	1
0	3836	1238.503430929846	1
0	3849	1242.080871062816	2
0	3856	1244.294107865423	0
0	3861	1245.649539893259	0
0	3870	1248.080263178793	1
0	3882	1253.082797166074	0
0	3886	1253.743749797342	1
0	3901	1259.243502180788	1
0	3910	1261.68023725983	0
0	3919	1264.895358044419	1
0	3921	1265.225256467469	0
0	3927	1266.949263103537	0
0	3932	1269.322527159815	1
0	3936	1270.239109149899	1
0	3942	1272.354170959205	0
0	3952	1275.331983396316	1
0	3955	1276.640751202122	0
0	3966	1280.923998842014	1
0	3983	1286.497980801852	1
0	3999	1291.572934872586	0
0	4003	1291.924943084128	1
0	4010	1294.205614674254	0
0	4022	1297.517673812339	1
0	4043	1302.815785544224	2
0	4049	1304.775294241725	0
0	4062	1308.735308886969	1
0	4063	1308.979224059847	0
0	4068	1310.487179266405	1
0	4080	1314.653361954957	1
0	4090	1318.016727859271	0
0	4100	1320.596403555942	1
0	4107	1322.784344493058	0
0	4116	1325.768468807216	1
0	4127	1328.623115152698	0
0	4133	1330.438193440203	0
0	4139	1330.992145290363	1
0	4142	1332.375368404316	0
0	4144	1333.035680361555	0
0	4150	1336.427732015026	1
0	4152	1338.16058023355	0
0	4158	1342.061652034053	1
0	4170	1347.392836506243	1
0	4187	1353.348990760042	1
0	4203	1357.831849786568	0
0	4210	1358.978943222665	1
0	4228	1364.028769763649	2
0	4230	1364.475256636269	1
0	4241	1367.007668696924	0
0	4249	1369.124730732754	1
0	4252	1369.992928577584	0
0	4256	1371.001816786591	0
0	4261	1372.929612132833	0
0	4266	1374.676673727805	1
0	4272	1378.324309704589	0
0	4277	1379.919710759536	1
0	4289	1385.364149862199	1
0	4303	1390.972432692067	1
0	4321	1396.330477399283	2
0	4322	1396.365185326195	0
0	4329	1398.657512117058	0
0	4334	1400.851337679891	0
0	4338	1401.357614698817	1
0	4345	1405.218507681036	1
0	4352	1406.724852183598	1
0	4356	1407.987741080576	0
0	4365	1412.113486268089	1
0	4372	1415.429515974591	0
0	4377	1417.550755456786	0
0	4381	1417.99434795533	1
0	4383	1418.963644813045	0
0	4390	1423.219924291593	1
0	4402	1428.818430101263	1
0	4419	1434.507299596441	1
0	4438	1440.107670063965	0
0	4443	1440.462243851271	1
0	4454	1443.279778476917	0
0	4459	1444.828822456994	0
0	4461	1444.89272111945	0
0	4465	1445.880217941009	1
0	4478	1451.846628021446	1
0	4480	1452.779303378657	0
0	4490	1456.891805929362	1
0	4493	1457.776892494175	0
0	4498	1460.119892777756	0
0	4505	1462.821754861388	1
0	4513	1467.959640718295	0
0	4517	1468.15043131518	1
0	4527	1473.991052197871	0
0	4531	1474.143544818971	1
0	4542	1479.469029716214	1
0	4555	1484.92653896217	1
0	4571	1490.081598363931	0
0	4575	1490.289634663609	1
0	4591	1494.48860858427	0
0	4599	1495.982949916969	1
0	4600	1496.574951633693	0
0	4607	1498.760819848275	0
0	4611	1500.253999529174	0
0	4615	1501.28389761876	1
0	4626	1506.951528336151	1
0	4641	1512.070862849007	1
0	4658	1517.309741631846	2
0	4664	1518.897041811955	0
0	4667	1519.230438348718	0
0	4670	1520.244725312335	1
0	4679	1523.078442268071	1
0	4689	1527.547205683423	0
0	4694	1528.562506678977	1
0	4710	1534.34417138877	1
0	4726	1538.995980953329	0
0	4730	1539.457515769169	1
0	4742	1543.252677346693	0
0	4750	1545.287663357562	1
0	4771	1550.631601838857	2
0	4776	1551.940442430201	0
0	4791	1556.588897887614	1
0	4796	1558.488653924662	0
0	4807	1561.854525749801	1
0	4827	1567.649159708988	2
0	4835	1569.77989291935	1
0	4844	1572.322279505314	1
0	4851	1573.090419447977	2
0	4864	1577.69064137572	0
0	4870	1578.353628688022	1
0	4877	1581.071339537621	1
0	4889	1584.241578190583	2
0	4894	1584.952892655387	0
0	4908	1589.30324305221	1
0	4914	1591.018450573086	1
0	4929	1594.636809156272	2
0	4940	1597.530549928892	0
0	4951	1600.611664730586	1
0	4952	1600.803304524509	1
0	4961	1603.293310729438	0
0	4963	1603.906838348367	0
0	4971	1606.520670974623	1
0	4978	1609.399876810024	0
0	4982	1610.598877435546	0
0	4987	1612.263350562887	1
0	4994	1617.071129810527	0
0	4999	1618.130374851167	1
0	5010	1623.454339819956	1
0	5015	1625.850857578214	0
0	5025	1628.655244573248	1
0	5040	1633.91764573799	1
0	5049	1637.283778309817	0
0	5055	1638.420532855319	0
0	5060	1639.727350540688	1
0	5070	1643.100939369408	0
0	5077	1645.435454019109	1
0	5081	1646.65313008369	0
0	5083	1646.866390417674	0
0	5090	1650.912600684209	1
0	5101	1656.504839238009	1
0	5108	1659.541457761657	0
0	5113	1661.432849335481	0
0	5118	1662.218671458537	1
0	5130	1668.185289192243	1
0	5132	1668.587600521857	0
0	5143	1673.484058147759	1
0	5157	1678.918421871724	1
0	5177	1684.624771459258	2
0	5181	1685.782384531918	0
0	5190	1689.828515969446	1
0	5194	1690.437840834723	1
0	5214	1695.828235157297	2
0	5221	1698.431238873976	0
0	5233	1701.252198988569	1
0	5240	1704.29403595882	1
0	5254	1706.859322879926	2
0	5258	1707.959939327554	0
0	5273	1712.784847498868	1
0	5274	1712.894333668515	1
0	5277	1713.990820558389	0
0	5292	1718.697510401948	1
0	5308	1723.930819727944	0
0	5314	1724.441120448286	1
0	5325	1727.744636985006	0
0	5336	1730.401445338965	1
0	5342	1732.397702818267	0
0	5354	1735.44752495689	1
0	5362	1737.730583283932	0
0	5373	1740.90325993369	1
0	5390	1745.592534270132	0
0	5397	1746.568357418986	1
0	5400	1747.940815325707	0
0	5413	1752.180036358301	0
0	5418	1752.272557953834	1
0	5434	1758.194511958859	1
0	5440	1760.02321426186	0
0	5453	1763.236504276278	1
0	5457	1764.782472432584	0
0	5472	1768.766723713134	1
0	5476	1769.965282465444	0
0	5490	1774.173045887607	1
0	5498	1777.400590947708	0
0	5504	1779.291332933347	0
0	5508	1779.327480296832	1
0	5525	1785.174988982495	1
0	5536	1788.480321312202	0
0	5544	1790.219397008414	1
0	5550	1792.694152573817	0
0	5564	1796.107602501283	1
0	5573	1798.32146807457	0
0	5577	1799.492811141997	0
0	5584	1801.223102169106	1
0	5600	1807.00991749274	1
0	5601	1807.355997767295	0
0	5614	1812.04016485996	1
0	5616	1812.614490598666	0
0	5634	1817.983277690359	1
0	5635	1818.369560915389	0
0	5644	1820.891351296096	0
0	5652	1823.74672175501	1
0	5655	1824.648507255706	0
0	5669	1829.586985585741	1
0	5683	1835.508425566131	1
0	5693	1838.455484214002	0
0	5702	1840.747728417391	1
0	5715	1844.406897554868	0
0	5724	1846.058711876391	1
0	5743	1851.13130138721	2
0	5745	1852.004772563575	1
0	5758	1856.044654913593	0
0	5762	1856.312724792628	1
0	5772	1859.279459314764	0
0	5783	1862.289824514181	1
0	5794	1865.889615127465	0
0	5801	1867.798757326553	1
0	5815	1872.075561989329	0
0	5821	1872.969414092364	1
0	5841	1878.582994594701	2
0	5858	1883.563090498791	1
0	5861	1884.09536431648	0
0	5865	1884.503383736123	1
0	5871	1886.244889785183	0
0	5874	1886.659136354922	0
0	5878	1888.040847238266	0
0	5883	1889.769183989145	1
0	5886	1890.842111626872	0
0	5893	1894.85985582275	1
0	5901	1900.182613215057	0
0	5905	1900.624084167878	1
0	5917	1906.534554088951	1
0	5919	1907.041276234781	0
0	5929	1911.785968458976	1
0	5946	1917.607709387548	1
0	5965	1923.18306490476	2
0	5982	1928.116976788381	0
0	5985	1928.949381746349	0
0	5990	1929.058788423191	1
0	5997	1931.853973068294	1
0	6006	1934.493869835741	1
0	6024	1940.028178759848	2
0	6032	1941.754461043163	0
0	6037	1944.182659213311	1
0	6043	1945.563730008665	1
0	6045	1946.038077617296	0
0	6051	1948.072564029133	0
0	6054	1949.002098070339	0
0	6059	1950.821925309252	1
0	6070	1956.477300348224	1
0	6075	1958.402482436733	0
0	6087	1961.864382724974	1
0	6102	1967.450578725196	1
0	6119	1972.931027995653	2
0	6133	1977.228211209291	0
0	6139	1978.508393175898	1
0	6149	1981.437493911592	0
0	6158	1983.814847851636	1
0	6169	1987.59676160931	0
0	6173	1988.625596493831	0
0	6175	1988.972330109564	1
0	6180	1989.713666198773	1
0	6181	1990.694079044157	0
0	6194	1994.748445243107	1
0	6214	2000.181299985152	1
0	6225	2003.631842358269	0
0	6235	2006.076773064209	1
0	6237	2006.319204362107	0
0	6254	2011.727919009978	1
0	6272	2017.324155733453	2
0	6285	2020.70234829618	0
0	6288	2021.314580109436	1
0	6293	2022.542010501491	1
0	6310	2027.366672640083	0
0	6315	2028.539610866688	1
0	6324	2030.532369989435	0
0	6332	2033.114506301702	0
0	6336	2033.6706371624	1
0	6339	2034.91722946288	0
0	6352	2039.407497383652	1
0	6364	2044.759375909226	0
0	6366	2044.955080269833	0
0	6370	2045.117306146303	1
0	6384	2051.071842324685	1
0	6387	2052.128937566536	0
0	6390	2053.331460523882	0
0	6396	2056.337404307674	1
0	6407	2061.937256748087	1
0	6421	2066.665506624964	0
0	6426	2067.472063880411	1
0	6443	2073.448602960442	1
0	6462	2078.849155035798	2
0	6472	2081.556120194841	0
0	6480	2083.489869268374	0
0	6484	2083.961479657792	1
0	6487	2084.986941161096	0
0	6498	2089.069017408412	1
0	6499	2089.115967984541	0
0	6503	2090.592862937013	1
0	6513	2094.975755596297	1
0	6533	2100.731540975157	1
0	6534	2101.107183298673	0
0	6549	2106.29249828192	1
0	6564	2109.859142762604	0
0	6566	2109.971434925681	0
0	6573	2111.317765364187	1
0	6579	2113.889291023597	0
0	6584	2116.022643177998	0
0	6588	2116.622950606045	1
0	6600	2122.179059594168	1
0	6615	2127.358877371528	1
0	6631	2132.301544417275	0
0	6638	2132.880502157609	1
0	6657	2138.187769257461	2
0	6658	2138.40878334711	1
0	6669	2142.679049246243	0
0	6676	2143.543011505387	1
0	6697	2148.674148795192	2
0	6699	2149.386846547363	0
0	6713	2154.142304508711	1
0	6724	2157.313325388587	1
0	6727	2158.44903758913	0
0	6730	2158.8696130797	0
0	6735	2159.899404485241	1
0	6737	2160.35823424486	0
0	6741	2162.020747425614	0
0	6747	2165.603669160275	1
0	6756	2170.86709444923	0
0	6760	2171.156788615739	1
0	6768	2176.037152770438	0
0	6772	2176.517743496453	1
0	6781	2182.015061634589	1
0	6793	2186.244513682667	0
0	6795	2186.724810888405	0
0	6799	2187.656629878558	1
0	6811	2193.256277417993	1
0	6827	2199.070362532507	1
0	6845	2204.282655769023	2
0	6848	2205.198960461187	0
0	6851	2205.342770127807	0
0	6863	2209.884648812464	1
0	6866	2210.822892476566	1
0	6879	2215.231433260249	1
0	6897	2220.902402509464	2
0	6908	2224.130417622737	0
0	6915	2225.941404687235	1
0	6932	2231.020164348412	2
0	6934	2231.143352755573	0
0	6942	2233.949557449428	0
0	6950	2236.183010970702	1
0	6964	2241.710955543903	1
0	6968	2242.591790779138	1
0	6974	2244.57631490635	0
0	6989	2247.610179924633	1
0	7007	2252.979522995412	2
0	7008	2253.378926415573	1
0	7018	2255.48742900823	0
0	7027	2258.410574809526	0
0	7032	2258.558609641617	1
0	7040	2262.479239945292	1
0	7048	2264.250676290359	1
0	7061	2268.28555947134	0
0	7070	2269.847487300163	1
0	7074	2270.960584768671	0
0	7087	2275.605345176061	1
0	7091	2276.803228864322	0
0	7094	2277.506456137164	0
0	7103	2281.187800832087	1
0	7104	2281.604587687987	0
0	7111	2284.970058333238	0
0	7117	2286.688397502055	1
0	7129	2291.713308206055	1
0	7139	2295.141520582832	0
0	7145	2297.190942585928	1
0	7158	2302.093015923391	0
0	7162	2302.603200120147	1
0	7176	2307.634344595711	1
0	7189	2312.337686201319	0
0	7195	2312.968827421538	1
0	7206	2316.551249858919	0
0	7214	2318.075099269621	1
0	7221	2320.445212690386	0
0	7229	2323.516014568269	0
0	7234	2324.029036317713	1
0	7237	2325.584926539326	0
0	7247	2329.886810223799	1
0	7254	2332.671614670305	0
0	7261	2335.35845233872	1
0	7262	2335.633696945029	0
0	7272	2340.860959266657	0
0	7276	2340.916956487805	1
0	7286	2346.458747006016	1
0	7301	2351.784859973466	1
0	7319	2357.758681747358	2
0	7324	2359.56301378528	0
0	7339	2363.615929089946	1
0	7341	2364.092803438888	0
0	7351	2369.043695934693	1
0	7356	2369.597983484616	1
0	7375	2374.625046661118	2
0	7382	2377.104271708169	0
0	7394	2379.812309229974	1
0	7411	2385.472823304817	2
0	7430	2390.572471050307	2
0	7437	2392.614627194814	1
0	7454	2396.349585224403	2
0	7461	2398.364911006759	1
0	7473	2401.485522540514	1
0	7479	2402.109750498546	2
0	7492	2406.096058618157	0
0	7501	2408.082302247168	1
0	7505	2409.573961038487	0
0	7518	2413.341422016726	1
0	7530	2417.629696336563	1
0	7539	2419.20613472489	2
0	7561	2424.417018849862	2
0	7575	2429.174377416953	0
0	7577	2429.614215722068	1
0	7582	2429.931165944779	1
0	7594	2433.327828581557	1
0	7603	2435.563868384802	2
0	7624	2441.193706549931	2
0	7630	2442.678531051836	1
0	7633	2443.158151793403	1
0	7648	2446.303680046223	2
0	7656	2449.21565079374	1
0	7667	2451.363242176589	2
0	7684	2456.597860704171	0
0	7689	2456.72523633786	1
0	7691	2457.182979659166	0
0	7708	2461.977132598166	1
0	7711	2463.11051013937	1
0	7717	2464.2183855914	1
0	7729	2467.094410237851	2
0	7733	2467.848899784145	0
0	7744	2471.326538289544	0
0	7750	2472.852463737591	1
0	7759	2476.694626064266	1
0	7765	2478.05248595308	1
0	7783	2483.268377894298	2
0	7804	2488.650322247059	2
0	7816	2492.471616906224	0
0	7823	2493.687902169763	1
0	7839	2498.908506606468	2
0	7850	2502.278731726221	0
0	7855	2503.177302134336	1
0	7859	2503.924626422809	1
0	7865	2505.835939702689	1
0	7867	2505.872161011324	0
0	7875	2509.626612844523	1
0	7879	2509.651642525797	1
0	7886	2511.479263184703	0
0	7898	2515.352743037972	1
0	7908	2519.129183738954	0
0	7916	2520.70894044125	1
0	7929	2524.892539937278	0
0	7935	2526.021521859798	1
0	7936	2526.165788587178	0
0	7953	2531.600187417581	1
0	7954	2532.210483869765	0
0	7959	2532.838016344115	0
0	7961	2533.770570459073	0
0	7968	2536.996556973313	1
0	7973	2540.174910381665	0
0	7979	2542.84683120227	1
0	7988	2547.93755647237	1
0	7996	2551.215887385416	0
0	7998	2551.400731683238	0
0	8000	2552.432895226866	0
0	8004	2553.119424374304	1
0	8012	2559.032237200062	1
0	8014	2560.184618697498	0
0	8021	2564.761339681684	1
0	8031	2570.04595788917	1
0	8046	2575.585871103215	1
0	8064	2580.662944393228	2
0	8078	2585.75635718833	0
0	8082	2586.062050918927	0
0	8086	2586.226278205398	1
0	8087	2586.470104389935	1
0	8089	2587.039589309709	0
0	8094	2589.595440819505	0
0	8100	2591.265744738742	1
0	8111	2597.134671839182	1
0	8127	2602.831710756286	1
0	8141	2607.250563421166	0
0	8147	2608.515408119648	1
0	8173	2614.321653845483	2
0	8189	2619.589383299226	2
0	8192	2620.448681792007	1
0	8203	2623.599681184623	0
0	8210	2624.799327515062	1
0	8218	2627.655635772619	0
0	8228	2629.811051161956	1
0	8231	2630.903391677533	1
0	8241	2633.61486452899	0
0	8248	2635.389989885731	1
0	8256	2637.424952314116	0
0	8264	2640.337453349141	0
0	8269	2640.433152252106	1
0	8280	2644.682588580409	0
0	8285	2645.639086917738	1
0	8286	2645.964253377398	0
0	8289	2646.838056325325	0
0	8297	2651.486740408695	1
0	8304	2655.584462145574	0
0	8309	2656.669819531959	1
0	8320	2662.258710187624	1
0	8337	2667.601109219945	1
0	8345	2670.050367879679	0
0	8356	2672.994391795245	1
0	8364	2676.00099157984	0
0	8374	2678.818913670952	1
0	8396	2684.801437604005	2
0	8399	2686.268319379185	0
0	8409	2688.965187641438	0
0	8414	2689.941363355142	1
0	8419	2691.682854137962	0
0	8431	2695.798196536952	1
0	8444	2701.102878944713	1
0	8453	2703.908247986805	0
0	8457	2704.986319458691	0
0	8463	2706.749933392505	1
0	8468	2708.997963664119	1
0	8477	2712.140076218868	1
0	8493	2717.004250799651	0
0	8499	2717.741459158711	1
0	8515	2722.831903027833	0
0	8517	2722.943414380539	0
0	8519	2723.252474969716	0
0	8523	2723.462259377815	1
0	8531	2727.637188134828	0
0	8536	2728.963218043322	1
0	8547	2734.061921734825	1
0	8548	2734.310655557081	0
0	8554	2737.011669231226	0
0	8560	2739.37171468767	1
0	8570	2744.68182284664	1
0	8585	2750.082256485705	0
0	8589	2750.38964372384	1
0	8604	2756.051210676083	1
0	8609	2757.304319768326	0
0	8614	2759.125940932422	0
0	8622	2761.567161079958	1
0	8628	2764.294261009778	0
0	8636	2766.99141900567	1
0	8651	2772.758020765145	1
0	8652	2773.235992370517	0
0	8664	2778.353662659876	0
0	8669	2778.483578725249	1
0	8684	2784.001715173476	1
0	8689	2785.718038726828	0
0	8702	2789.013073878127	1
0	8720	2794.319444566496	2
0	8722	2795.563489697872	0
0	8736	2800.247698707968	1
0	8755	2806.20185596484	0
0	8759	2806.212244995866	1
0	8765	2807.769316046728	0
0	8774	2811.368111099694	1
0	8779	2811.564239142925	1
0	8780	2812.206525468846	0
0	8788	2815.234190745391	0
0	8792	2816.533233763762	0
0	8797	2817.211264983748	1
0	8806	2822.454456222008	1
0	8823	2827.833329194688	1
0	8826	2828.546965832005	0
0	8844	2833.804235311222	1
0	8864	2839.602909274629	2
0	8880	2844.023277834751	1
0	8883	2844.591377233036	0
0	8888	2844.671763825227	1
0	8890	2845.635135173444	0
0	8905	2850.332860717547	1
0	8923	2855.483735691986	2
0	8924	2855.729501910854	0
0	8938	2860.474494631516	0
0	8942	2860.889709100357	1
0	8943	2861.15762419125	1
0	8957	2866.405506570355	1
0	8959	2867.186698285161	0
0	8973	2871.481546450636	1
0	8985	2875.437816223939	0
0	8993	2877.173894490345	1
0	9013	2883.151427990288	2
0	9035	2889.127258106364	2
0	9042	2890.303674001477	0
0	9044	2891.003501259833	1
0	9055	2894.561130960468	1
0	9060	2895.50096381595	0
0	9072	2900.486661171071	1
0	9075	2900.622537415471	1
0	9093	2905.585435583485	2
0	9103	2909.573476892776	0
0	9111	2911.046413074476	1
0	9132	2916.60187386977	2
0	9135	2917.369272887586	0
0	9147	2922.136880157042	1
0	9149	2922.556940560457	1
0	9153	2922.569325990039	1
0	9166	2926.444670189285	0
0	9174	2928.26384829124	1
0	9186	2931.538220634209	0
0	9195	2933.664984110971	1
0	9197	2934.194292007242	0
0	9215	2939.232964063059	1
0	9233	2944.452377981035	0
0	9237	2944.66984521667	1
0	9252	2949.295815338261	0
0	9255	2949.98830599908	0
0	9261	2950.597691355734	1
0	9262	2951.134781193099	0
0	9274	2956.374816291961	1
0	9283	2960.318564923126	0
0	9291	2962.224443956739	1
0	9307	2967.971131579014	1
0	9325	2973.08885002322	2
0	9345	2978.526277455032	1
0	9350	2978.716747576599	2
0	9367	2984.210433815601	2
0	9369	2984.359258706792	0
0	9372	2984.89527812786	1
0	9376	2986.610521930266	1
0	9387	2989.850134596456	1
0	9395	2992.257034489995	0
0	9406	2994.970041271992	1
0	9416	2997.826337592091	0
0	9421	2999.47336741164	0
0	9427	3000.188647353085	1
0	9437	3004.562659225072	0
0	9443	3005.358021523798	1
0	9448	3007.095089925214	0
0	9450	3007.258785057342	0
0	9457	3011.069113903208	1
0	9460	3013.44031428778	0
0	9467	3016.349503257074	1
0	9479	3022.071193162347	1
0	9494	3027.591129775387	1
0	9502	3030.004216592988	0
0	9504	3030.241321551957	0
0	9506	3030.633161692061	0
0	9512	3033.480184654468	1
0	9524	3039.18362874514	1
0	9539	3044.570230447217	1
0	9557	3049.738895793907	2
0	9576	3054.930610111678	2
0	9589	3058.161871992046	0
0	9598	3060.180353689935	1
0	9612	3063.73007771221	1
0	9620	3065.461681860262	2
0	9628	3067.491762618764	0
0	9632	3068.311070011459	1
0	9642	3071.08371972688	1
0	9647	3073.22810195223	0
0	9650	3074.334366111313	0
0	9657	3076.582629267122	1
0	9670	3081.64804581529	1
0	9688	3086.868183170673	2
0	9695	3089.306831023071	1
0	9708	3092.035125192948	2
0	9724	3096.651711121779	1
0	9732	3097.611672775815	2
0	9737	3099.713231849131	0
0	9748	3102.728818801692	1
0	9749	3103.09631678054	0
0	9765	3108.55645454721	1
0	9781	3113.682731823641	0
0	9786	3114.139348397957	1
0	9799	3118.1429345255	1
0	9807	3119.330653173843	2
0	9819	3122.315382249534	1
0	9830	3124.355005950428	2
0	9852	3129.788877436885	2
0	9860	3132.527051159525	0
0	9862	3132.62528646807	1
0	9864	3132.762075113474	1
0	9867	3133.133931543094	0
0	9874	3135.305195142974	1
0	9885	3139.529200044343	1
0	9887	3139.820182828692	0
0	9893	3141.249957630637	1
0	9895	3142.759173746678	0
0	9905	3146.265998748357	1
0	9921	3151.875542762915	1
0	9922	3152.068565443152	0
0	9937	3156.902357615291	1
0	9943	3159.140938920547	0
0	9957	3162.786531226936	1
0	9964	3165.835337786114	0
0	9969	3166.910249740576	0
0	9976	3168.141131911653	1
0	9981	3170.256096257356	0
0	9984	3171.662423986354	0
0	9990	3173.411199131974	1
0	9999	3178.474892876803	1
0	10019	3184.328355422237	1
0	10021	3185.602607503176	0
0	10037	3190.101612932275	1
0	10044	3192.415949581417	0
0	10055	3195.216850993915	1
0	10063	3197.39083549787	0
0	10069	3199.267968663356	0
0	10075	3200.470552009756	1
0	10076	3200.967683892459	0
0	10087	3205.96073337178	1
0	10105	3211.888542058405	1
0	10125	3217.072329283219	2
0	10127	3217.450248939212	0
0	10131	3218.322230113779	0
0	10135	3219.527820900773	1
0	10143	3222.130114674561	1
0	10158	3227.955157194512	1
0	10179	3233.047327506814	2
0	10186	3234.496036973076	0
0	10200	3238.169207815073	1
0	10206	3240.710635595596	0
0	10218	3244.108545529183	1
0	10237	3250.095602691865	2
0	10239	3250.454396718873	1
0	10244	3251.626436613377	0
0	10250	3254.310092745342	0
0	10256	3255.320007591501	1
0	10272	3261.025038348038	1
0	10280	3263.744105770479	0
0	10289	3266.445331540882	0
0	10295	3267.009471534744	1
0	10300	3269.057205404378	1
0	10311	3272.13256936473	1
0	10315	3273.439649235913	0
0	10330	3278.023489740904	0
0	10334	3278.09680823492	1
0	10350	3283.753619445713	1
0	10353	3284.57691803143	0
0	10369	3289.144015447462	1
0	10371	3290.160501005001	0
0	10388	3294.689624209182	1
0	10394	3296.189631244045	0
0	10406	3300.528342480065	1
0	10426	3306.144740454146	2
0	10432	3307.225101885844	0
0	10434	3307.503876594353	0
0	10446	3312.105405763482	1
0	10463	3317.997225144637	1
0	10464	3318.026332506552	0
0	10479	3323.313921806627	1
0	10487	3325.721290463108	0
0	10490	3326.837185626027	0
0	10498	3329.201145681777	1
0	10500	3330.106616488416	1
0	10508	3333.060458731363	0
0	10515	3334.613592162254	1
0	10530	3339.65707030356	1
0	10547	3345.28310211002	2
0	10549	3345.857800251446	0
0	10563	3350.743606383206	1
0	10564	3350.76870318222	0
0	10580	3355.881215188179	1
0	10583	3356.760314438601	0
0	10589	3358.765984422519	0
0	10595	3361.107145123288	1
0	10599	3361.57922080368	1
0	10601	3362.983262826444	0
0	10607	3365.777449069538	0
0	10612	3366.671982151682	1
0	10623	3372.457041652633	1
0	10636	3377.666463086607	1
0	10639	3378.462239362409	0
0	10652	3383.513885124579	1
0	10658	3385.057041022105	0
0	10669	3388.555211922379	1
0	10681	3392.203798809082	0
0	10690	3394.248905572334	1
0	10698	3396.903542606152	0
0	10704	3398.957950811709	0
0	10708	3399.730422654181	1
0	10726	3405.30693286447	1
0	10732	3406.527860578023	0
0	10738	3408.280163185079	0
0	10746	3411.23707433114	1
0	10753	3413.663025834241	0
0	10763	3417.176925137864	1
0	10780	3423.115760801119	1
0	10782	3424.141826440689	0
0	10784	3424.312899054486	0
0	10795	3428.955583558875	1
0	10804	3432.035050121826	0
0	10812	3434.429124124107	1
0	10817	3436.438058748833	0
0	10826	3439.913071625159	1
0	10829	3440.865615850306	0
0	10840	3445.01172066805	1
0	10854	3450.076708132392	1
0	10857	3450.916189697213	0
0	10861	3452.408273779663	0
0	10869	3455.242265329454	1
0	10887	3460.875952396998	1
0	10902	3466.052205163163	0
0	10909	3466.823080220017	1
0	10914	3469.268203439996	0
0	10924	3472.232318714251	1
0	10942	3477.535482832453	2
0	10950	3479.815241876981	1
0	10964	3482.791583840026	2
0	10968	3484.111617006586	0
0	10978	3487.411643036049	0
0	10980	3487.845384461214	0
0	10984	3488.00943527812	1
0	10997	3493.816315198306	1
0	11008	3498.554754790955	0
0	11013	3498.92539790062	1
0	11029	3504.147405749641	1
0	11039	3506.502685741048	1
0	11052	3509.627723777888	2
0	11073	3515.358722019929	2
0	11084	3518.898686175341	1
0	11092	3520.554893991898	2
0	11110	3525.605555165547	2
0	11119	3528.116429953363	1
0	11123	3529.190408973593	1
0	11126	3529.63182374368	0
0	11133	3531.067780474189	1
0	11145	3534.870088684944	1
0	11154	3536.15592977613	2
0	11173	3541.547927011724	2
0	11181	3543.70285073585	0
0	11183	3543.737917977842	1
0	11186	3544.960800711986	1
0	11195	3547.055672605743	1
0	11205	3550.359889463513	0
0	11212	3552.148937840701	1
0	11225	3556.237194035308	0
0	11229	3557.439979544131	0
0	11234	3557.716667291463	1
0	11235	3558.13851124175	0
0	11248	3563.241207884146	1
0	11264	3568.756955492996	1
0	11282	3574.257075048272	2
0	11288	3576.379276982148	1
0	11290	3576.649388438194	0
0	11301	3579.369012059398	1
0	11320	3584.654573135531	2
0	11324	3585.385363458063	1
0	11329	3587.023001701444	0
0	11341	3590.202518074295	1
0	11354	3594.139491617201	0
0	11356	3594.33357510866	0
0	11362	3595.56178321595	1
0	11366	3597.349846670856	0
0	11378	3601.195884736242	1
0	11380	3601.511932499811	0
0	11392	3607.115091618138	1
0	11409	3612.901196717738	1
0	11412	3614.309671084385	0
0	11429	3618.777379589376	1
0	11446	3624.149425141967	2
0	11460	3628.50428874324	1
0	11468	3629.802547077171	2
0	11471	3630.448495204896	0
0	11485	3635.290535935189	1
0	11496	3638.444688144709	0
0	11505	3641.028394445067	1
0	11518	3644.724082691814	0
0	11526	3646.763472826674	1
0	11544	3652.275212106982	2
0	11547	3653.203361639626	0
0	11563	3658.205971531559	1
0	11568	3660.2391047686	1
0	11575	3662.079791531771	1
0	11583	3663.31965872947	2
0	11594	3667.288246329278	0
0	11598	3668.391528889992	0
0	11604	3669.035669340974	1
0	11621	3674.564272712905	1
0	11643	3680.474613171293	2
0	11649	3681.381916571398	1
0	11663	3685.309582234699	0
0	11671	3686.189300624177	1
0	11677	3688.595525972766	1
0	11689	3691.238514287619	2
0	11699	3694.189670455514	0
0	11710	3697.182791558782	1
0	11719	3699.494163440066	0
0	11730	3702.565887271649	1
0	11732	3702.762513287703	0
0	11738	3705.090784258432	0
0	11747	3708.053231346643	1
0	11759	3713.019289182252	1
0	11763	3713.675610396767	1
0	11768	3714.695043909702	0
0	11785	3719.345372606989	1
0	11790	3720.858809499758	0
0	11798	3723.756975296176	0
0	11804	3725.101332497073	1
0	11810	3727.757350589254	0
0	11820	3730.310624654393	1
0	11836	3735.818999278114	1
0	11858	3741.615083483035	2
0	11860	3741.977508370518	1
0	11872	3745.378880189719	0
0	11881	3747.23347620106	1
0	11900	3752.687669479741	2
0	11906	3753.505678340431	0
0	11915	3756.916086448113	0
0	11922	3757.722087124815	1
0	11938	3763.335489814622	1
0	11945	3765.234069477639	0
0	11948	3765.508426456349	1
0	11954	3767.312937984463	0
0	11960	3768.889856886804	1
0	11961	3768.896023242139	0
0	11965	3770.851232660106	0
0	11972	3774.109172767248	1
0	11983	3779.900666535237	0
0	11987	3779.971053442672	1
0	11995	3784.341671552031	0
0	12000	3785.516476866078	1
0	12013	3791.03021139138	1
0	12018	3793.559553489542	0
0	12026	3796.782001673697	1
0	12029	3798.026900375948	0
0	12037	3801.057761189632	0
0	12042	3802.523998346167	1
0	12048	3805.179963116173	0
0	12053	3808.053384757355	1
0	12059	3811.18643555137	0
0	12065	3813.72719407546	1
0	12069	3815.758023588324	0
0	12077	3819.236640822828	1
0	12088	3824.574192346526	1
0	12092	3826.20023845845	0
0	12102	3829.92476218076	1
0	12107	3832.368350319435	0
0	12115	3834.996008306961	1
0	12124	3838.669032634339	0
0	12132	3840.57712286593	1
0	12143	3845.861509390976	0
0	12147	3845.939180062372	1
0	12150	3847.264181638473	0
0	12159	3850.999459381202	1
0	12176	3856.17695477231	1
0	12192	3861.820654572555	0
0	12194	3861.867201810803	0
0	12198	3861.934764889754	1
0	12204	3864.567094191197	0
0	12212	3867.789338631542	1
0	12230	3873.331761202296	1
0	12234	3874.570266293695	0
0	12246	3878.704468461672	0
0	12250	3878.70735007919	1
0	12262	3883.791682445198	1
0	12267	3885.286817915958	0
0	12280	3888.830981805442	1
0	12293	3892.928251889754	0
0	12303	3894.400830225773	1
0	12318	3899.218511265225	0
0	12322	3899.830705086687	0
0	12326	3900.264699886307	1
0	12328	3901.614097978907	0
0	12334	3903.602882906432	0
0	12340	3905.789957040442	1
0	12344	3908.467945757774	0
0	12350	3911.782518632464	1
0	12354	3913.719552390264	0
0	12360	3917.197290356258	1
0	12366	3920.837161963094	0
0	12372	3922.812354487354	1
0	12382	3928.746113304734	1
0	12396	3933.899636740317	1
0	12419	3939.665324761053	2
0	12436	3944.994839403532	2
0	12449	3949.08622054405	0
0	12455	3950.948072977699	1
0	12459	3950.974494638606	1
0	12470	3954.13738655181	1
0	12479	3956.450339371325	2
0	12485	3957.603851440583	0
0	12496	3961.48588344011	1
0	12519	3966.862825767589	2
0	12538	3972.091772236615	2
0	12541	3973.307211140856	1
0	12548	3974.660358407869	1
0	12562	3977.389718730455	2
0	12574	3981.075141500667	1
0	12583	3982.447465243038	2
0	12585	3983.312880908823	0
0	12589	3983.743931735039	0
0	12593	3985.966999689799	1
0	12599	3987.923552063514	1
0	12615	3993.870748307078	1
0	12618	3994.392109491731	1
0	12634	3999.116848689492	2
0	12647	4002.811905437603	0
0	12655	4005.049936232378	1
0	12660	4006.417981860908	1
0	12668	4008.810824996315	0
0	12673	4009.864973674975	0
0	12677	4010.33482498721	1
0	12689	4015.383980615053	0
0	12693	4015.687504940422	1
0	12696	4016.505491711768	0
0	12700	4017.73120364033	0
0	12707	4020.841898226866	1
0	12717	4025.906649837259	1
0	12720	4027.339378989406	0
0	12731	4031.860036124231	1
0	12743	4036.105448497565	0
0	12748	4037.645780567301	1
0	12764	4043.240937272075	1
0	12765	4043.499679909193	0
0	12767	4044.100640859209	0
0	12774	4046.906735261424	0
0	12779	4048.272642964253	1
0	12791	4053.459117383918	1
0	12802	4057.658984860395	0
0	12808	4059.278937124636	1
0	12825	4064.809430792451	1
0	12834	4067.218561772245	0
0	12847	4070.547509884451	1
0	12848	4070.682335745417	0
0	12851	4071.485528186301	0
0	12861	4076.531967755629	1
0	12865	4078.42452148021	0
0	12875	4082.241440534814	1
0	12881	4084.229471414806	0
0	12892	4087.487025978499	1
0	12895	4089.309786807386	0
0	12906	4093.003990578688	1
0	12919	4098.481742020454	1
0	12942	4104.312021725801	2
0	12956	4108.063190773237	0
0	12966	4109.774249889645	1
0	12968	4110.038452476603	0
0	12978	4113.65760705037	0
0	12983	4114.785971453636	1
0	12990	4117.453298748577	0
0	12998	4120.239264087043	1
0	13002	4121.622066976842	0
0	13010	4124.738535793836	1
0	13014	4126.144970274986	1
0	13024	4130.57907764694	0
0	13030	4131.8044658685	1
0	13039	4135.937135415141	0
0	13041	4135.963686486113	0
0	13046	4136.887934659597	1
0	13056	4142.242992780161	1
0	13069	4147.712434775651	1
0	13083	4152.780040455853	0
0	13087	4153.174955185027	0
0	13091	4153.337126255956	1
0	13107	4159.112524437707	1
0	13108	4159.139086680245	0
0	13125	4164.899363932189	1
0	13132	4167.480219697452	0
0	13141	4170.2214770459	0
0	13146	4170.887735400804	1
0	13160	4175.936626027793	1
0	13181	4181.100846111996	2
0	13185	4182.323330740551	1
0	13200	4186.509125828965	2
0	13206	4187.829325084449	0
0	13210	4189.086915689627	0
0	13213	4189.540178409303	1
0	13216	4190.574980206776	0
0	13221	4192.146201129526	1
0	13231	4197.501392680675	1
0	13249	4203.500570845314	1
0	13268	4208.871540821147	2
0	13269	4208.945267607099	1
0	13282	4212.529706227118	0
0	13290	4213.872486082594	1
0	13297	4215.869371506493	0
0	13305	4218.285834134895	0
0	13311	4219.338840232221	1
0	13312	4219.77399965037	0
0	13325	4224.625385012468	1
0	13338	4229.873280490972	1
0	13360	4235.400835471218	2
0	13381	4240.770366285219	2
0	13387	4242.703606390967	0
0	13395	4244.563329058457	1
0	13402	4246.016461284588	1
0	13404	4247.152122386255	0
0	13406	4247.259051169026	1
0	13421	4251.359796494235	1
0	13437	4256.688968225255	0
0	13442	4256.937914217113	1
0	13453	4260.169771984094	0
0	13461	4262.148813800643	1
0	13467	4264.041299160443	0
0	13474	4266.885585121101	0
0	13479	4267.421206091986	1
0	13480	4267.494344457159	0
0	13488	4272.218350209051	0
0	13490	4272.384428017762	0
0	13494	4272.496953265033	1
0	13500	4277.609274070933	1
0	13505	4279.961522855552	0
0	13513	4283.544608449088	1
0	13526	4289.49982380284	1
0	13542	4294.635785731245	1
0	13549	4297.150060346691	0
0	13561	4300.175030639619	1
0	13570	4303.156700519485	0
0	13573	4303.660750229718	0
0	13580	4305.705798540721	1
0	13588	4309.4121914209	0
0	13595	4311.122363824621	1
0	13596	4311.463013942346	0
0	13607	4316.642558476878	1
0	13621	4321.284844737491	0
0	13626	4322.290471276957	1
0	13640	4327.461588551513	1
0	13658	4332.874188384264	2
0	13661	4333.553368371784	0
0	13672	4337.049997303743	1
0	13674	4337.611387324045	0
0	13680	4338.0467516533	1
0	13695	4343.743274250291	1
0	13702	4345.611339576067	0
0	13713	4349.000720325848	1
0	13724	4352.974056178924	0
0	13727	4354.058013210413	0
0	13731	4354.1034052011	1
0	13739	4356.734443683982	0
0	13747	4359.232897289554	1
0	13763	4364.399751301846	1
0	13778	4369.562658595144	0
0	13782	4370.272442488457	1
0	13786	4371.450527250293	0
0	13789	4371.809762849699	0
0	13799	4375.590954916543	1
0	13814	4380.865704847957	1
0	13834	4386.549935712703	2
0	13841	4388.626336318199	0
0	13846	4390.244257931124	0
0	13852	4391.676127272649	1
0	13853	4392.183286697596	0
0	13860	4395.779803448813	0
0	13865	4397.529297884312	1
0	13869	4399.517664075005	1
0	13877	4402.702222022918	1
0	13893	4408.020784157087	1
0	13909	4412.804751933428	0
0	13915	4413.939265782471	1
0	13936	4419.598951699437	2
0	13938	4420.223572177688	0
0	13951	4423.895510266296	1
0	13957	4424.786904974833	1
0	13962	4426.402877698062	0
0	13973	4430.267913654322	0
0	13978	4430.68834076984	1
0	13985	4433.62816259113	0
0	13992	4435.736242054488	1
0	14007	4440.515449009478	0
0	14011	4440.812387674108	1
0	14020	4443.411167519509	0
0	14028	4446.788542560294	1
0	14045	4452.752916723016	1
0	14061	4457.422216488041	0
0	14066	4458.04584229434	1
0	14086	4463.526946092947	2
0	14098	4467.365406154879	0
0	14100	4467.699228276607	0
0	14102	4468.252379757113	1
0	14108	4469.213642993467	1
0	14113	4472.051226968871	0
0	14120	4474.081766821784	0
0	14124	4474.260809634337	1
0	14130	4477.94385379692	0
0	14135	4480.066237788405	1
0	14147	4485.267753445534	1
0	14164	4490.356554207383	1
0	14181	4495.535008927447	0
0	14185	4495.623614909817	1
0	14206	4501.207152431822	2
0	14218	4504.748242156806	0
0	14223	4506.258286834688	0
0	14227	4506.701028948874	1
0	14232	4508.301599131654	0
0	14238	4511.753451648044	1
0	14242	4512.123197551575	1
0	14257	4517.410290058926	1
0	14274	4522.70872128102	2
0	14296	4528.663709891485	2
0	14305	4531.883110153247	0
0	14309	4533.184031835166	1
0	14315	4534.415668512918	1
0	14322	4537.207668894542	0
0	14330	4539.347437952752	1
0	14334	4540.02291925041	1
0	14348	4543.847129708263	0
0	14356	4545.283748127744	1
0	14369	4548.790283434666	0
0	14375	4550.31311343167	1
0	14381	4552.371791356349	0
0	14389	4554.502404004328	0
0	14396	4555.69454549741	1
0	14410	4560.94735574279	1
0	14418	4563.284827633987	0
0	14422	4564.206282341378	0
0	14430	4566.723236798067	1
0	14431	4567.741126016937	0
0	14438	4569.654229317666	0
0	14444	4571.725954660904	1
0	14455	4577.350217981255	1
0	14471	4583.349963493171	1
0	14494	4589.243955903678	2
0	14514	4594.971423839676	2
0	14516	4595.082982924295	1
0	14526	4597.632973155929	1
0	14538	4600.374050529432	2
0	14541	4600.856264796916	0
0	14557	4605.609070271478	1
0	14558	4605.684986169675	0
0	14570	4609.845190466489	0
0	14576	4611.066167269592	1
0	14578	4612.066375476066	0
0	14589	4616.662697114973	1
0	14597	4619.770899692893	1
0	14599	4620.988049216327	0
0	14607	4622.458353911285	1
0	14616	4626.266717056967	0
0	14618	4626.374144610242	0
0	14622	4627.634256277225	1
0	14634	4633.484235924427	1
0	14650	4639.453011661526	1
0	14658	4641.556762757472	0
0	14669	4645.334297707062	1
0	14684	4649.493342553722	0
0	14686	4649.585329328886	0
0	14692	4651.326254301462	1
0	14707	4656.459695236748	1
0	14709	4656.953810178197	0
0	14720	4660.871579160673	0
0	14727	4662.215767601961	1
0	14743	4667.715619438551	1
0	14745	4668.326766378818	0
0	14759	4673.439993604077	1
0	14763	4674.46012519008	0
0	14772	4677.700355590195	0
0	14777	4678.581204100968	1
0	14791	4683.981182520035	1
0	14813	4689.936375414244	2
0	14829	4695.063683458013	0
0	14833	4695.706307790232	1
0	14836	4695.930394506888	0
0	14845	4699.92923657956	0
0	14847	4700.625035059743	1
0	14852	4700.849477787492	1
0	14855	4702.313011683397	0
0	14864	4706.043654360798	1
0	14880	4711.638189514157	1
0	14892	4715.588450625647	0
0	14897	4716.986937521715	0
0	14901	4717.391802340502	1
0	14906	4719.030840219222	0
0	14915	4722.840232363891	1
0	14929	4728.434026319057	1
0	14947	4733.656674653514	2
0	14963	4738.415596804221	0
0	14967	4739.414840137343	1
0	14976	4742.562403339415	0
0	14981	4743.941207361048	0
0	14985	4744.415340502736	1
0	14991	4746.313711468819	0
0	14999	4749.967590082426	1
0	15000	4750.347966558872	1
0	15015	4755.214515381715	1
0	15035	4760.584350425041	2
0	15045	4763.423196952198	0
0	15056	4765.970562727413	1
0	15069	4770.772081591295	0
0	15074	4771.050480905677	1
0	15076	4771.625563178434	0
0	15082	4772.862179762325	0
0	15092	4776.979831445719	1
0	15093	4777.582837651241	0
0	15105	4782.601881939907	1
0	15106	4782.648923704392	1
0	15121	4787.613883573318	1
0	15138	4793.09218564384	0
0	15142	4793.186054242764	1
0	15162	4798.273806782894	2
0	15166	4799.474276067445	0
0	15178	4803.746817661907	1
0	15182	4804.12452922155	1
0	15201	4809.175550781878	2
0	15223	4814.456561302755	2
0	15225	4814.964509111934	1
0	15232	4816.385033039248	0
0	15242	4819.555468045164	1
0	15245	4820.245617025521	0
0	15262	4825.475077613944	1
0	15282	4831.413216199249	2
0	15287	4832.448297897698	1
0	15293	4834.18720092402	0
0	15303	4836.948969317356	1
0	15310	4839.418360618754	0
0	15321	4842.575275403203	1
0	15331	4845.833048661229	1
0	15340	4847.754208813875	2
0	15352	4851.621571923479	0
0	15356	4852.3263158464	0
0	15361	4852.775203673623	1
0	15362	4853.65744893042	1
0	15365	4854.59444385114	0
0	15375	4858.72041719103	1
0	15389	4863.753339180944	1
0	15411	4869.422945241199	2
0	15413	4869.917575479704	0
0	15423	4873.875278402456	1
0	15430	4875.04834439418	1
0	15441	4878.712444956983	0
0	15451	4880.721345976216	1
0	15460	4883.863401929253	0
0	15466	4885.664803148932	0
0	15470	4886.385399262875	1
0	15480	4889.558404945291	0
0	15488	4891.870069423446	1
0	15504	4897.399464542267	1
0	15511	4899.693671551871	0
0	15518	4901.55468493012	0
0	15524	4903.163961868488	1
0	15532	4906.49976224521	0
0	15539	4908.23418065462	1
0	15553	4913.273584929981	1
0	15573	4919.023297869821	2
0	15580	4921.171592433576	1
0	15584	4922.087350108301	0
0	15595	4924.787982564873	1
0	15611	4929.342670678963	0
0	15617	4930.783881089871	1
0	15632	4935.828286960361	0
0	15636	4935.940043410274	1
0	15651	4940.095268802355	0
0	15659	4941.862081327463	1
0	15662	4942.65875584596	0
0	15665	4942.795736936142	0
0	15676	4947.449306932265	1
0	15678	4948.31670903658	0
0	15680	4948.657558931374	0
0	15688	4953.123741774341	1
0	15694	4956.499206812107	0
0	15699	4959.009555033628	1
0	15707	4963.628575126744	0
0	15711	4964.673696707688	1
0	15723	4970.451403966626	1
0	15725	4970.693990832414	0
0	15737	4976.445393350661	1
0	15752	4981.50223335669	1
0	15760	4984.032577761204	0
0	15773	4986.843258507537	1
0	15786	4991.003966093864	0
0	15793	4992.057184946245	1
0	15798	4993.837686761967	0
0	15812	4997.326254468166	1
0	15820	5000.529129462656	0
0	15831	5003.310210435872	1
0	15853	5009.150071227445	2
0	15855	5009.639577151147	1
0	15859	5010.672211519311	0
0	15873	5014.827812205056	1
0	15876	5015.109408670673	0
0	15891	5020.051313367892	1
0	15913	5025.893265684588	2
0	15919	5027.508104197087	1
0	15934	5030.969708292034	2
0	15940	5033.277967700722	0
0	15952	5036.41695549268	1
0	15964	5039.276379419359	0
0	15968	5040.59970739797	1
0	15975	5042.137174257997	1
0	15980	5043.367141352255	0
0	15994	5047.973832867097	1
0	15996	5048.445373687067	0
0	16012	5053.254756593833	1
0	16031	5058.811255034048	2
0	16052	5064.37318764719	2
0	16067	5068.315065891119	1
0	16075	5069.498218176642	2
0	16082	5072.063969944591	1
0	16094	5074.789583267865	2
0	16096	5075.423981617191	1
0	16102	5077.451169261929	1
0	16113	5079.897771974548	2
0	16124	5083.431694092916	0
0	16131	5085.211436983186	1
0	16138	5086.807924512414	0
0	16141	5087.74989944602	1
0	16152	5091.090419428644	1
0	16155	5092.391194673126	0
0	16167	5096.289208245917	1
0	16178	5100.12912067409	0
0	16185	5101.44139858497	1
0	16191	5103.051635783503	0
0	16197	5105.521100382774	0
0	16203	5106.463741036818	1
0	16220	5112.101901736331	1
0	16242	5117.400179871113	2
0	16262	5122.623200034012	2
0	16263	5122.758268031165	1
0	16283	5127.813045808335	2
0	16289	5129.64966961321	0
0	16294	5130.596072401838	0
0	16302	5132.867122680403	1
0	16305	5134.126180981973	0
0	16314	5138.089806065185	1
0	16319	5139.221828679076	1
0	16328	5142.552969777483	1
0	16335	5143.804671286827	1
0	16354	5148.822567939514	2
0	16376	5154.780837999412	2
0	16386	5157.654862195939	1
0	16388	5157.9884332359	1
0	16398	5160.270954838011	2
0	16418	5165.754132101301	2
0	16426	5167.971976462973	0
0	16439	5171.723491223285	1
0	16449	5174.537449963034	0
0	16459	5177.168710889516	1
0	16478	5182.818732094707	2
0	16480	5183.163328967165	1
0	16502	5188.456588033343	2
0	16504	5188.892182822442	1
0	16512	5190.844545704304	1
0	16520	5193.042060588589	0
0	16525	5193.779131432053	1
0	16547	5199.224481276691	2
0	16558	5202.848087942452	1
0	16567	5205.031249074141	1
0	16571	5205.184145295516	2
0	16590	5210.704351613753	2
0	16591	5210.848143821918	1
0	16593	5210.942600259663	0
0	16602	5214.351271370767	0
0	16610	5216.542159739173	1
0	16622	5221.584040329083	1
0	16642	5226.616340410653	2
0	16646	5228.018385370831	1
0	16650	5228.803044944059	0
0	16655	5230.554639268075	0
0	16657	5230.912237976669	1
0	16664	5232.451224512178	1
0	16681	5238.308258586786	1
0	16699	5243.860461976835	2
0	16700	5244.32437215197	0
0	16720	5249.811919487304	1
0	16734	5255.007798130614	0
0	16740	5255.458085633571	1
0	16746	5257.068509495574	0
0	16749	5257.611498229311	0
0	16757	5260.767117527536	1
0	16763	5263.452346061815	1
0	16772	5266.103142278259	1
0	16782	5269.51027804193	0
0	16791	5271.603278425279	1
0	16809	5276.780040739327	2
0	16819	5279.661299640302	0
0	16828	5282.572471308279	1
0	16829	5282.971940183419	0
0	16846	5288.176040676412	1
0	16847	5288.276003100903	1
0	16861	5292.089064946039	0
0	16868	5293.299916533277	1
0	16882	5296.816555341462	0
0	16890	5298.604092775135	1
0	16893	5299.579980307364	0
0	16904	5303.062957170176	0
0	16907	5304.207390105458	0
0	16911	5304.450311399287	1
0	16921	5310.171277177742	1
0	16936	5315.493451551756	1
0	16946	5319.333146742537	0
0	16954	5320.556812548068	1
0	16971	5325.698366895773	2
0	16986	5328.849220580295	0
0	16994	5330.947730886041	1
0	17004	5334.298139037088	0
0	17006	5335.097981834192	0
0	17014	5336.503831786792	1
0	17026	5341.572573383096	1
0	17037	5344.535177910458	0
0	17048	5347.160124602951	1
0	17049	5347.314145016241	0
0	17062	5352.219494872834	1
0	17067	5352.704036293309	1
0	17082	5357.558779062693	0
0	17086	5357.832767359437	1
0	17091	5358.768716373705	0
0	17108	5363.782618242306	1
0	17112	5365.081780446335	0
0	17120	5367.633119662984	0
0	17123	5368.746568387597	0
0	17128	5369.185967501476	1
0	17140	5374.891072736345	1
0	17149	5378.439992442136	0
0	17155	5380.698144172076	1
0	17168	5385.567496312772	0
0	17172	5385.827265241174	1
0	17177	5388.43960676539	0
0	17186	5390.864803945636	1
0	17203	5396.247674902891	1
0	17206	5397.455977280731	0
0	17211	5399.190991247063	0
0	17219	5402.180369268627	1
0	17227	5406.040864626983	0
0	17233	5407.801440027765	1
0	17239	5410.3019599663	0
0	17244	5411.255322425849	0
0	17249	5413.766412002723	1
0	17255	5417.276275236033	0
0	17257	5417.557311510307	0
0	17261	5419.169584526205	1
0	17268	5424.993547843992	1
0	17277	5430.509927983386	1
0	17291	5436.180437126187	1
0	17292	5436.389857655149	0
0	17309	5441.630317635359	1
0	17313	5442.819373293421	0
0	17327	5446.780776982186	1
0	17336	5449.67927439696	0
0	17339	5450.178674901592	0
0	17346	5452.279115382805	1
0	17360	5457.767604983285	0
0	17364	5458.201876926925	1
0	17374	5461.9536427732	0
0	17383	5464.076553428303	1
0	17389	5466.960998223037	0
0	17396	5469.294545529633	1
0	17412	5474.826071064443	1
0	17429	5480.030215700146	2
0	17432	5480.696532492166	0
0	17448	5485.636389270414	1
0	17455	5487.943953409899	0
0	17460	5489.065492808342	1
0	17469	5491.32833475991	1
0	17488	5496.943804575352	2
0	17498	5499.716021967226	1
0	17514	5504.121198471276	0
0	17517	5504.455194511324	0
0	17521	5506.374464067385	0
0	17529	5514.499147853802	0
1	10	9.325864078245	4.024990750943
1	37	23.765396480099	13.277577340486
1	40	24.908297102084	2.975022849743
1	44	26.54249491857	10.313602619223
1	84	44.860416568352	16.934683087283
1	112	54.43938388105	15.768600907758
1	145	63.390297966312	30.13317953446
1	171	71.842560811317	27.21239194658
1	180	73.474293755017	23.832539347115
1	222	84.980433046234	24.164806727667
1	235	88.004165981784	32.50284761249
1	245	90.202855847078	18.154663417255
1	280	100.601976174047	11.29478418373
1	283	101.627945325919	34.843034922726
1	297	106.179829496194	11.648284905824
1	310	109.942159701951	32.091103659357
1	322	113.677650023714	13.23689937498
1	331	116.600327646126	10.498463759896
1	337	117.432228205142	33.838754672205
1	342	120.056530917763	3.290410548682
1	355	125.843167196843	14.632655678666
1	406	143.332835212349	16.180416758637
1	408	144.012020108522	6.53789037466
1	424	149.663755676593	1.652641937486
1	430	151.809331243742	29.916083710152
1	453	158.617928980385	15.686218709453
1	458	159.812079087132	6.697465257253
1	461	161.1894567291	28.907782397813
1	489	172.979778290378	3.313470378868
1	520	183.10580346547	19.408179129473
1	535	186.018735875956	10.449704212018
1	538	186.633202875266	5.930135889211
1	540	186.89586287702	28.577964289696
1	565	199.178991247783	8.087048734421
1	574	202.424734201749	5.943577695406
1	622	217.783309385882	32.040190796603
1	642	223.635793595342	11.379750739317
1	660	227.249359457869	25.750751568353
1	692	235.499814053763	28.395436035002
1	702	239.058794324984	20.926005662418
1	735	246.655432535568	17.530265703099
1	743	249.309622144792	9.339082653169
1	753	251.905975739472	27.922208519653
1	787	262.971152043785	28.19981178979
1	790	263.451695111348	13.405926639681
1	825	272.786680233781	12.486166306423
1	858	282.414963428396	27.226315871114
1	870	285.155498315464	40.180805064855
1	880	288.252970303291	10.56308714149
1	898	293.216959982761	26.93842393451
1	900	293.340927585958	10.023554698564
1	911	296.456860075237	2.194300343282
1	931	304.616636178803	5.002809052704
1	946	310.01718465681	21.036334730219
1	948	310.447960284306	38.566207215657
1	959	314.729233193676	9.228956123116
1	972	321.083952107698	4.425568727544
1	980	324.097703864562	12.679287645033
1	1006	335.209494062116	12.807719719248
1	1032	343.93948225118	10.787449135212
1	1042	347.23171258089	8.987651080359
1	1044	347.732678643425	19.963290464365
1	1075	360.671591683874	16.559980628665
1	1102	369.872784036676	4.018807312008
1	1119	373.952803486374	18.49300258269
1	1140	379.832687118321	30.223527230088
1	1152	382.56124500127	22.08116150403
1	1178	390.757344477344	19.875192412176
1	1207	398.140340231124	16.723256423137
1	1214	398.513781653832	11.679751366027
1	1236	405.425902266171	6.952349315049
1	1241	407.373537771753	31.033162461711
1	1265	414.807896734563	22.298398452927
1	1307	426.863078918656	6.414508045303
1	1312	428.580228346516	25.092447468896
1	1331	435.858926613928	21.230481174424
1	1348	442.078568644126	32.592580752685
1	1361	445.175108424851	8.334046457661
1	1376	449.098029494398	18.015866156549
1	1406	457.925773103143	32.40975178674
1	1408	458.082029798181	10.140933376852
1	1421	462.77272880927	9.158976032282
1	1437	467.839018007272	25.193576972233
1	1449	472.336303315707	12.852932344308
1	1462	476.82665634842	11.839847730123
1	1492	488.261589284753	6.445640474326
1	1516	495.724226147516	8.287178654805
1	1532	500.73776541918	29.826877041371
1	1537	501.552440647618	25.301181767952
1	1565	510.691886876823	17.574621650505
1	1567	510.78657991695	7.082698039943
1	1602	522.754067241445	24.538558051688
1	1616	526.39245605166	12.031052068575
1	1640	534.315992071873	14.190232473541
1	1665	541.671342821442	32.38796456589
1	1676	544.022991644218	12.746363291052
1	1682	546.162853572749	3.735864984803
1	1701	552.051358106194	14.920520616345
1	1703	552.501065160263	4.51770429092
1	1710	554.909302550017	28.821064115152
1	1745	569.176910906214	15.958143498865
1	1752	571.288442473626	12.589155107505
1	1801	586.671728420186	22.516504017752
1	1818	591.237540999427	22.068112832029
1	1825	593.018576327827	2.434575563646
1	1839	599.219438714091	24.535078833462
1	1842	600.035691645461	14.460012254771
1	1855	605.185634811524	3.821242980309
1	1862	606.510281517752	26.584322103649
1	1876	612.426175625877	16.318782306159
1	1883	615.792954782373	4.227395553258
1	1922	630.309544149087	23.800756557844
1	1928	632.068576143938	9.527775957365
1	1939	635.747283274541	2.86459535989
1	1945	638.746226028189	21.795993410166
1	1952	640.815340167611	13.066806139891
1	1976	651.844626767444	7.501835313043
1	2002	662.009414445025	23.174196595441
1	2010	664.77042171231	3.641636325395
1	2025	669.980324819336	14.760274710251
1	2028	671.052981228335	20.891140966676
1	2050	681.040987766114	14.339934094575
1	2060	684.347914664658	11.859401584487
1	2090	694.713004511082	16.360765540738
1	2097	697.223194092979	2.685705479235
1	2108	701.272628832726	12.072106515407
1	2129	709.196044551443	25.251329421765
1	2141	713.092267647853	13.548333415995
1	2159	720.857290774584	15.561751553555
1	2172	725.578487269232	9.548280555638
1	2193	732.521418484395	5.320023473585
1	2199	733.471916462879	12.07127866603
1	2201	733.773598564556	22.766415168297
1	2222	743.929309505856	11.288775404568
1	2242	752.60732324596	2.958740411908
1	2247	754.660026474508	10.738668387873
1	2285	768.089023529903	7.611185688876
1	2289	768.895122067655	30.256158515695
1	2328	781.561503631179	26.451684528379
1	2333	782.454073635861	16.661200780654
1	2360	790.780637826422	19.103131847108
1	2376	796.003752840799	19.269263911643
1	2389	799.262413794174	12.023133105598
1	2414	807.730661933544	14.576097217623
1	2419	810.041519335238	28.161790071754
1	2438	815.05975756154	16.048842445134
1	2444	816.573140255641	6.511212029727
1	2448	817.799745252123	1.942830227548
1	2459	824.889380730105	20.416243932791
1	2504	842.742100439849	4.792912825825
1	2519	846.688259630581	25.230280027143
1	2538	851.693603377673	8.441722834599
1	2556	856.525295658386	29.553525403025
1	2580	863.589640123302	31.183847999664
1	2582	863.829735210746	15.368963522718
1	2597	868.626396945911	3.45248869434
1	2608	872.512290271815	1.513746989542
1	2610	872.943495470099	12.784190031001
1	2641	886.103538185477	9.643602580416
1	2645	887.347353550024	33.129891312099
1	2702	907.275198022021	13.803977816715
1	2717	911.756811126021	24.245673869156
1	2720	912.162036886906	12.780176753412
1	2724	912.669775762131	30.861824351364
1	2734	916.020711389138	5.563504251185
1	2741	918.85371595342	14.129827058643
1	2767	930.567703930778	14.638424957519
1	2804	942.605700464688	9.40646410617
1	2818	946.89167091239	8.141639859998
1	2824	949.027187329021	27.341216814472
1	2852	958.413994865378	30.880186976283
1	2894	971.275883170194	26.685516539144
1	2896	971.735573392714	15.892687185319
1	2899	971.967398078768	21.748926241303
1	2986	997.381579881072	36.015589625576
1	2989	997.82748612343	30.892891345084
1	3002	1000.338235232047	27.797831385161
1	3013	1003.102961857225	8.309004279438
1	3019	1005.006609963376	21.083372106431
1	3030	1008.078781844119	29.5467152067
1	3076	1021.757682288654	21.726669666246
1	3098	1027.210459035936	37.67452158278
1	3138	1038.247766714429	26.457075900283
1	3146	1039.295925864601	11.058202280779
1	3148	1039.920575822237	34.065207381032
1	3178	1048.620020139385	31.517052044979
1	3185	1050.078934651688	27.50266711519
1	3233	1062.824377221172	23.831187736127
1	3254	1068.839331868339	35.445015731036
1	3270	1073.055385018471	23.477411993318
1	3278	1074.739477257246	30.37066052179
1	3285	1076.716550134822	16.398206757382
1	3295	1078.720674883574	1.61943654716
1	3315	1083.99290509417	18.039062445399
1	3338	1091.725654164684	36.833518779492
1	3344	1093.255209273892	22.003145162948
1	3392	1106.099856981658	12.054987980169
1	3400	1107.778455254622	24.94673161651
1	3406	1109.61510068993	21.323680584318
1	3417	1113.109584904856	2.645527301006
1	3426	1116.206532271578	11.024895818438
1	3428	1116.406744914596	16.792135167868
1	3433	1120.735042618237	4.609930693521
1	3497	1145.635118237579	18.620265013655
1	3499	1146.035861479232	13.095545702962
1	3524	1155.744143863787	33.94144347857
1	3560	1165.357954429461	9.968575603795
1	3576	1169.419232781974	31.262452547205
1	3615	1180.512933705349	36.412368258577
1	3621	1181.99679576524	32.243027306745
1	3666	1194.126917367916	28.083233446
1	3704	1203.762617995261	32.0241507038
1	3715	1206.66130965424	46.072065528366
1	3726	1209.278912202571	31.563989592368
1	3744	1213.527039124861	19.096247050212
1	3753	1215.587881169862	10.524802923784
1	3759	1216.776713308526	33.384893082197
1	3802	1227.816979982423	28.136431404622
1	3807	1228.979557241777	13.304686236428
1	3810	1230.415292845805	41.168317514006
1	3836	1238.503430929846	28.349569984127
1	3856	1244.294107865423	7.313441766775
1	3861	1245.649539893259	19.456511996687
1	3882	1253.082797166074	21.802938263048
1	3910	1261.68023725983	13.599974081037
1	3921	1265.225256467469	5.981754286681
1	3927	1266.949263103537	2.053905059118
1	3932	1269.322527159815	48.506168455697
1	3942	1272.354170959205	30.273299896389
1	3955	1276.640751202122	22.89700140478
1	3999	1291.572934872586	10.648936030572
1	4010	1294.205614674254	23.966505524355
1	4049	1304.775294241725	18.277313439873
1	4063	1308.979224059847	11.461550247508
1	4068	1310.487179266405	35.155195870089
1	4090	1318.016727859271	15.200942315047
1	4107	1322.784344493058	30.85940140893
1	4127	1328.623115152698	19.887806265729
1	4133	1330.438193440203	9.841789884261
1	4142	1332.375368404316	6.6068995971
1	4144	1333.035680361555	2.043535071192
1	4152	1338.16058023355	23.507218278593
1	4203	1357.831849786568	10.439013280325
1	4230	1364.475256636269	28.047524621243
1	4241	1367.007668696924	24.946016662871
1	4252	1369.992928577584	11.013985354919
1	4256	1371.001816786591	17.652826026549
1	4261	1372.929612132833	8.900842369184
1	4272	1378.324309704589	3.647635976784
1	4322	1396.365185326195	5.392752634128
1	4329	1398.657512117058	13.293362254859
1	4334	1400.851337679891	31.726606947137
1	4345	1405.218507681036	25.2987969215
1	4356	1407.987741080576	1.262888896978
1	4372	1415.429515974591	19.099038575308
1	4377	1417.550755456786	16.193140757969
1	4383	1418.963644813045	6.850158544956
1	4438	1440.107670063965	22.113322108635
1	4454	1443.279778476917	20.059854185324
1	4459	1444.828822456994	10.321522860553
1	4461	1444.89272111945	4.430477268179
1	4480	1452.779303378657	23.960873277394
1	4493	1457.776892494175	5.930264472729
1	4498	1460.119892777756	3.228086848394
1	4513	1467.959640718295	5.137885856907
1	4527	1473.991052197871	28.110834256862
1	4571	1490.081598363931	5.155059401761
1	4591	1494.48860858427	26.33817726909
1	4600	1496.574951633693	22.431406814722
1	4607	1498.760819848275	8.471185184666
1	4611	1500.253999529174	20.78496981296
1	4664	1518.897041811955	11.945513475804
1	4667	1519.230438348718	7.159575499711
1	4670	1520.244725312335	18.960827693575
1	4689	1527.547205683423	31.564255766454
1	4726	1538.995980953329	21.686239321483
1	4742	1543.252677346693	14.690170667716
1	4776	1551.940442430201	28.86200016213
1	4796	1558.488653924662	24.144482535892
1	4835	1569.77989291935	30.322377150181
1	4844	1572.322279505314	27.034616147752
1	4864	1577.69064137572	15.836115625919
1	4877	1581.071339537621	30.439737698764
1	4894	1584.952892655387	28.363994767773
1	4914	1591.018450573086	17.928031125109
1	4940	1597.530549928892	19.17692124087
1	4952	1600.803304524509	16.561726333926
1	4961	1603.293310729438	35.64415102045
1	4963	1603.906838348367	9.270029192095
1	4978	1609.399876810024	2.879205835401
1	4982	1610.598877435546	21.295634383336
1	4994	1617.071129810527	16.459465079941
1	5015	1625.850857578214	2.396517758258
1	5049	1637.283778309817	3.366132571827
1	5055	1638.420532855319	20.290158004152
1	5070	1643.100939369408	30.837588806521
1	5081	1646.65313008369	6.925779543002
1	5083	1646.866390417674	18.211145844426
1	5108	1659.541457761657	14.106003742548
1	5113	1661.432849335481	10.520248651272
1	5132	1668.587600521857	12.082761283848
1	5181	1685.782384531918	17.597095339675
1	5190	1689.828515969446	27.609844510909
1	5221	1698.431238873976	24.947180726217
1	5240	1704.29403595882	19.669264499562
1	5258	1707.959939327554	6.707740338985
1	5274	1712.894333668515	17.066098511218
1	5277	1713.990820558389	35.072398686665
1	5308	1723.930819727944	33.492978893221
1	5325	1727.744636985006	20.88531410508
1	5342	1732.397702818267	13.700192416319
1	5362	1737.730583283932	24.945735785064
1	5390	1745.592534270132	15.191088931167
1	5400	1747.940815325707	23.499694877421
1	5413	1752.180036358301	11.276776424611
1	5440	1760.02321426186	13.454856842874
1	5457	1764.782472432584	29.334947475694
1	5476	1769.965282465444	17.69272451161
1	5498	1777.400590947708	8.633867234574
1	5504	1779.291332933347	21.096820974488
1	5536	1788.480321312202	14.307275424595
1	5550	1792.694152573817	2.474755565403
1	5573	1798.32146807457	35.084963798292
1	5577	1799.492811141997	20.165330845165
1	5601	1807.355997767295	6.132895598189
1	5616	1812.614490598666	27.439501616171
1	5635	1818.369560915389	11.359643422649
1	5644	1820.891351296096	8.851186436136
1	5655	1824.648507255706	28.540904754423
1	5693	1838.455484214002	8.868498628261
1	5715	1844.406897554868	26.423619864509
1	5745	1852.004772563575	28.258050808565
1	5758	1856.044654913593	9.985943037202
1	5772	1859.279459314764	8.148157927554
1	5794	1865.889615127465	30.381189561334
1	5815	1872.075561989329	31.327833571938
1	5858	1883.563090498791	21.27326598461
1	5861	1884.09536431648	16.296606989927
1	5871	1886.244889785183	29.932164992555
1	5874	1886.659136354922	13.689722262558
1	5878	1888.040847238266	3.537463502143
1	5886	1890.842111626872	12.259117032171
1	5901	1900.182613215057	5.322757392307
1	5919	1907.041276234781	17.272092245636
1	5982	1928.116976788381	16.331008329405
1	5985	1928.949381746349	22.414827657398
1	5997	1931.853973068294	31.229888900416
1	6032	1941.754461043163	7.260591207422
1	6037	1944.182659213311	20.999594308551
1	6045	1946.038077617296	28.430368229748
1	6051	1948.072564029133	19.013775605942
1	6054	1949.002098070339	3.438368061674
1	6075	1958.402482436733	18.374303676885
1	6133	1977.228211209291	26.406285900039
1	6149	1981.437493911592	24.960193563368
1	6169	1987.59676160931	9.088368433412
1	6173	1988.625596493831	21.175017768635
1	6175	1988.972330109564	27.10794738459
1	6181	1990.694079044157	17.763051048504
1	6225	2003.631842358269	13.918176159496
1	6237	2006.319204362107	22.504356510471
1	6285	2020.70234829618	8.974429286202
1	6288	2021.314580109436	26.566134866329
1	6310	2027.366672640083	21.289899575874
1	6324	2030.532369989435	30.351070004283
1	6332	2033.114506301702	4.574895435014
1	6339	2034.91722946288	17.593073729427
1	6364	2044.759375909226	11.088738746826
1	6366	2044.955080269833	5.547582886181
1	6387	2052.128937566536	29.586927065045
1	6390	2053.331460523882	2.259618199197
1	6421	2066.665506624964	21.548200478661
1	6472	2081.556120194841	25.218715887167
1	6480	2083.489869268374	10.041266307932
1	6487	2084.986941161096	23.049684413009
1	6499	2089.115967984541	5.154488326749
1	6503	2090.592862937013	23.120799056602
1	6534	2101.107183298673	22.258028262875
1	6564	2109.859142762604	3.566644480684
1	6566	2109.971434925681	20.902417517269
1	6579	2113.889291023597	18.9135354273
1	6584	2116.022643177998	15.291102202841
1	6631	2132.301544417275	4.942667045747
1	6658	2138.40878334711	27.091017982923
1	6669	2142.679049246243	26.056098640198
1	6699	2149.386846547363	27.207786953195
1	6724	2157.313325388587	19.125556131126
1	6727	2158.44903758913	9.774888793938
1	6730	2158.8696130797	4.727308570989
1	6737	2160.35823424486	16.815222739473
1	6741	2162.020747425614	29.140245268005
1	6756	2170.86709444923	10.967689963989
1	6768	2176.037152770438	10.433483610163
1	6793	2186.244513682667	9.726770186214
1	6795	2186.724810888405	15.568022272666
1	6848	2205.198960461187	23.183898826598
1	6851	2205.342770127807	6.2724075953
1	6866	2210.822892476566	23.166262598008
1	6908	2224.130417622737	30.874140204744
1	6934	2231.143352755573	15.911919495324
1	6942	2233.949557449428	24.064908636964
1	6968	2242.591790779138	38.309135010115
1	6974	2244.57631490635	23.673912396886
1	7008	2253.378926415573	27.437521728338
1	7018	2255.48742900823	19.304418037528
1	7027	2258.410574809526	27.390410461114
1	7040	2262.479239945292	14.869060020659
1	7061	2268.28555947134	15.306036475928
1	7074	2270.960584768671	29.249629224768
1	7091	2276.803228864322	18.244619222705
1	7094	2277.506456137164	13.255779846805
1	7104	2281.604587687987	11.757100387824
1	7111	2284.970058333238	9.364713157177
1	7139	2295.141520582832	3.428212376777
1	7158	2302.093015923391	20.905215091304
1	7189	2312.337686201319	4.703341605608
1	7206	2316.551249858919	29.862852356864
1	7221	2320.445212690386	2.370113420765
1	7229	2323.516014568269	10.547187146731
1	7237	2325.584926539326	28.393983953398
1	7254	2332.671614670305	30.068414550158
1	7262	2335.633696945029	11.604660627316
1	7272	2340.860959266657	10.974149042858
1	7324	2359.56301378528	13.104266779264
1	7341	2364.092803438888	28.734351100168
1	7351	2369.043695934693	28.126739446888
1	7382	2377.104271708169	25.319411734703
1	7437	2392.614627194814	23.016643710198
1	7461	2398.364911006759	34.748981916813
1	7473	2401.485522540514	43.726840793156
1	7492	2406.096058618157	15.52358756785
1	7505	2409.573961038487	29.761651808513
1	7530	2417.629696336563	32.156873031746
1	7575	2429.174377416953	15.832955400227
1	7577	2429.614215722068	54.98916906095
1	7594	2433.327828581557	25.245526334389
1	7630	2442.678531051836	46.328945827433
1	7633	2443.158151793403	41.048401294857
1	7656	2449.21565079374	13.651782408938
1	7684	2456.597860704171	26.666694759392
1	7691	2457.182979659166	37.976844934276
1	7711	2463.11051013937	16.806830093147
1	7717	2464.2183855914	39.801366741538
1	7733	2467.848899784145	11.123663446285
1	7744	2471.326538289544	9.349405691378
1	7759	2476.694626064266	25.331383887677
1	7816	2492.471616906224	51.277910356293
1	7850	2502.278731726221	24.226245773141
1	7855	2503.177302134336	30.324838396745
1	7865	2505.835939702689	12.148037532926
1	7867	2505.872161011324	1.947534588515
1	7875	2509.626612844523	42.532202606672
1	7886	2511.479263184703	12.570756578235
1	7908	2519.129183738954	3.776440700982
1	7929	2524.892539937278	41.62416204298
1	7936	2526.165788587178	16.514146061381
1	7954	2532.210483869765	11.501543428515
1	7959	2532.838016344115	44.187694097056
1	7961	2533.770570459073	2.170383041492
1	7973	2540.174910381665	3.178353408352
1	7996	2551.215887385416	25.194365525618
1	7998	2551.400731683238	3.463175210868
1	8000	2552.432895226866	9.586064024596
1	8014	2560.184618697498	7.065194323194
1	8078	2585.75635718833	26.724119988268
1	8082	2586.062050918927	10.476179815712
1	8087	2586.470104389935	21.708764708251
1	8089	2587.039589309709	16.993631420539
1	8094	2589.595440819505	8.932496426277
1	8141	2607.250563421166	15.984818682424
1	8192	2620.448681792007	34.222403586609
1	8203	2623.599681184623	26.465009345441
1	8218	2627.655635772619	2.856308257557
1	8231	2630.903391677533	22.387983557885
1	8241	2633.61486452899	30.783153772704
1	8256	2637.424952314116	2.034962428385
1	8264	2640.337453349141	26.015799503658
1	8280	2644.682588580409	14.871537418453
1	8286	2645.964253377398	5.531101125292
1	8289	2646.838056325325	27.248673026099
1	8304	2655.584462145574	9.945375227836
1	8345	2670.050367879679	18.563627470984
1	8364	2676.00099157984	8.399882359895
1	8399	2686.268319379185	7.449405708233
1	8409	2688.965187641438	32.295368109479
1	8419	2691.682854137962	29.424143950338
1	8453	2703.908247986805	2.805369042092
1	8457	2704.986319458691	9.188122921739
1	8468	2708.997963664119	36.003571868874
1	8493	2717.004250799651	4.864174580783
1	8515	2722.831903027833	32.890539672691
1	8517	2722.943414380539	38.141976776534
1	8519	2723.252474969716	16.502541577211
1	8531	2727.637188134828	9.895728976117
1	8548	2734.310655557081	10.848396179266
1	8554	2737.011669231226	8.048451187904
1	8585	2750.082256485705	10.710541798035
1	8609	2757.304319768326	12.622496921686
1	8614	2759.125940932422	3.074730256339
1	8628	2764.294261009778	30.232339274953
1	8652	2773.235992370517	22.846348646677
1	8664	2778.353662659876	16.786501579918
1	8689	2785.718038726828	1.716323553352
1	8722	2795.563489697872	22.805468932727
1	8755	2806.20185596484	39.21043695917
1	8765	2807.769316046728	7.52161733876
1	8774	2811.368111099694	32.884532374445
1	8780	2812.206525468846	5.99428047298
1	8788	2815.234190745391	26.221116867264
1	8792	2816.533233763762	22.213789197266
1	8826	2828.546965832005	16.98272668908
1	8880	2844.023277834751	26.812012851003
1	8883	2844.591377233036	16.758048038348
1	8890	2845.635135173444	11.830899862222
1	8924	2855.729501910854	33.275045688846
1	8938	2860.474494631516	10.141633913969
1	8943	2861.15762419125	21.554714916621
1	8959	2867.186698285161	22.514934459934
1	8985	2875.437816223939	14.548107123582
1	9042	2890.303674001477	23.898167431122
1	9044	2891.003501259833	35.519765567847
1	9060	2895.50096381595	24.019417365314
1	9075	2900.622537415471	23.448642925126
1	9103	2909.573476892776	15.012345932308
1	9135	2917.369272887586	6.32285981311
1	9147	2922.136880157042	38.985452166754
1	9149	2922.556940560457	33.429682454093
1	9166	2926.444670189285	25.958009018214
1	9186	2931.538220634209	25.952785050724
1	9197	2934.194292007242	17.592418137472
1	9233	2944.452377981035	10.787393870064
1	9252	2949.295815338261	26.726489348222
1	9255	2949.98830599908	21.72445770784
1	9262	2951.134781193099	11.90181713004
1	9283	2960.318564923126	15.648719706456
1	9345	2978.526277455032	16.301833498293
1	9369	2984.359258706792	33.761567351058
1	9372	2984.89527812786	28.520461835899
1	9376	2986.610521930266	13.521671907046
1	9395	2992.257034489995	24.285902910981
1	9416	2997.826337592091	19.109590015492
1	9421	2999.47336741164	15.262933596039
1	9437	3004.562659225072	14.712524628616
1	9448	3007.095089925214	12.125048653222
1	9450	3007.258785057342	1.900763533544
1	9460	3013.44031428778	2.371200384572
1	9502	3030.004216592988	29.815569239903
1	9504	3030.241321551957	13.891818294883
1	9506	3030.633161692061	8.561968529714
1	9589	3058.161871992046	30.570742216659
1	9612	3063.73007771221	30.249893057742
1	9628	3067.491762618764	22.921532171547
1	9632	3068.311070011459	29.127441266319
1	9647	3073.22810195223	13.047748262295
1	9650	3074.334366111313	3.250646384433
1	9695	3089.306831023071	34.376220911393
1	9724	3096.651711121779	46.912815327872
1	9737	3099.713231849131	18.065186033841
1	9749	3103.09631678054	26.513687513418
1	9781	3113.682731823641	5.126277276431
1	9799	3118.1429345255	31.274751354827
1	9819	3122.315382249534	56.853700389272
1	9860	3132.527051159525	29.798232357833
1	9862	3132.62528646807	35.013613692255
1	9864	3132.762075113474	18.622726715517
1	9867	3133.133931543094	8.778925592666
1	9885	3139.529200044343	47.494074851395
1	9887	3139.820182828692	4.514987685718
1	9895	3142.759173746678	12.970296309793
1	9922	3152.068565443152	5.802566694795
1	9943	3159.140938920547	39.810285746704
1	9964	3165.835337786114	8.932980170823
1	9969	3166.910249740576	15.034706977661
1	9981	3170.256096257356	7.46956503042
1	9984	3171.662423986354	30.412466355717
1	10021	3185.602607503176	12.191408371202
1	10044	3192.415949581417	8.08759415918
1	10063	3197.39083549787	7.289222565595
1	10069	3199.267968663356	20.793075786553
1	10076	3200.967683892459	32.826551980806
1	10127	3217.450248939212	22.233397945297
1	10131	3218.322230113779	12.361496741999
1	10135	3219.527820900773	19.057268891017
1	10186	3234.496036973076	12.365922298515
1	10206	3240.710635595596	28.822093537191
1	10239	3250.454396718873	33.382067435654
1	10244	3251.626436613377	7.517891084194
1	10250	3254.310092745342	26.35493555083
1	10280	3263.744105770479	8.424098178978
1	10289	3266.445331540882	33.398004034068
1	10300	3269.057205404378	30.887997589305
1	10315	3273.439649235913	23.344046544048
1	10330	3278.023489740904	16.998451392866
1	10353	3284.57691803143	12.4443486667
1	10371	3290.160501005001	23.151029470257
1	10394	3296.189631244045	7.045615796583
1	10432	3307.225101885844	23.471482440131
1	10434	3307.503876594353	29.407068359433
1	10464	3318.026332506552	5.92092674307
1	10487	3325.721290463108	25.192947983043
1	10490	3326.837185626027	3.5232638194
1	10500	3330.106616488416	35.416992279234
1	10508	3333.060458731363	15.063233586726
1	10549	3345.857800251446	6.200729947886
1	10564	3350.76870318222	16.155111019966
1	10583	3356.760314438601	6.016708055395
1	10589	3358.765984422519	29.564838740742
1	10595	3361.107145123288	54.962404669142
1	10601	3362.983262826444	17.700160716424
1	10607	3365.777449069538	9.896233881359
1	10639	3378.462239362409	6.005197709776
1	10658	3385.057041022105	18.385058870423
1	10681	3392.203798809082	14.537335722475
1	10698	3396.903542606152	13.389657481573
1	10704	3398.957950811709	37.378730008029
1	10732	3406.527860578023	17.972648655644
1	10738	3408.280163185079	14.031257612745
1	10753	3413.663025834241	8.356092969771
1	10782	3424.141826440689	6.964901302825
1	10784	3424.312899054486	24.582476400305
1	10804	3432.035050121826	8.919289320707
1	10817	3436.438058748833	25.200984417693
1	10829	3440.865615850306	11.910032291431
1	10857	3450.916189697213	5.904469029163
1	10861	3452.408273779663	17.979149655556
1	10902	3466.052205163163	26.139133538004
1	10914	3469.268203439996	2.445123219979
1	10950	3479.815241876981	7.58292316273
1	10968	3484.111617006586	34.034908874194
1	10978	3487.411643036049	26.535690639051
1	10980	3487.845384461214	32.60311913176
1	11008	3498.554754790955	4.738439592649
1	11039	3506.502685741048	28.967202908595
1	11084	3518.898686175341	30.889250897221
1	11119	3528.116429953363	45.324846113337
1	11123	3529.190408973593	30.265011072973
1	11126	3529.63182374368	25.484417994039
1	11145	3534.870088684944	19.511366665015
1	11181	3543.70285073585	18.097295570303
1	11183	3543.737917977842	34.110194199954
1	11186	3544.960800711986	24.405906720088
1	11205	3550.359889463513	14.203959687383
1	11225	3556.237194035308	9.181521429565
1	11229	3557.439979544131	26.372199069942
1	11235	3558.13851124175	16.590584230026
1	11288	3576.379276982148	24.230339141447
1	11290	3576.649388438194	18.932721146731
1	11324	3585.385363458063	11.128288409791
1	11329	3587.023001701444	18.266046208448
1	11354	3594.139491617201	30.898283733055
1	11356	3594.33357510866	9.679001973129
1	11366	3597.349846670856	17.980834611458
1	11380	3601.511932499811	11.309414425516
1	11412	3614.309671084385	1.408474366647
1	11460	3628.50428874324	32.94250552729
1	11471	3630.448495204896	29.252610468654
1	11496	3638.444688144709	31.329596526571
1	11518	3644.724082691814	25.946703102438
1	11547	3653.203361639626	12.174967194559
1	11568	3660.2391047686	24.948568833411
1	11575	3662.079791531771	37.930366389804
1	11594	3667.288246329278	20.524773502604
1	11598	3668.391528889992	16.11631678301
1	11649	3681.381916571398	12.346247230424
1	11663	3685.309582234699	27.10361070314
1	11677	3688.595525972766	58.792978895595
1	11699	3694.189670455514	8.000369831337
1	11719	3699.494163440066	24.929890727161
1	11732	3702.762513287703	5.579721728921
1	11738	3705.090784258432	24.616171087139
1	11759	3713.019289182252	49.699630452782
1	11768	3714.695043909702	6.641812563059
1	11790	3720.858809499758	18.292922228109
1	11798	3723.756975296176	10.081364899409
1	11810	3727.757350589254	8.411977982265
1	11860	3741.977508370518	50.738994082899
1	11872	3745.378880189719	20.277547692646
1	11906	3753.505678340431	23.195053686038
1	11915	3756.916086448113	21.097087169999
1	11945	3765.234069477639	18.000593276579
1	11948	3765.508426456349	23.893342973314
1	11954	3767.312937984463	9.590850859648
1	11961	3768.896023242139	5.560533427517
1	11965	3770.851232660106	1.961375773302
1	11983	3779.900666535237	5.791493767989
1	11995	3784.341671552031	31.65400207229
1	12018	3793.559553489542	2.529342098162
1	12029	3798.026900375948	12.51042350987
1	12037	3801.057761189632	4.275759515935
1	12048	3805.179963116173	25.208909673501
1	12059	3811.18643555137	8.662437205203
1	12069	3815.758023588324	7.704638830969
1	12092	3826.20023845845	1.626046111924
1	12107	3832.368350319435	18.641156243975
1	12124	3838.669032634339	3.673024327378
1	12143	3845.861509390976	26.624868568148
1	12150	3847.264181638473	6.687058772543
1	12192	3861.820654572555	15.881474510183
1	12194	3861.867201810803	31.942439630043
1	12204	3864.567094191197	8.390139418887
1	12234	3874.570266293695	23.570806912493
1	12246	3878.704468461672	5.372707259376
1	12267	3885.286817915958	6.579467836768
1	12293	3892.928251889754	30.993487
1	12318	3899.218511265225	10.387529459783
1	12322	3899.830705086687	5.429874860914
1	12328	3901.614097978907	33.824759347365
1	12334	3903.602882906432	3.338183020125
1	12344	3908.467945757774	24.676263312576
1	12354	3913.719552390264	7.929595349822
1	12366	3920.837161963094	9.05464333063
1	12449	3949.08622054405	20.340107239316
1	12455	3950.948072977699	28.135718490345
1	12470	3954.13738655181	36.940096195552
1	12485	3957.603851440583	23.704214700266
1	12541	3973.307211140856	22.33271650225
1	12548	3974.660358407869	34.995033646816
1	12574	3981.075141500667	36.080302097135
1	12585	3983.312880908823	21.826997468713
1	12589	3983.743931735039	11.652159498424
1	12593	3985.966999689799	29.516660318474
1	12618	3994.392109491731	27.529283724142
1	12647	4002.811905437603	14.888353374089
1	12660	4006.417981860908	29.028263130453
1	12668	4008.810824996315	14.940076689237
1	12673	4009.864973674975	10.748124985483
1	12689	4015.383980615053	5.049155627843
1	12696	4016.505491711768	11.45555547939
1	12700	4017.73120364033	35.283738397292
1	12720	4027.339378989406	6.49748076254
1	12743	4036.105448497565	20.417943557143
1	12765	4043.499679909193	17.593030071934
1	12767	4044.100640859209	6.454860291908
1	12774	4046.906735261424	3.665797989349
1	12802	4057.658984860395	25.798948736164
1	12834	4067.218561772245	18.945918807992
1	12848	4070.682335745417	11.403398620781
1	12851	4071.485528186301	18.026410802383
1	12865	4078.42452148021	13.615090687759
1	12881	4084.229471414806	7.697503659177
1	12895	4089.309786807386	18.762276922935
1	12956	4108.063190773237	25.821750238423
1	12968	4110.038452476603	11.556710456149
1	12978	4113.65760705037	3.883357160725
1	12990	4117.453298748577	29.966272770078
1	13002	4121.622066976842	6.836095523206
1	13010	4124.738535793836	31.734545215148
1	13024	4130.57907764694	26.267055921139
1	13039	4135.937135415141	15.697871328098
1	13041	4135.963686486113	9.818716211127
1	13083	4152.780040455853	20.975574587353
1	13087	4153.174955185027	16.28702052543
1	13108	4159.139086680245	16.896093900084
1	13132	4167.480219697452	8.367695259745
1	13141	4170.2214770459	22.509042270249
1	13185	4182.323330740551	28.986204484595
1	13206	4187.829325084449	11.892699056656
1	13210	4189.086915689627	18.199180288823
1	13213	4189.540178409303	8.439332297307
1	13216	4190.574980206776	25.675616274587
1	13269	4208.945267607099	22.436141778134
1	13282	4212.529706227118	15.028313546443
1	13297	4215.869371506493	12.368800661179
1	13305	4218.285834134895	26.139633005369
1	13312	4219.77399965037	10.902458829223
1	13387	4242.703606390967	28.831120308373
1	13395	4244.563329058457	19.937944045989
1	13404	4247.152122386255	17.278841895283
1	13406	4247.259051169026	27.920210936805
1	13437	4256.688968225255	5.32917173102
1	13453	4260.169771984094	24.768936512876
1	13467	4264.041299160443	23.270932875224
1	13474	4266.885585121101	9.947670903988
1	13480	4267.494344457159	5.345530656516
1	13488	4272.218350209051	26.201888924463
1	13490	4272.384428017762	4.963221925776
1	13505	4279.961522855552	7.464569590519
1	13549	4297.150060346691	2.514274615446
1	13570	4303.156700519485	25.547426448552
1	13573	4303.660750229718	3.485719590099
1	13588	4309.4121914209	25.867582971812
1	13596	4311.463013942346	21.963190139506
1	13621	4321.284844737491	4.642286260613
1	13661	4333.553368371784	27.847569831063
1	13672	4337.049997303743	25.927633479122
1	13674	4337.611387324045	4.737198939781
1	13702	4345.611339576067	23.32086829911
1	13724	4352.974056178924	25.512467627411
1	13727	4354.058013210413	5.057292884565
1	13739	4356.734443683982	18.687692030682
1	13778	4369.562658595144	10.32976130559
1	13786	4371.450527250293	27.707253000002
1	13789	4371.809762849699	17.706357648599
1	13841	4388.626336318199	13.035381401656
1	13846	4390.244257931124	25.844506629278
1	13853	4392.183286697596	11.317581849639
1	13860	4395.779803448813	4.103676176164
1	13869	4399.517664075005	29.245221586548
1	13909	4412.804751933428	15.275454049116
1	13938	4420.223572177688	17.52135015477
1	13951	4423.895510266296	37.345574553593
1	13962	4426.402877698062	12.463611915591
1	13973	4430.267913654322	22.247129497235
1	13985	4433.62816259113	14.029210891693
1	14007	4440.515449009478	15.728544034645
1	14020	4443.411167519509	12.722826749669
1	14061	4457.422216488041	21.685974433553
1	14098	4467.365406154879	26.553018480771
1	14100	4467.699228276607	14.946311553591
1	14102	4468.252379757113	10.206537462773
1	14113	4472.051226968871	25.262684408577
1	14120	4474.081766821784	4.868123828317
1	14130	4477.94385379692	14.416907703973
1	14181	4495.535008927447	15.468771139042
1	14218	4504.748242156806	30.487432522469
1	14223	4506.258286834688	20.990533389154
1	14232	4508.301599131654	17.945044924271
1	14238	4511.753451648044	16.129836738227
1	14305	4531.883110153247	14.472820094321
1	14309	4533.184031835166	26.483002886292
1	14322	4537.207668894542	25.084471342967
1	14330	4539.347437952752	38.14028552093
1	14348	4543.847129708263	15.183419816778
1	14369	4548.790283434666	3.506535306922
1	14381	4552.371791356349	29.663070075329
1	14389	4554.502404004328	14.479484753918
1	14418	4563.284827633987	28.869159121069
1	14422	4564.206282341378	8.511736843968
1	14431	4567.741126016937	6.793770274147
1	14438	4569.654229317666	19.341115885996
1	14516	4595.082982924295	28.359746126228
1	14526	4597.632973155929	25.907018495025
1	14541	4600.856264796916	17.506301303745
1	14558	4605.684986169675	28.33476818842
1	14570	4609.845190466489	14.873766626813
1	14578	4612.066375476066	6.457305204588
1	14597	4619.770899692893	30.526943789215
1	14599	4620.988049216327	9.921881946735
1	14616	4626.266717056967	9.604019941994
1	14618	4626.374144610242	3.915790698957
1	14658	4641.556762757472	41.18271222804
1	14684	4649.493342553722	10.040330892196
1	14686	4649.585329328886	4.251031621824
1	14709	4656.953810178197	29.319553900972
1	14720	4660.871579160673	27.387343236246
1	14745	4668.326766378818	6.110998776857
1	14763	4674.46012519008	18.000429953332
1	14772	4677.700355590195	26.374101288733
1	14829	4695.063683458013	27.348064019462
1	14836	4695.930394506888	22.490400902811
1	14845	4699.92923657956	15.948054059525
1	14847	4700.625035059743	22.043830958775
1	14855	4702.313011683397	1.463533895905
1	14892	4715.588450625647	19.882142835415
1	14897	4716.986937521715	5.348748007558
1	14906	4719.030840219222	29.094464804978
1	14963	4738.415596804221	21.023794463719
1	14976	4742.562403339415	14.128377020358
1	14981	4743.941207361048	37.89755300025
1	14991	4746.313711468819	1.898370966083
1	15000	4750.347966558872	27.507734194981
1	15045	4763.423196952198	8.208681570483
1	15069	4770.772081591295	20.804491508869
1	15076	4771.625563178434	32.210723041091
1	15082	4772.862179762325	6.891617034912
1	15093	4777.582837651241	6.532356745564
1	15106	4782.648923704392	48.992249050878
1	15138	4793.09218564384	10.490303703933
1	15166	4799.474276067445	22.494444621726
1	15178	4803.746817661907	43.162467236866
1	15225	4814.964509111934	21.77845486917
1	15232	4816.385033039248	28.77114946593
1	15245	4820.245617025521	5.789055722766
1	15287	4832.448297897698	34.174491114804
1	15293	4834.18720092402	30.06267170247
1	15310	4839.418360618754	30.242809836876
1	15331	4845.833048661229	20.357971047285
1	15352	4851.621571923479	20.20835572423
1	15356	4852.3263158464	32.770847801236
1	15362	4853.65744893042	11.082173527217
1	15365	4854.59444385114	17.645474533784
1	15413	4869.917575479704	17.142371806081
1	15423	4873.875278402456	26.121069588581
1	15441	4878.712444956983	9.289499715784
1	15460	4883.863401929253	20.110062748309
1	15466	4885.664803148932	26.944385957902
1	15480	4889.558404945291	3.173005682416
1	15511	4899.693671551871	24.645327157691
1	15518	4901.55468493012	20.833338953904
1	15532	4906.49976224521	9.100297702943
1	15580	4921.171592433576	18.007630565088
1	15584	4922.087350108301	30.217280684855
1	15611	4929.342670678963	16.069085748982
1	15632	4935.828286960361	27.594106305741
1	15651	4940.095268802355	21.071970932534
1	15662	4942.65875584596	17.870773281087
1	15665	4942.795736936142	6.855693525868
1	15678	4948.31670903658	17.532827946709
1	15680	4948.657558931374	6.795477603911
1	15694	4956.499206812107	3.375465037766
1	15707	4963.628575126744	16.179268194479
1	15725	4970.693990832414	6.020294124726
1	15760	4984.032577761204	7.587184410543
1	15786	4991.003966093864	31.994411060236
1	15798	4993.837686761967	12.335453405277
1	15820	5000.529129462656	30.07772549603
1	15855	5009.639577151147	17.582392204902
1	15859	5010.672211519311	23.828953011774
1	15876	5015.109408670673	17.783154202507
1	15919	5027.508104197087	18.358032969642
1	15940	5033.277967700722	29.96775726485
1	15964	5039.276379419359	24.448567214303
1	15968	5040.59970739797	14.706441713382
1	15980	5043.367141352255	23.315827984363
1	15996	5048.445373687067	12.028418194387
1	16067	5068.315065891119	26.177891633122
1	16082	5072.063969944591	41.094261652557
1	16096	5075.423981617191	11.050793970001
1	16102	5077.451169261929	18.639914227881
1	16124	5083.431694092916	35.457861225819
1	16138	5086.807924512414	33.553167918581
1	16141	5087.74989944602	12.960316178155
1	16155	5092.391194673126	12.493422698578
1	16178	5100.12912067409	9.038701245446
1	16191	5103.051635783503	33.553417606861
1	16197	5105.521100382774	20.309663399588
1	16263	5122.758268031165	26.469059785248
1	16289	5129.64966961321	17.547767876879
1	16294	5130.596072401838	29.154673816868
1	16305	5134.126180981973	1.25905830157
1	16319	5139.221828679076	32.758087642258
1	16328	5142.552969777483	25.15278990637
1	16386	5157.654862195939	35.031662161927
1	16388	5157.9884332359	30.175387427565
1	16426	5167.971976462973	29.882170397788
1	16449	5174.537449963034	30.732778676207
1	16480	5183.163328967165	34.340761027651
1	16504	5188.892182822442	34.11134482303
1	16512	5190.844545704304	30.573590866293
1	16520	5193.042060588589	15.873349699073
1	16558	5202.848087942452	31.124596719167
1	16567	5205.031249074141	16.574661040798
1	16591	5210.848143821918	45.094011720617
1	16593	5210.942600259663	17.16346882761
1	16602	5214.351271370767	31.53253927606
1	16646	5228.018385370831	17.314033757078
1	16650	5228.803044944059	12.260885204886
1	16655	5230.554639268075	8.970598938992
1	16657	5230.912237976669	31.687756699978
1	16700	5244.32437215197	17.708031741317
1	16734	5255.007798130614	5.19587864331
1	16746	5257.068509495574	24.617284983396
1	16749	5257.611498229311	2.15341259574
1	16763	5263.452346061815	58.268200766299
1	16782	5269.51027804193	31.202019455144
1	16819	5279.661299640302	13.558157362043
1	16829	5282.971940183419	22.204822655883
1	16847	5288.276003100903	44.415541124068
1	16861	5292.089064946039	9.51659363776
1	16882	5296.816555341462	8.64051466505
1	16893	5299.579980307364	27.976701882085
1	16904	5303.062957170176	4.458864395041
1	16907	5304.207390105458	10.907473572181
1	16946	5319.333146742537	42.55310600321
1	16986	5328.849220580295	13.355769028539
1	17004	5334.298139037088	29.847827637801
1	17006	5335.097981834192	24.92670465645
1	17037	5344.535177910458	2.962604527362
1	17049	5347.314145016241	16.3664141302
1	17062	5352.219494872834	31.662682324766
1	17082	5357.558779062693	10.398654459742
1	17091	5358.768716373705	22.264884586913
1	17112	5365.081780446335	7.249013086898
1	17120	5367.633119662984	41.934752767211
1	17123	5368.746568387597	16.042532094288
1	17149	5378.439992442136	3.548919705791
1	17168	5385.567496312772	16.381528811296
1	17177	5388.43960676539	24.656988523084
1	17206	5397.455977280731	6.591173335095
1	17211	5399.190991247063	2.943316344172
1	17227	5406.040864626983	20.213599385809
1	17239	5410.3019599663	29.603815794224
1	17244	5411.255322425849	3.453882398084
1	17255	5417.276275236033	3.50986323331
1	17257	5417.557311510307	15.37694224168
1	17292	5436.389857655149	11.396309811157
1	17313	5442.819373293421	23.649788767216
1	17336	5449.67927439696	19.169346413574
1	17339	5450.178674901592	13.998237775405
1	17360	5457.767604983285	5.48848960048
1	17374	5461.9536427732	15.172865791014
1	17389	5466.960998223037	25.330680587678
1	17432	5480.696532492166	11.401986962533
1	17455	5487.943953409899	29.742076482974
1	17460	5489.065492808342	24.988939380039
1	17498	5499.716021967226	19.68580626708
1	17514	5504.121198471276	29.295127406833
1	17517	5504.455194511324	7.511389935972
1	17521	5506.374464067385	15.046129307475
1	17529	5514.499147853802	28.862758583388

