version 3
run General-9-20240430-20:30:42-5481
attr configname General
attr datetime 20240430-20:30:42
attr datetimef 20240430-203042
attr experiment General
attr inifile omnetpp.ini
attr iterationvars $0=true
attr iterationvarsd true
attr iterationvarsf true-
attr measurement $0=true
attr network Supermarket
attr processid 5481
attr repetition 9
attr replication #9
attr resultdir results
attr runnumber 9
attr seedset 9
config network Supermarket
config repeat 10
config num-rngs 10
config **.use_random_strategy true

vector 0 Supermarket queueSizeOverTime:vector ETV
attr recordingmode vector
attr source updateQueue
attr title queueSizeOverTime
vector 1 Supermarket customerWaitingTime:vector ETV
attr interpolationmode none
attr recordingmode vector
attr source customerFinished
attr title "cust waiting time"
0	7	5.228803490754	1
0	13	10.387664330425	1
0	25	16.292162059108	2
0	36	21.937519523083	2
0	37	22.578687817442	1
0	47	27.271570680198	1
0	55	30.184217179779	0
0	60	31.480972411462	1
0	62	32.139792297503	0
0	67	32.52297792025	1
0	78	37.649276320125	1
0	82	39.360608943273	0
0	93	43.268087542384	1
0	107	48.438427182614	1
0	114	50.319582435185	0
0	125	53.632777366555	2
0	128	54.647284977022	0
0	132	56.031858365053	0
0	138	58.931384548313	1
0	150	64.434834752	2
0	155	67.535761288251	1
0	163	70.194383657771	1
0	173	75.205163172563	1
0	177	75.324357069797	2
0	178	75.439039918711	0
0	183	77.567486301647	1
0	191	80.373931281851	0
0	195	80.404460973107	1
0	205	86.064578138293	0
0	209	86.339463395999	2
0	216	91.390292438214	1
0	220	93.912546670645	1
0	224	95.994704744664	0
0	229	97.358554825654	2
0	237	102.99783245288	3
0	244	108.687713810477	1
0	250	111.451617158136	0
0	254	113.79796915606	2
0	258	114.28694444406	1
0	264	117.784712074209	0
0	269	119.637083066629	1
0	276	124.368570900055	1
0	281	125.097093769118	1
0	291	128.910661241273	0
0	296	130.917071403936	0
0	300	131.053591018311	2
0	307	136.690505802865	3
0	310	139.460210684802	2
0	316	142.179720829009	1
0	329	147.814892645693	1
0	338	151.712992990273	0
0	344	152.828308603261	1
0	345	153.463370646117	1
0	350	154.913849821898	0
0	358	158.031944465125	2
0	367	163.188193009468	0
0	371	163.431848088745	1
0	375	165.869070489075	1
0	385	169.090560743818	2
0	399	174.53197986912	1
0	412	179.274448220732	0
0	416	179.887200350408	1
0	423	182.571530787392	1
0	435	185.789655856556	2
0	450	190.848129369086	3
0	451	191.048228350236	0
0	464	196.80710838805	1
0	479	202.562175820116	2
0	487	205.317356734303	1
0	495	207.604721727548	1
0	499	208.688934642707	2
0	518	213.294020707719	3
0	523	214.568925842061	0
0	529	216.686559261406	0
0	533	217.813507209883	2
0	538	218.381988185225	2
0	549	224.286320865387	1
0	557	227.221414090368	1
0	561	228.148680502316	0
0	568	229.950184566202	1
0	584	235.615799751599	2
0	600	241.115538312588	3
0	615	246.004225151731	2
0	619	246.451824889751	3
0	625	249.032357822522	1
0	636	251.563615344232	1
0	645	254.072949267459	0
0	657	257.203351239441	1
0	676	262.55543991481	4
0	677	262.583266942065	0
0	696	268.114911139245	2
0	702	270.648874255247	0
0	712	273.923217657721	1
0	713	275.170531396174	3
0	715	275.431166840019	1
0	728	279.095446299995	4
0	738	283.339712797317	3
0	746	284.582874366316	2
0	750	285.935075527523	0
0	761	290.573044171558	1
0	767	292.45027847402	2
0	777	295.596464307049	1
0	779	296.136831205455	1
0	799	300.758808135289	2
0	813	305.594171680744	1
0	819	306.59508955246	2
0	826	308.411521137228	1
0	837	310.933348232648	0
0	843	312.268984963188	3
0	847	313.492464545068	0
0	858	317.658234898236	4
0	870	323.200864900371	5
0	872	324.23887314985	4
0	876	324.886093991577	0
0	882	328.450166631026	1
0	894	333.523649798941	2
0	908	339.04107993562	3
0	919	344.664400843673	4
0	932	350.37164135068	1
0	937	352.809077133189	3
0	947	355.978998702721	4
0	952	357.90865803289	0
0	957	360.841537731702	3
0	961	361.428612906955	4
0	975	366.963557603307	1
0	982	369.72605893412	0
0	984	369.772203151837	3
0	991	372.172012289291	1
0	1006	377.598670009061	5
0	1017	382.488419457336	4
0	1023	383.047964355446	5
0	1026	384.208517713822	2
0	1039	388.525196930863	1
0	1057	393.765414575817	2
0	1068	396.675969591361	4
0	1079	399.474730357066	2
0	1087	402.166074177023	1
0	1093	404.370443303368	3
0	1100	405.076624289857	2
0	1116	410.869861525953	4
0	1134	415.897527172466	1
0	1139	416.245928869587	3
0	1144	417.623086647599	2
0	1152	419.92472963804	1
0	1166	421.987951177177	2
0	1170	423.722742060204	1
0	1185	427.535724234306	5
0	1187	428.105999597935	1
0	1206	432.871518742996	6
0	1215	435.197568487721	5
0	1223	438.284739798871	0
0	1228	438.775244090012	1
0	1247	444.221392040611	2
0	1248	444.347292139317	0
0	1265	449.525440164148	1
0	1277	453.401101788512	0
0	1287	454.929560535825	3
0	1299	460.632929627673	2
0	1303	460.719910917576	3
0	1305	461.522647880944	4
0	1320	465.929403675958	2
0	1335	471.867480539489	5
0	1340	473.650017150099	1
0	1350	477.114994965266	1
0	1360	479.954627717733	0
0	1370	482.976258940069	2
0	1371	483.247145509935	2
0	1389	488.394421610754	3
0	1394	490.736447634531	1
0	1396	490.961221970041	2
0	1402	492.760214479284	4
0	1407	493.627234321326	3
0	1417	497.569982123671	3
0	1423	498.824044432264	1
0	1441	504.302280600654	4
0	1461	509.807342577964	2
0	1472	512.987660387302	2
0	1478	514.234899526699	1
0	1484	515.14098556317	3
0	1494	517.949209969498	0
0	1504	520.860706940764	5
0	1510	523.951086221617	2
0	1518	526.130543889587	4
0	1524	526.704967828705	2
0	1542	532.002213522098	3
0	1557	537.484580516587	5
0	1562	539.303288438013	1
0	1577	543.473101520683	2
0	1582	545.67027488852	2
0	1595	549.125666682846	3
0	1596	549.183188498957	2
0	1600	550.35207519528	4
0	1614	554.398500878136	3
0	1630	559.720940948935	5
0	1638	563.204724946648	1
0	1647	565.099447384249	1
0	1648	565.122423286191	4
0	1652	566.500137840635	2
0	1661	568.47906703002	0
0	1672	570.92224558164	2
0	1685	575.989837233681	3
0	1701	581.67558715819	3
0	1704	582.848452166775	2
0	1716	586.73646064825	4
0	1723	589.89179064264	3
0	1733	592.221227734588	1
0	1741	594.131633354923	3
0	1755	597.88553369884	4
0	1773	603.042893953276	2
0	1778	603.865659122826	3
0	1783	605.311380700199	3
0	1794	608.777456860878	1
0	1802	609.595876226905	2
0	1807	611.015391767843	1
0	1812	612.336030421202	0
0	1822	615.540640688506	4
0	1838	620.927380152284	4
0	1847	623.010253335933	3
0	1854	625.82963729777	3
0	1860	626.394906469392	4
0	1863	628.278247654197	3
0	1874	631.459249793323	4
0	1889	637.037556401691	4
0	1895	638.919722790368	0
0	1906	642.45397634665	5
0	1919	648.424723569075	1
0	1921	648.998027751807	4
0	1924	650.542540679561	3
0	1938	654.271232386357	5
0	1952	659.301200693012	4
0	1955	660.309244195468	0
0	1964	664.938042077007	1
0	1979	670.535139807504	6
0	1987	672.96510761022	5
0	1998	676.516250479039	2
0	2007	680.477010464531	1
0	2011	681.555699653927	1
0	2013	681.819937393758	3
0	2015	682.099430744075	4
0	2020	682.995253176663	0
0	2028	685.613688846472	0
0	2034	687.25620717835	1
0	2051	692.373325632888	1
0	2060	695.030497852599	0
0	2066	696.366259130539	3
0	2073	698.120198867054	4
0	2088	703.517095441933	2
0	2091	705.16656131436	2
0	2093	705.190993419969	1
0	2106	709.317195764979	1
0	2114	711.515817171083	3
0	2127	714.535184178505	2
0	2135	716.655025378456	1
0	2153	720.346888156611	4
0	2160	722.531301212486	1
0	2170	725.422646141964	0
0	2173	725.541132918679	3
0	2178	726.161651176637	2
0	2182	728.043006357609	1
0	2195	731.384273657579	4
0	2209	736.848738875477	2
0	2220	740.575681221428	1
0	2224	741.819777497329	0
0	2228	742.129970670216	1
0	2246	747.593586571286	1
0	2259	751.226423673452	3
0	2270	753.174758196114	4
0	2289	758.999200328476	0
0	2293	759.041963967964	2
0	2307	764.345280744372	1
0	2319	767.92172127334	1
0	2332	770.206696031852	5
0	2345	774.204049500992	0
0	2352	775.736950492956	1
0	2372	781.395101397302	2
0	2373	781.667100614056	4
0	2392	786.702107592722	2
0	2402	789.366136345668	1
0	2407	790.819740175274	0
0	2411	791.327121598766	1
0	2418	792.3588006401	2
0	2420	793.208520952848	3
0	2435	797.683022686051	4
0	2445	801.530784873184	1
0	2448	802.581815577347	0
0	2452	802.807516583245	1
0	2460	806.174913736418	0
0	2467	808.364859246419	1
0	2481	813.815122638016	3
0	2485	813.825996306961	2
0	2498	818.830862071834	2
0	2512	823.525035364092	1
0	2517	824.171579414516	3
0	2518	824.303233379385	2
0	2533	829.326944466683	1
0	2554	834.694262386535	4
0	2573	839.879686113449	2
0	2578	841.105590001449	3
0	2584	842.760220978411	2
0	2592	845.695557156	1
0	2597	845.784731298454	2
0	2603	847.773658721827	1
0	2616	850.887952063933	2
0	2617	851.012556675709	1
0	2632	854.982713413545	1
0	2639	856.277259871598	2
0	2660	861.545677867487	2
0	2664	862.59063934477	1
0	2684	867.238432853717	3
0	2685	867.421889794177	1
0	2697	870.864937705923	2
0	2701	871.217613289601	0
0	2710	872.965658827453	2
0	2726	878.885807291373	3
0	2741	884.037289300702	3
0	2746	886.116090275933	2
0	2751	887.664113484556	0
0	2757	889.780396719465	4
0	2769	895.342585332694	5
0	2778	898.799748958325	4
0	2786	901.324372825681	5
0	2787	901.769724920396	4
0	2797	906.521580143369	3
0	2808	911.828845893036	4
0	2814	915.946400973252	3
0	2820	916.866979167567	4
0	2831	922.854941600471	1
0	2835	924.332192152859	3
0	2848	928.202417796946	2
0	2855	931.260569344047	3
0	2864	933.226289110494	3
0	2880	938.345512019706	4
0	2889	941.707375414092	2
0	2898	943.930238119329	4
0	2907	946.899722167527	3
0	2915	949.488617462574	3
0	2923	952.169226186122	3
0	2932	954.76209816267	1
0	2951	960.111579905266	4
0	2971	965.360563950382	4
0	2978	968.074603734659	3
0	2991	970.435848723167	5
0	2997	971.962943735652	0
0	3002	973.543086452645	4
0	3013	976.323038398755	4
0	3015	977.492458673667	3
0	3030	982.281326778234	4
0	3049	988.192479131279	1
0	3051	988.855042192623	3
0	3070	993.762385364856	4
0	3085	998.581323128895	3
0	3091	999.113363408951	4
0	3108	1004.488847966773	5
0	3125	1008.838038267458	4
0	3132	1009.650226969273	2
0	3152	1014.91200103378	5
0	3159	1017.111994368959	3
0	3166	1018.869904740947	1
0	3170	1019.39098605246	2
0	3176	1020.649045199389	6
0	3190	1024.808084463237	1
0	3198	1026.346264292719	2
0	3209	1028.820290519158	0
0	3222	1031.85716209421	3
0	3235	1037.281777869687	5
0	3239	1037.319475960453	4
0	3252	1042.283282122107	3
0	3256	1042.665506265826	6
0	3266	1046.277996335181	2
0	3273	1048.532701479272	7
0	3292	1054.390119078803	1
0	3312	1059.762971570016	2
0	3314	1059.830875041439	6
0	3318	1060.039204519476	3
0	3326	1062.174040366662	2
0	3340	1065.600967459382	7
0	3344	1066.962203664708	1
0	3361	1070.948141760427	2
0	3384	1076.885127904128	2
0	3385	1077.048171380649	1
0	3395	1079.914741798887	1
0	3404	1081.590000467378	1
0	3411	1082.78051889362	2
0	3419	1084.620541611339	0
0	3421	1085.21901978704	0
0	3428	1088.090954610389	6
0	3430	1088.241218086912	1
0	3434	1088.321804859677	7
0	3447	1094.065093111481	1
0	3456	1097.312244084664	0
0	3464	1099.741824107944	1
0	3475	1103.487489844673	0
0	3481	1104.957369050478	8
0	3492	1110.378234872596	2
0	3503	1115.471407568317	1
0	3508	1117.202651091746	7
0	3511	1118.26413119526	1
0	3522	1120.486903551269	2
0	3538	1126.2532293282	1
0	3551	1130.218132014036	0
0	3553	1130.44997915743	6
0	3559	1132.154643418502	2
0	3564	1134.14319589292	1
0	3572	1136.95846302855	5
0	3577	1137.731404813474	6
0	3588	1141.60816630209	1
0	3594	1143.2658268502	2
0	3596	1143.639197266663	1
0	3601	1145.016966911276	5
0	3615	1148.571824914778	2
0	3631	1154.429021714956	6
0	3640	1157.950154715684	1
0	3648	1160.298770747848	2
0	3653	1161.472487638005	1
0	3658	1162.955461801157	5
0	3670	1166.005926422777	1
0	3691	1171.899038553706	2
0	3712	1177.760207679824	2
0	3717	1179.074512136529	4
0	3731	1183.286571094531	1
0	3736	1183.635582842401	5
0	3739	1184.199193848184	1
0	3759	1189.071406633363	2
0	3761	1189.832128301032	0
0	3772	1192.965817904692	4
0	3780	1195.039803745461	3
0	3801	1200.976574338277	1
0	3819	1206.917970526268	2
0	3826	1209.290885511911	3
0	3838	1212.112698316111	2
0	3846	1214.469384154073	2
0	3849	1214.72911607055	1
0	3851	1215.718168325028	1
0	3861	1217.635276007469	2
0	3868	1218.872769482667	1
0	3874	1221.21835537942	0
0	3882	1222.848288700453	3
0	3898	1228.403403320701	2
0	3902	1228.476906216008	3
0	3920	1234.379283493854	4
0	3935	1239.867667837072	5
0	3941	1242.175739053294	2
0	3951	1244.956452941991	1
0	3956	1246.394098544733	1
0	3963	1248.277658873241	0
0	3969	1250.303185931755	0
0	3971	1250.455579232893	4
0	3975	1250.666753898145	1
0	3980	1252.809768467796	0
0	3991	1255.982133345682	1
0	4004	1261.622322537594	0
0	4008	1261.951364636658	1
0	4017	1265.173304059428	3
0	4026	1267.841115796244	2
0	4043	1273.45524387388	3
0	4060	1279.270746440165	4
0	4072	1283.787950206554	0
0	4079	1284.540739254099	1
0	4087	1288.113672795943	3
0	4089	1288.737529655806	0
0	4096	1289.799773169453	1
0	4106	1294.688046515222	2
0	4113	1295.569875562801	3
0	4117	1297.760116355262	2
0	4128	1301.079373841877	2
0	4129	1301.086233900166	1
0	4147	1306.55400089012	2
0	4153	1308.738522310858	1
0	4163	1311.97929550638	2
0	4166	1312.817243139266	2
0	4179	1317.087584084603	3
0	4194	1322.744050327926	1
0	4195	1323.098232065335	2
0	4200	1323.915702376399	1
0	4214	1327.780175653173	1
0	4220	1328.194168723659	3
0	4239	1333.247459989046	2
0	4245	1335.058594647687	2
0	4248	1335.428762278175	0
0	4259	1338.874789712723	3
0	4270	1343.471483594274	2
0	4275	1344.590360047301	2
0	4281	1346.901127653902	1
0	4286	1348.454196553328	1
0	4292	1350.161508795345	2
0	4295	1350.683025726003	1
0	4311	1355.940464235149	1
0	4326	1360.915177276831	1
0	4330	1360.95270614117	2
0	4351	1366.213046410592	2
0	4352	1366.508251286114	0
0	4371	1371.762796501634	3
0	4387	1377.27402490634	1
0	4388	1377.690798969708	2
0	4396	1379.927676672241	1
0	4409	1383.03559909482	2
0	4428	1389.024307654709	3
0	4431	1389.504591738345	0
0	4445	1394.81467652135	2
0	4455	1399.200640692378	2
0	4462	1400.192275957907	3
0	4467	1402.243657540765	1
0	4478	1405.929812686755	1
0	4483	1407.613156485726	1
0	4497	1411.247636587131	2
0	4499	1411.98145426333	1
0	4506	1413.253809391066	2
0	4518	1416.649590852675	2
0	4536	1421.9286616738	3
0	4557	1427.362398021161	3
0	4561	1428.134225407038	0
0	4567	1429.884176471049	2
0	4577	1433.096448783302	3
0	4580	1433.9160362538	2
0	4583	1434.315755367632	0
0	4591	1437.701452557352	1
0	4595	1438.13918463374	2
0	4607	1444.043981670639	1
0	4621	1449.073170457979	2
0	4624	1449.420830695197	0
0	4628	1449.74686668348	3
0	4639	1455.258414516928	1
0	4653	1460.387828682786	4
0	4660	1462.757516807184	1
0	4672	1465.948242279239	5
0	4683	1470.145425683017	4
0	4688	1471.183887527794	2
0	4705	1476.454992944146	1
0	4725	1482.003846219512	5
0	4727	1482.467856755018	0
0	4737	1486.499984965665	1
0	4743	1487.240441899052	1
0	4760	1492.201756767359	4
0	4764	1492.848640828397	2
0	4784	1498.267304727346	5
0	4787	1498.779218382555	0
0	4802	1503.778288447069	2
0	4805	1504.616538973296	1
0	4809	1505.777735678367	1
0	4815	1507.963109405026	4
0	4822	1509.466528724883	2
0	4837	1514.705513817495	2
0	4855	1520.603274544938	3
0	4872	1526.301640993687	4
0	4883	1530.098676720639	1
0	4886	1531.193402639128	3
0	4890	1531.308565361197	4
0	4901	1535.627276900937	3
0	4907	1536.55947258254	4
0	4922	1541.795155713339	1
0	4941	1546.968420196445	0
0	4945	1547.488502790457	5
0	4960	1553.159602657663	5
0	4969	1556.181646916788	4
0	4978	1558.863298358167	2
0	4989	1562.814906993895	4
0	4995	1564.421040520309	1
0	5017	1570.242771775699	5
0	5023	1572.197980683067	1
0	5040	1576.1830134776	5
0	5048	1578.404296004926	4
0	5054	1580.044829106895	4
0	5062	1581.368345961212	5
0	5083	1586.851809465098	2
0	5102	1592.449932290944	6
0	5104	1592.568225085622	1
0	5123	1598.023510754113	7
0	5135	1601.913271840316	0
0	5140	1602.781960134293	3
0	5146	1603.816581151918	4
0	5155	1607.016981713023	3
0	5160	1608.756657558613	0
0	5165	1609.372925896202	1
0	5168	1610.775114211725	6
0	5179	1614.480439634532	4
0	5186	1617.261349622282	5
0	5195	1619.809777894993	5
0	5201	1622.463786506923	4
0	5210	1624.843077207454	6
0	5220	1628.932614412396	5
0	5226	1630.091463192137	2
0	5227	1630.137141181277	4
0	5234	1632.47155919171	1
0	5246	1635.905328391822	1
0	5248	1636.400717096997	3
0	5265	1641.046386507111	5
0	5279	1645.229800355976	0
0	5287	1647.015989651908	2
0	5291	1647.743986054447	4
0	5305	1652.934526721486	4
0	5308	1654.166760176078	3
0	5315	1657.186022355232	3
0	5322	1658.704019786096	4
0	5338	1664.150114678084	1
0	5358	1669.990597288129	5
0	5362	1670.975142350192	4
0	5368	1672.158183319856	2
0	5371	1673.196155382905	1
0	5373	1673.885257646911	3
0	5384	1675.592892516642	4
0	5385	1675.996930091412	0
0	5397	1680.928911288739	0
0	5399	1681.117448843088	3
0	5403	1681.415457410277	1
0	5411	1684.827691546995	0
0	5417	1687.393382723681	4
0	5421	1689.366599321611	1
0	5430	1692.741828987147	5
0	5434	1694.44085020456	4
0	5442	1697.932611102476	1
0	5457	1703.218692291533	5
0	5477	1709.027485587173	2
0	5488	1713.368906580623	1
0	5493	1714.263915119232	2
0	5501	1717.397649018448	1
0	5511	1719.434680029056	2
0	5515	1721.396027586195	4
0	5520	1722.515442501176	0
0	5527	1724.686289995215	5
0	5537	1729.717381126485	6
0	5546	1734.78407411371	5
0	5550	1734.993929604306	1
0	5563	1739.994227493885	6
0	5566	1741.017210831065	1
0	5577	1744.910249967833	5
0	5581	1745.046478025154	6
0	5585	1746.362717660973	0
0	5587	1747.219887936725	0
0	5593	1750.200711975344	1
0	5597	1752.247484690747	0
0	5603	1755.559220056519	1
0	5614	1760.58972849511	1
0	5631	1766.294832561635	2
0	5644	1771.37475475518	1
0	5649	1772.255314492625	7
0	5652	1773.296116195277	0
0	5654	1773.716202551974	6
0	5664	1777.706989684612	1
0	5665	1778.208439723128	0
0	5676	1783.008226287555	2
0	5683	1786.982540717119	1
0	5690	1788.970238596438	7
0	5703	1794.951735384068	2
0	5714	1800.536105602285	1
0	5723	1804.434691219598	6
0	5731	1806.167265562112	1
0	5737	1808.303247083797	0
0	5745	1810.522714334776	1
0	5751	1811.379055910049	2
0	5767	1816.723281257557	3
0	5768	1816.780417068287	5
0	5784	1821.925735426139	2
0	5799	1827.242829024795	3
0	5808	1830.677747089769	2
0	5816	1832.853004596432	6
0	5818	1833.208076626648	2
0	5823	1835.579020850481	1
0	5833	1838.59457424586	2
0	5843	1842.965466281641	5
0	5852	1844.480526693634	1
0	5856	1845.870750379642	4
0	5871	1849.640968314142	3
0	5877	1850.828770046242	1
0	5882	1852.180199588652	0
0	5894	1855.289722273828	4
0	5901	1857.724877806149	3
0	5912	1861.16345924279	1
0	5917	1862.555780232887	0
0	5931	1867.159856666115	1
0	5944	1870.687460463381	0
0	5951	1872.560208824233	5
0	5959	1875.527004361043	4
0	5969	1878.122376821472	2
0	5976	1880.733513634539	1
0	5986	1883.720639470501	5
0	6001	1888.905480722665	2
0	6005	1889.093124400128	3
0	6012	1892.447112008933	0
0	6019	1894.696789087264	6
0	6032	1900.055843879005	7
0	6044	1905.639688994737	4
0	6045	1905.788321161411	3
0	6047	1905.830631999187	6
0	6057	1911.151718105657	4
0	6070	1916.682560416173	7
0	6076	1919.20586262073	3
0	6085	1922.231688739035	1
0	6099	1927.740705538775	1
0	6104	1929.01420361316	0
0	6117	1933.501837571856	6
0	6121	1933.560136854417	1
0	6132	1937.357847798384	2
0	6140	1938.604678469711	2
0	6142	1939.559948462644	0
0	6155	1943.771148802481	3
0	6164	1946.575172619081	2
0	6170	1948.933252229362	5
0	6176	1949.400377579035	1
0	6179	1950.463496287127	4
0	6197	1955.04900814919	2
0	6211	1958.868182485345	1
0	6222	1961.00247435854	3
0	6224	1961.515238172026	1
0	6228	1962.114958545426	0
0	6241	1966.617839182729	4
0	6242	1966.691728793205	0
0	6249	1969.365342495267	3
0	6256	1972.042306011079	1
0	6257	1972.348082480728	3
0	6275	1977.98260165239	1
0	6276	1977.998860623107	0
0	6292	1983.847089066871	4
0	6294	1984.162695725334	0
0	6296	1984.474860817902	2
0	6303	1987.476114549211	3
0	6308	1989.172145514519	1
0	6320	1993.504008354279	1
0	6327	1994.892416625752	2
0	6346	2000.390755946285	1
0	6351	2001.836839145285	1
0	6359	2004.29594613775	2
0	6362	2004.757338438768	0
0	6370	2005.722056217261	2
0	6371	2005.796467521006	0
0	6383	2010.760060650532	3
0	6387	2013.731306578385	1
0	6394	2016.436912798325	1
0	6410	2022.037301073086	1
0	6428	2027.270048554175	0
0	6432	2027.503867124675	1
0	6433	2028.467965798225	0
0	6444	2031.622106718833	2
0	6452	2033.336287889166	2
0	6457	2034.707046192374	1
0	6462	2036.988308714006	0
0	6470	2038.621235541536	1
0	6472	2040.167667144447	0
0	6484	2044.139416938184	1
0	6499	2049.625417764068	2
0	6505	2051.605094489875	1
0	6511	2053.72370163654	0
0	6518	2054.702920895538	1
0	6524	2056.957749577359	0
0	6527	2057.843856259718	1
0	6534	2060.309682007882	1
0	6548	2066.051741211911	2
0	6566	2071.439109819711	1
0	6586	2076.80075843679	2
0	6588	2077.117981230377	1
0	6606	2081.91411616537	2
0	6610	2082.922048899116	0
0	6612	2082.95303836139	0
0	6624	2087.887446050301	1
0	6626	2088.69455278607	1
0	6633	2091.498600473629	0
0	6640	2093.325706896374	1
0	6657	2098.989998931067	1
0	6675	2104.008433828831	1
0	6679	2104.077299488477	2
0	6691	2107.366792406656	0
0	6702	2109.510330642575	2
0	6703	2110.218824354585	0
0	6708	2112.221472613168	1
0	6716	2115.300662526164	1
0	6733	2121.23495976627	1
0	6738	2122.414525369765	1
0	6757	2126.752224750818	2
0	6769	2130.762689406872	0
0	6773	2131.928286788986	0
0	6777	2132.042685313617	2
0	6781	2134.623584754184	1
0	6789	2137.986402415439	1
0	6804	2143.971590816045	1
0	6809	2145.357516077231	0
0	6812	2145.99563731719	1
0	6823	2149.268504753478	2
0	6837	2154.441646812486	2
0	6840	2155.555678174249	0
0	6852	2159.805928957418	3
0	6855	2161.281144798386	1
0	6866	2165.079491291197	4
0	6876	2170.490432071501	2
0	6879	2172.096787102751	3
0	6888	2175.914706364974	1
0	6894	2178.590632951001	2
0	6905	2181.874100933551	1
0	6906	2182.011019039198	1
0	6921	2186.234912413635	0
0	6925	2186.967193598395	0
0	6929	2187.208777027439	1
0	6937	2191.248150949133	1
0	6944	2193.047036941398	2
0	6946	2193.152037671185	0
0	6957	2198.058134950932	3
0	6969	2203.977869913682	1
0	6978	2207.989355841653	2
0	6982	2209.056259097416	1
0	6987	2209.802285311047	2
0	6989	2210.316280514119	0
0	6999	2215.173493255397	1
0	7009	2219.147877398531	0
0	7015	2220.305046415657	3
0	7028	2225.581919645194	4
0	7032	2227.462687623687	3
0	7036	2229.381225685941	0
0	7041	2231.227202243639	4
0	7044	2235.932112305193	3
0	7048	2236.364865468817	1
0	7055	2241.110832403183	0
0	7060	2241.424429467881	4
0	7066	2246.507329253714	1
0	7070	2248.376713630162	3
0	7080	2252.494314471261	1
0	7082	2253.555859134417	2
0	7090	2256.322057474987	1
0	7099	2258.34071162739	2
0	7114	2263.964804660531	2
0	7131	2269.539718453076	3
0	7134	2270.975454972592	0
0	7136	2271.33937052614	1
0	7145	2274.914946737469	1
0	7146	2275.409078572993	0
0	7157	2280.601243156477	2
0	7159	2282.066088838155	2
0	7169	2286.600820438939	1
0	7183	2291.731727446199	3
0	7199	2297.585728852546	3
0	7208	2300.934824469385	2
0	7216	2303.159248908751	2
0	7221	2304.584320678261	1
0	7223	2305.015011859477	1
0	7236	2309.12077671895	2
0	7239	2309.758910522915	1
0	7246	2312.004641658395	0
0	7254	2315.042034911925	1
0	7257	2316.877187646343	2
0	7261	2318.205196585157	1
0	7270	2321.007994979389	2
0	7273	2322.501267724904	0
0	7278	2323.882373724484	1
0	7286	2326.626082375647	1
0	7288	2327.893360419202	0
0	7299	2332.564128122527	1
0	7306	2336.209619520117	0
0	7313	2338.33378801821	2
0	7316	2339.188568619664	0
0	7322	2343.792699534216	1
0	7326	2343.970778801015	1
0	7335	2349.290302311771	2
0	7342	2353.745748154239	1
0	7348	2354.662100266202	2
0	7359	2360.213509155905	2
0	7372	2365.894475768089	1
0	7388	2371.802353530891	1
0	7393	2374.044239956771	1
0	7397	2374.997668511003	0
0	7408	2377.740322794534	3
0	7409	2378.237369004523	2
0	7412	2378.776364534513	0
0	7416	2380.840405997823	1
0	7423	2383.307035928827	1
0	7438	2388.448147590274	2
0	7449	2392.430869357896	0
0	7456	2394.07215083088	3
0	7467	2399.630145204023	4
0	7468	2400.674663545332	0
0	7477	2405.526615777521	5
0	7479	2407.783024389299	4
0	7481	2409.531297257172	3
0	7486	2411.304056126627	4
0	7490	2415.165299281363	3
0	7495	2416.594962719831	1
0	7503	2421.923854340569	1
0	7504	2421.998533251465	0
0	7517	2427.406661242715	2
0	7529	2433.025716610488	1
0	7544	2438.692759254717	4
0	7556	2443.069105664386	3
0	7562	2443.965914293195	2
0	7568	2446.679496837781	1
0	7574	2448.639849277796	0
0	7580	2449.557900054616	3
0	7590	2454.734165896432	4
0	7595	2457.804457101506	3
0	7602	2460.224505522059	1
0	7603	2460.661434256473	2
0	7606	2461.420329146089	2
0	7618	2465.377558661977	0
0	7622	2465.984614628371	1
0	7641	2471.490489016524	1
0	7650	2474.029308786967	1
0	7655	2475.270562735739	0
0	7664	2477.428357289177	3
0	7681	2483.344135012482	2
0	7698	2489.324206945491	2
0	7701	2490.104277327074	2
0	7715	2495.095422473741	1
0	7720	2496.616440470918	1
0	7725	2497.351778479295	1
0	7740	2500.901808587373	2
0	7760	2506.190206180331	3
0	7775	2511.519855553636	0
0	7780	2511.887676248564	4
0	7793	2516.915401768295	0
0	7798	2517.719364639143	5
0	7801	2519.806660831795	1
0	7804	2521.173475999967	4
0	7812	2522.889627299509	1
0	7822	2526.835117848827	0
0	7828	2527.960700302157	2
0	7841	2533.739460403105	5
0	7848	2537.740033532959	4
0	7855	2539.010942487051	3
0	7869	2544.851487418409	4
0	7872	2546.750430227498	3
0	7881	2550.803648754959	1
0	7890	2554.42303996988	2
0	7893	2555.221852603839	0
0	7899	2556.470404071971	1
0	7912	2561.470371796176	1
0	7917	2562.194105995125	2
0	7929	2566.668023052399	0
0	7933	2567.332324827793	5
0	7935	2568.258346224903	4
0	7943	2572.730512883752	1
0	7951	2575.921209917521	3
0	7960	2578.588183516641	1
0	7964	2579.97752153385	0
0	7978	2584.167631426598	3
0	7981	2585.311196245379	2
0	7996	2590.166065453091	4
0	8012	2595.566479742532	5
0	8015	2596.875856120959	0
0	8025	2600.6918653308	1
0	8027	2601.278244202027	4
0	8040	2606.125967764766	2
0	8049	2609.298051452156	1
0	8054	2611.142266201793	1
0	8058	2611.331344095063	5
0	8074	2617.109848906288	4
0	8078	2617.283892218726	2
0	8090	2622.977140976819	1
0	8091	2623.091633348498	1
0	8112	2628.093999613547	2
0	8125	2631.925828287036	0
0	8134	2633.929622425935	3
0	8152	2639.866360161225	4
0	8165	2644.416446689402	3
0	8170	2645.573747633961	5
0	8179	2648.739733355592	4
0	8181	2649.0661224759	0
0	8189	2651.314809230627	4
0	8202	2657.104166317271	5
0	8211	2662.548456056627	3
0	8216	2662.674177705781	1
0	8220	2664.403291452448	0
0	8230	2667.690270983852	6
0	8233	2669.133854363935	5
0	8245	2673.060526790102	4
0	8256	2678.878379291627	1
0	8273	2684.424624275887	2
0	8286	2689.006623935775	4
0	8288	2689.245976969834	3
0	8292	2689.686820624634	5
0	8307	2695.326360770739	1
0	8326	2700.56789115421	2
0	8333	2702.65462170728	1
0	8348	2706.098746833396	6
0	8351	2707.077522690412	1
0	8361	2709.651756494889	2
0	8373	2711.879855567594	2
0	8390	2716.747452660586	0
0	8392	2717.365466061635	5
0	8397	2717.799615802946	6
0	8405	2721.911303994363	1
0	8412	2723.531830056109	7
0	8426	2728.735850561181	1
0	8431	2729.293537618131	2
0	8445	2735.104983637347	1
0	8452	2737.272304822459	1
0	8465	2740.592565678996	8
0	8486	2745.944581044842	2
0	8489	2747.043414338613	7
0	8496	2748.542779625513	1
0	8510	2751.465478428644	2
0	8516	2753.227742857069	1
0	8533	2757.334220896014	2
0	8541	2759.729212606565	0
0	8553	2762.924600153002	1
0	8555	2763.849786339682	0
0	8559	2764.741626999925	1
0	8571	2768.221059169159	2
0	8582	2772.556796813504	6
0	8588	2773.438921667407	3
0	8595	2776.126361688022	2
0	8605	2779.426825553649	2
0	8610	2781.495458458784	1
0	8622	2784.598845588979	3
0	8632	2788.61522934924	2
0	8640	2790.501842667353	1
0	8664	2796.44335799525	2
0	8678	2800.653324278891	0
0	8681	2801.099554750025	5
0	8685	2801.983928984035	3
0	8701	2807.374977258271	4
0	8702	2807.693663342164	1
0	8706	2808.700144565433	3
0	8713	2811.046615322126	0
0	8720	2812.818960363049	1
0	8721	2813.212586270418	4
0	8728	2815.788729491993	2
0	8735	2817.873736750571	2
0	8743	2820.455914019961	1
0	8745	2820.851645904599	3
0	8749	2822.211257460295	1
0	8756	2823.215503295887	2
0	8774	2828.896109394965	4
0	8789	2834.697423549838	2
0	8806	2839.752881043827	1
0	8808	2840.496738950612	3
0	8810	2840.51407218317	1
0	8828	2844.760607654698	3
0	8840	2848.537889377219	2
0	8845	2850.055494481814	0
0	8850	2850.401483832862	3
0	8851	2850.75434178615	2
0	8863	2855.580592934744	2
0	8872	2858.820232015106	1
0	8879	2860.927954952124	2
0	8883	2861.341694854436	3
0	8895	2866.705210007734	2
0	8900	2866.928354094274	1
0	8913	2871.878285541437	0
0	8918	2872.584836552621	3
0	8919	2872.669638884374	2
0	8937	2878.389583478918	1
0	8951	2883.469715220624	3
0	8971	2888.669236330551	4
0	8985	2893.156429039671	3
0	8991	2894.202177280796	3
0	9003	2897.081478484909	0
0	9011	2898.903960607948	0
0	9016	2899.783730878731	1
0	9020	2901.298316342413	2
0	9025	2904.177755973888	2
0	9033	2905.49810903543	3
0	9036	2906.790611183743	2
0	9049	2910.916627425471	3
0	9063	2915.964914470216	3
0	9072	2919.378640267419	0
0	9078	2921.30982425786	4
0	9090	2927.051418059044	1
0	9095	2929.536322651318	2
0	9105	2932.251727001047	3
0	9122	2937.680392675339	4
0	9129	2940.528570325933	0
0	9131	2941.254586406291	3
0	9140	2943.319721280602	1
0	9144	2944.331810231091	3
0	9153	2947.419953909476	2
0	9158	2948.590481799334	2
0	9174	2953.814529049914	3
0	9189	2958.850711025303	4
0	9198	2961.780329525826	2
0	9203	2963.272580723633	1
0	9210	2964.681263862882	1
0	9223	2968.342903506132	3
0	9232	2970.247129196074	3
0	9242	2973.002785615394	2
0	9255	2975.585235806421	3
0	9265	2978.152859685715	0
0	9269	2979.35886443081	0
0	9276	2980.811587361858	4
0	9283	2984.924386139498	3
0	9288	2985.995912104153	4
0	9296	2991.374092022891	2
0	9300	2991.96179351025	1
0	9317	2997.310488049879	2
0	9330	3002.36572952802	1
0	9347	3007.53951576865	5
0	9370	3012.841591914889	6
0	9375	3014.779821863634	5
0	9390	3018.584055522929	3
0	9399	3020.89322000649	2
0	9408	3023.823870414407	1
0	9413	3024.0939927504	3
0	9434	3030.000038763515	2
0	9453	3035.226992265328	3
0	9459	3036.986785900667	2
0	9474	3040.750627628183	1
0	9479	3041.139133160242	2
0	9489	3044.072278177836	0
0	9494	3045.316700574715	4
0	9496	3045.755525121465	2
0	9501	3046.259191554046	3
0	9509	3049.682660084805	1
0	9519	3051.738231646835	1
0	9521	3053.05267184624	0
0	9529	3055.205302970722	3
0	9537	3057.008145111387	1
0	9546	3060.648457748241	0
0	9549	3061.38561502355	2
0	9554	3062.161120040815	3
0	9562	3066.263663983087	2
0	9569	3067.670504522051	2
0	9583	3073.383568369557	3
0	9603	3079.145055769251	1
0	9616	3083.427345578449	2
0	9622	3084.510621541302	2
0	9627	3085.140465773649	3
0	9634	3087.134670233701	1
0	9638	3087.751826005877	0
0	9648	3090.899409611716	1
0	9650	3091.471241523286	1
0	9660	3094.224777051487	2
0	9671	3096.638564519591	2
0	9672	3096.681284201688	0
0	9688	3101.834875835578	3
0	9705	3107.658635969746	2
0	9713	3110.588825079843	1
0	9715	3110.63171371364	2
0	9724	3113.605041306938	2
0	9726	3113.697242660562	1
0	9742	3119.482622433926	1
0	9749	3121.973067051502	1
0	9756	3123.824716022476	1
0	9763	3125.222787104554	2
0	9774	3128.505524500626	0
0	9776	3129.278847065875	0
0	9783	3131.084261797841	1
0	9791	3134.918206759269	0
0	9797	3136.36134909909	1
0	9806	3140.408326064932	0
0	9814	3142.201299498796	1
0	9830	3147.606234341401	3
0	9845	3153.080033836195	1
0	9846	3153.798942779314	2
0	9866	3158.670905477142	2
0	9872	3160.738259065438	1
0	9885	3163.778989251245	2
0	9894	3166.581409203593	0
0	9896	3167.135813480715	0
0	9898	3167.224288000267	1
0	9905	3169.471150820151	2
0	9910	3171.706122472655	1
0	9918	3174.595737671254	1
0	9922	3176.265678916715	1
0	9935	3180.212625619497	2
0	9951	3185.905914415845	3
0	9962	3190.590274017079	2
0	9967	3191.265302981955	2
0	9973	3193.649588512844	1
0	9984	3196.87435507612	2
0	9988	3198.184877975501	1
0	10002	3201.92699941388	2
0	10020	3207.914083670831	1
0	10035	3211.822758411995	0
0	10042	3213.045879085322	3
0	10046	3214.955971427153	2
0	10053	3217.05242132664	1
0	10060	3218.709489149514	3
0	10071	3223.416722914558	0
0	10075	3223.735058506958	1
0	10083	3227.124305930462	0
0	10091	3229.519193795517	4
0	10097	3232.713676695835	3
0	10104	3234.756786628866	4
0	10107	3237.185966380066	0
0	10113	3239.818147446036	1
0	10126	3245.638642712736	5
0	10138	3251.11771842675	1
0	10155	3256.357384304988	2
0	10157	3256.591377583573	1
0	10161	3257.90164242348	0
0	10166	3259.830681920641	0
0	10168	3260.087700290612	4
0	10173	3261.660502449616	1
0	10184	3266.880557036267	2
0	10189	3270.242758349871	3
0	10197	3272.560481259141	1
0	10212	3278.149436644984	2
0	10216	3279.532548888707	1
0	10220	3280.909526245907	2
0	10230	3283.342141131412	3
0	10248	3289.280175616273	4
0	10264	3295.064553484327	5
0	10268	3296.454773625597	0
0	10272	3298.1315902297	1
0	10281	3301.056727333932	1
0	10295	3306.265710459796	2
0	10296	3306.676904393368	1
0	10311	3311.801669768763	2
0	10312	3311.84166594374	4
0	10327	3317.462716942194	2
0	10335	3320.676544840105	3
0	10339	3321.727259821849	1
0	10345	3323.254519771791	1
0	10361	3328.059255249225	1
0	10363	3328.155429026818	2
0	10367	3328.386520895415	2
0	10386	3333.550743904204	3
0	10391	3335.058090967599	0
0	10405	3339.286265263573	2
0	10406	3339.6498876029	2
0	10409	3340.418798363078	1
0	10423	3344.667317260063	3
0	10433	3348.426633128554	2
0	10442	3350.484366123105	2
0	10458	3356.025831944781	3
0	10469	3360.347330343566	1
0	10475	3361.407340964076	3
0	10477	3361.585134135918	2
0	10484	3364.175705744079	2
0	10488	3365.451047278946	0
0	10494	3366.902101207997	1
0	10501	3370.210016040953	0
0	10509	3372.616836381617	1
0	10525	3377.924366815488	1
0	10547	3383.817980739062	3
0	10548	3384.121051580654	1
0	10562	3388.038010918541	0
0	10564	3388.1070024873	2
0	10570	3389.558121135931	3
0	10588	3395.187974500244	2
0	10603	3400.633273936582	4
0	10606	3401.873852654485	0
0	10609	3402.572096700555	1
0	10618	3406.599396616227	2
0	10627	3411.586005351865	3
0	10632	3412.506835877203	1
0	10639	3415.585318752455	0
0	10647	3418.431415694539	4
0	10653	3421.198474060171	1
0	10655	3422.064706853484	3
0	10662	3424.114525690448	4
0	10671	3429.300251451094	1
0	10686	3434.760710031499	1
0	10690	3435.303435890712	0
0	10700	3438.640331889743	3
0	10707	3439.9048657741	1
0	10719	3443.967406094546	0
0	10727	3445.725050891756	2
0	10735	3447.264452241248	1
0	10743	3450.726047629033	0
0	10749	3451.058421073022	1
0	10762	3456.332505806355	4
0	10766	3457.596791785915	0
0	10776	3461.695411721716	5
0	10779	3463.741998365853	4
0	10784	3466.045991160212	0
0	10789	3467.485778798821	1
0	10793	3469.672226401052	0
0	10800	3472.983359952696	5
0	10801	3473.76904395782	4
0	10807	3478.420877971692	1
0	10818	3484.064246464293	5
0	10830	3490.022442621883	2
0	10836	3493.271528605261	1
0	10844	3495.465143822605	1
0	10845	3495.835157500003	4
0	10852	3498.54967867083	0
0	10860	3500.971836769726	5
0	10865	3502.879898086313	4
0	10875	3506.896928760927	2
0	10878	3508.077020703358	1
0	10883	3510.208512670948	3
0	10891	3512.213726786436	2
0	10903	3517.468691080348	1
0	10919	3522.817276294115	1
0	10936	3528.434197932024	1
0	10940	3528.467882892587	2
0	10953	3532.194006598328	0
0	10955	3532.278490141155	0
0	10961	3534.33648368577	1
0	10968	3537.166214442351	2
0	10977	3539.5041784572	3
0	10982	3541.450205781853	2
0	10993	3545.185000065719	2
0	10994	3545.34079919756	1
0	11005	3549.692086057858	1
0	11007	3550.195822881891	1
0	11013	3550.887329175142	1
0	11022	3554.130670789401	0
0	11028	3555.712605284418	0
0	11034	3556.18963162974	1
0	11042	3559.939617928821	0
0	11049	3562.186728610895	2
0	11050	3562.835633598972	0
0	11057	3567.7435416407	1
0	11069	3573.250418141023	2
0	11073	3575.533156052817	1
0	11076	3576.942887351504	1
0	11081	3578.579806584869	1
0	11096	3584.187763738217	1
0	11100	3585.692987349821	0
0	11112	3589.639807891105	2
0	11131	3595.160601067827	1
0	11140	3598.576426703137	1
0	11146	3599.999383524296	0
0	11150	3600.281638285383	2
0	11154	3602.098684992528	1
0	11168	3606.102333092834	2
0	11183	3611.780444670008	2
0	11199	3617.22487002309	1
0	11208	3620.092708179616	0
0	11219	3622.80177575979	3
0	11224	3624.793108909509	1
0	11236	3628.252125179866	2
0	11249	3633.315941753337	4
0	11252	3633.805332581746	3
0	11268	3639.099017968407	4
0	11273	3640.955248837009	3
0	11279	3644.138241315728	1
0	11285	3644.949098326271	2
0	11300	3650.171285669673	1
0	11304	3650.569461433222	2
0	11321	3656.074562219908	2
0	11323	3656.984496476366	1
0	11335	3660.77079440025	1
0	11339	3661.30596644851	2
0	11353	3666.521398698218	2
0	11359	3668.787008375511	2
0	11368	3671.746464529779	1
0	11369	3672.046346407856	1
0	11389	3677.425526206853	3
0	11399	3680.959185613206	2
0	11401	3681.219171348959	1
0	11411	3683.040088399552	3
0	11430	3688.559006689701	2
0	11435	3688.700357318396	2
0	11448	3693.317699099774	0
0	11450	3693.519921567182	1
0	11458	3694.662474371732	2
0	11460	3695.223106471242	1
0	11475	3700.330954449025	2
0	11480	3702.526893757987	1
0	11492	3706.029128906789	1
0	11510	3711.703805801343	1
0	11514	3711.740649876191	2
0	11532	3717.538259882952	3
0	11540	3718.930230965379	0
0	11551	3722.770490261034	2
0	11564	3728.118592267627	0
0	11569	3728.510757876799	4
0	11574	3731.215219749487	3
0	11577	3732.251690486917	1
0	11583	3733.768852313288	2
0	11597	3738.832955160184	4
0	11603	3742.472690430236	3
0	11609	3744.493260740308	3
0	11619	3749.88714293554	4
0	11627	3754.718424572731	3
0	11631	3755.301221216335	1
0	11638	3758.001421735504	2
0	11650	3760.338899200321	1
0	11660	3763.606321647885	2
0	11674	3766.269892860441	2
0	11684	3769.922901301997	0
0	11687	3770.387043575296	1
0	11694	3771.917972160973	2
0	11709	3777.886947101917	3
0	11715	3779.351050879113	2
0	11727	3783.156650823777	3
0	11734	3786.00960587256	1
0	11743	3789.02270670445	4
0	11759	3794.588641094047	1
0	11766	3796.485053041724	3
0	11769	3797.221417029974	0
0	11771	3797.329819372389	0
0	11779	3799.923560492232	4
0	11781	3800.530930348097	3
0	11783	3801.799495232997	2
0	11791	3804.932273813992	3
0	11798	3808.739016740357	2
0	11804	3810.144845963459	3
0	11816	3816.017094449143	3
0	11822	3818.657244055074	2
0	11824	3819.315593404469	2
0	11832	3821.559762591499	3
0	11844	3827.09641562356	3
0	11847	3828.597138815451	2
0	11858	3833.082231866199	4
0	11864	3836.075216020467	3
0	11872	3838.200740465199	1
0	11886	3843.563962806019	1
0	11897	3846.720509900714	0
0	11902	3848.471865195674	1
0	11907	3849.247562175619	4
0	11910	3850.177209732017	3
0	11927	3854.976243557178	2
0	11936	3858.661344902482	1
0	11945	3860.254372170197	4
0	11957	3864.432633093335	3
0	11964	3866.091497589603	2
0	11968	3867.443420687693	1
0	11986	3872.047118867051	2
0	11989	3873.130930980794	2
0	12005	3877.851840088146	3
0	12007	3878.524538222237	2
0	12017	3882.3083166238	0
0	12023	3883.202130140506	1
0	12032	3887.18456583145	1
0	12039	3888.632290171694	1
0	12060	3894.627559817864	2
0	12081	3899.947924167851	3
0	12085	3900.758146455397	2
0	12096	3902.424772417757	0
0	12107	3905.166495210493	3
0	12108	3905.491073855208	0
0	12113	3907.051489876122	2
0	12122	3910.317632217893	1
0	12127	3912.044327885965	1
0	12129	3912.102431199049	0
0	12135	3915.245815821577	1
0	12139	3915.892221145799	2
0	12148	3921.061917267741	3
0	12160	3926.328275563662	2
0	12166	3930.399910472454	1
0	12173	3932.063972525067	2
0	12185	3937.567661823706	4
0	12198	3942.808768485208	3
0	12199	3944.423157056448	3
0	12201	3944.700183064914	2
0	12212	3948.440443512053	3
0	12224	3954.136216525222	4
0	12238	3959.576646450442	1
0	12239	3960.62052616978	3
0	12245	3963.164322540866	2
0	12253	3965.210688640131	1
0	12274	3970.643059999915	2
0	12279	3972.101247193641	1
0	12281	3972.190457790395	2
0	12290	3974.826917457397	1
0	12297	3975.873275531223	3
0	12299	3976.386961605633	0
0	12303	3977.408787244931	0
0	12305	3977.541860711648	0
0	12312	3981.765653584152	1
0	12315	3983.164741730322	2
0	12324	3986.920351346721	2
0	12337	3992.059132906142	3
0	12346	3997.080382735357	1
0	12349	3997.693322084267	0
0	12353	3997.990128846373	1
0	12356	4000.180769828497	0
0	12363	4003.967892202083	1
0	12374	4009.496163835982	4
0	12375	4009.940696345757	3
0	12388	4015.440651246812	4
0	12401	4021.309274026425	1
0	12410	4025.852287069894	0
0	12416	4027.275255670305	5
0	12422	4030.148558709537	4
0	12430	4033.043340073898	2
0	12436	4036.351779932854	1
0	12444	4038.928090409142	5
0	12446	4040.141130262869	4
0	12458	4044.355059137334	1
0	12465	4046.906089660478	0
0	12468	4047.990416958229	3
0	12474	4049.657932501052	2
0	12488	4055.511808587935	1
0	12492	4057.793564299122	1
0	12503	4060.959631252567	1
0	12525	4065.962306766537	2
0	12526	4066.311114201437	0
0	12542	4071.709181066602	2
0	12550	4075.163538578895	1
0	12559	4077.596766858125	2
0	12563	4077.673955491045	1
0	12585	4083.63161112694	2
0	12591	4085.028466275779	1
0	12606	4088.88524716068	3
0	12612	4090.102807047074	2
0	12618	4091.5419149684	1
0	12620	4092.087806398513	0
0	12625	4093.655859754304	0
0	12630	4094.231114366324	3
0	12640	4099.918993369676	4
0	12641	4100.389828424671	0
0	12649	4105.283424346242	1
0	12661	4110.861138281878	2
0	12668	4114.419019151013	1
0	12674	4116.066031178692	1
0	12675	4116.526217948056	3
0	12689	4121.64317850722	2
0	12693	4123.020954943728	0
0	12703	4126.691717890324	4
0	12715	4132.080724933417	1
0	12731	4137.531818924937	5
0	12739	4140.495540209811	0
0	12744	4142.705557780332	4
0	12749	4143.061680538579	5
0	12757	4147.352056365917	4
0	12759	4147.710038782565	1
0	12763	4148.734719125786	5
0	12774	4154.321094253332	6
0	12787	4160.159068507607	2
0	12797	4165.290466111387	1
0	12801	4165.568650457774	2
0	12804	4167.399486699831	5
0	12812	4170.655616317176	3
0	12825	4176.269745844881	1
0	12837	4181.309334217337	2
0	12853	4186.433388496283	4
0	12863	4190.639963672371	4
0	12870	4191.670380568597	3
0	12872	4192.817813717645	3
0	12879	4194.456160588646	3
0	12887	4196.862043213332	4
0	12892	4198.713618823562	2
0	12894	4199.321917884983	2
0	12900	4201.059600282334	3
0	12907	4202.744088266045	4
0	12923	4208.554810987786	1
0	12940	4214.197203284596	1
0	12942	4214.438447350278	3
0	12946	4214.468744551298	2
0	12967	4219.931891027606	4
0	12988	4225.739281195915	2
0	12989	4225.80287890311	1
0	12996	4227.853649999355	3
0	13004	4230.394321806371	2
0	13013	4231.71736439271	3
0	13016	4232.948572007698	1
0	13025	4235.81619661673	0
0	13033	4237.65642018919	2
0	13041	4240.289600688379	2
0	13043	4241.041107163417	1
0	13048	4243.280121223768	1
0	13053	4243.642717418495	2
0	13067	4248.665315156338	3
0	13082	4254.498731740751	4
0	13098	4260.35841743066	2
0	13113	4265.55807695468	5
0	13127	4270.757199587994	4
0	13131	4271.279105481692	3
0	13137	4273.614614567721	1
0	13147	4276.869614226278	4
0	13150	4277.565036156331	3
0	13164	4282.20219936315	2
0	13174	4286.004451394311	3
0	13177	4286.81421103992	2
0	13181	4287.341333923163	3
0	13192	4291.294448613771	2
0	13200	4292.558826695662	3
0	13208	4295.894859311633	2
0	13217	4298.036278480897	4
0	13223	4300.052735898067	3
0	13235	4303.588469499722	1
0	13240	4305.185169708449	1
0	13256	4309.367980520008	3
0	13280	4314.860329946037	4
0	13284	4315.935079177254	2
0	13300	4320.214886845788	5
0	13320	4325.745850913347	4
0	13324	4325.937942830147	3
0	13326	4326.179324949043	0
0	13338	4330.593318236526	0
0	13343	4330.975461369147	5
0	13351	4335.000774963171	2
0	13357	4336.570925979176	1
0	13360	4337.82395194482	1
0	13363	4338.694613574654	0
0	13372	4341.640464078634	2
0	13373	4341.934857675452	1
0	13384	4347.148071668808	1
0	13389	4348.951703778231	0
0	13392	4349.661277524544	0
0	13399	4352.683855425798	1
0	13400	4353.247748718368	4
0	13410	4357.720380676909	1
0	13427	4363.287768534151	2
0	13436	4367.240327467442	0
0	13444	4369.283798766554	5
0	13448	4371.984980009263	1
0	13452	4374.207645299614	4
0	13458	4375.236775959841	2
0	13462	4377.378673988513	3
0	13471	4380.655810248804	1
0	13478	4384.146063619991	1
0	13487	4386.129247931297	4
0	13494	4388.337866839603	0
0	13497	4389.820111399632	0
0	13502	4391.855738053563	1
0	13504	4392.892821338378	3
0	13514	4396.984384822658	1
0	13521	4399.29074548511	2
0	13523	4400.249755468801	0
0	13531	4402.793981113004	2
0	13542	4408.178995595312	1
0	13559	4413.927155059062	3
0	13573	4418.720627218948	0
0	13579	4419.843497132415	4
0	13583	4423.110854622677	3
0	13585	4423.759469656623	1
0	13590	4424.849752931388	1
0	13591	4424.917123841238	0
0	13602	4430.509348902035	0
0	13606	4430.710248103829	1
0	13614	4435.989661343745	2
0	13618	4436.352112453895	2
0	13629	4441.373520265332	1
0	13643	4446.678804679772	3
0	13657	4452.394357634707	1
0	13665	4454.728571149751	2
0	13671	4456.290914808051	0
0	13673	4456.733044536901	1
0	13678	4457.486146285197	3
0	13694	4463.270516197661	2
0	13708	4468.633919181999	2
0	13716	4472.509101078845	1
0	13723	4474.442036840365	4
0	13736	4479.890984470955	0
0	13741	4480.378323953598	3
0	13749	4485.342645055029	3
0	13753	4486.316724303643	1
0	13769	4491.517286232904	4
0	13773	4492.971215509227	3
0	13789	4497.414548972387	4
0	13798	4501.242294623165	0
0	13803	4503.256460421714	2
0	13807	4503.352321896933	1
0	13815	4506.734454892924	3
0	13824	4509.335981354348	4
0	13839	4514.41843581572	2
0	13840	4514.437130006729	1
0	13855	4519.592812840825	2
0	13862	4522.396137516941	1
0	13871	4524.994119148234	2
0	13884	4530.124454882693	3
0	13889	4530.180056477895	4
0	13905	4535.470290378666	3
0	13906	4535.613812468482	2
0	13913	4537.953220190243	1
0	13923	4540.802696044555	2
0	13932	4544.715087303424	3
0	13936	4545.80196452187	1
0	13942	4546.718547195427	2
0	13945	4547.656253757068	1
0	13959	4552.077145041896	3
0	13976	4557.684398433192	2
0	13979	4558.718031045627	1
0	13981	4558.841835923142	2
0	13994	4563.64018692728	1
0	13997	4564.650507764776	2
0	14004	4566.93244151608	0
0	14009	4568.22026768629	0
0	14015	4569.235933814895	3
0	14027	4575.107324609997	3
0	14029	4576.584803037579	2
0	14036	4580.450812915807	1
0	14040	4580.517110396873	1
0	14046	4582.672984369217	0
0	14050	4584.118293482807	0
0	14056	4586.039075870763	1
0	14061	4588.758829308324	2
0	14063	4589.037136593482	0
0	14068	4591.629252840297	1
0	14076	4596.366437522576	0
0	14078	4596.540403562482	1
0	14082	4597.562275925416	2
0	14089	4602.721773555966	1
0	14101	4607.974454828303	1
0	14105	4609.335248842253	1
0	14118	4613.404366850385	2
0	14124	4616.213870872624	0
0	14132	4618.599648068657	1
0	14147	4624.545033375498	2
0	14163	4629.891077064674	3
0	14165	4629.97186204081	1
0	14168	4630.441546000888	2
0	14170	4631.321781896984	0
0	14179	4635.604532409923	2
0	14182	4636.245533043284	1
0	14194	4640.853477315742	1
0	14199	4642.379382704731	0
0	14201	4642.927596512015	0
0	14203	4643.670103133889	1
0	14210	4646.301735853308	1
0	14221	4651.699749796881	2
0	14234	4657.11608401965	1
0	14248	4662.626326591356	0
0	14253	4662.978983850448	3
0	14262	4667.839890719738	2
0	14264	4668.233745112201	0
0	14268	4668.790455468927	1
0	14280	4674.11897637881	3
0	14293	4679.995914194264	1
0	14309	4685.517977846317	1
0	14321	4688.958085234041	2
0	14331	4691.031943823906	2
0	14342	4694.52016150532	0
0	14349	4696.061366897306	1
0	14351	4696.560867868826	0
0	14361	4699.834842984561	1
0	14369	4701.461293326222	3
0	14384	4707.439053961771	4
0	14389	4709.286888764236	3
0	14402	4713.009826414982	2
0	14417	4718.312862675168	3
0	14432	4723.359107470369	2
0	14444	4727.70074528304	1
0	14446	4728.061556253344	2
0	14448	4728.360426074701	2
0	14453	4728.924738454396	2
0	14460	4731.761945888513	1
0	14465	4733.298208991058	1
0	14467	4733.31765141326	1
0	14472	4734.238159572236	2
0	14479	4736.530531982771	1
0	14483	4737.986986068772	0
0	14491	4739.561799573242	1
0	14502	4744.45745397836	0
0	14507	4744.919690118865	2
0	14518	4750.271811240115	1
0	14531	4755.477494451212	2
0	14536	4757.832934436498	1
0	14547	4760.623308852775	2
0	14549	4761.049115913099	0
0	14560	4766.366068248864	1
0	14563	4767.270531158655	1
0	14577	4771.582537411706	2
0	14579	4772.819993115258	1
0	14593	4776.739560373587	1
0	14594	4776.881767453503	0
0	14610	4781.944509160699	3
0	14625	4787.193565004965	2
0	14640	4792.519691210234	3
0	14646	4794.887619419833	2
0	14658	4798.083299809828	2
0	14667	4801.45399914367	2
0	14670	4802.174465568032	1
0	14675	4803.162385733559	2
0	14677	4803.42585960356	1
0	14692	4808.404240332305	3
0	14708	4814.194239330239	3
0	14719	4819.0094744733	2
0	14724	4819.981560228619	4
0	14725	4820.020150061343	0
0	14739	4825.22259891149	3
0	14740	4826.130512965486	3
0	14744	4827.683083435049	2
0	14752	4830.692841778271	4
0	14762	4836.042377476109	3
0	14776	4841.996962492814	1
0	14790	4847.036820350907	5
0	14809	4852.700390503968	6
0	14813	4854.237570115941	2
0	14826	4858.040160822675	2
0	14829	4858.813409708319	5
0	14842	4864.003580882673	1
0	14859	4869.003727168538	1
0	14863	4869.009303949068	6
0	14882	4874.534101618214	7
0	14903	4880.071923538337	8
0	14912	4882.926445568322	0
0	14916	4884.412857846006	7
0	14918	4884.536641868409	1
0	14924	4886.062150721198	2
0	14941	4892.023670340648	8
0	14957	4897.682778904207	2
0	14964	4900.787086456777	1
0	14975	4903.52887437911	1
0	14988	4907.619741765198	7
0	14991	4907.921310343423	0
0	14995	4908.962905209272	3
0	15010	4914.044074526516	2
0	15017	4916.871524629411	2
0	15022	4917.751596487355	1
0	15030	4919.358635608333	1
0	15045	4924.838888787542	1
0	15049	4924.855207884445	2
0	15069	4930.310645599377	8
0	15072	4931.01500454393	1
0	15092	4936.205297281493	9
0	15094	4937.029497416572	8
0	15116	4941.435149486403	2
0	15125	4943.977561518311	0
0	15135	4947.16206430387	2
0	15140	4949.446853117079	1
0	15150	4952.420959994656	3
0	15152	4953.098901697775	2
0	15159	4955.021364968501	7
0	15167	4957.790939959458	3
0	15178	4962.049307025032	0
0	15184	4963.06037146644	8
0	15196	4968.414951275562	4
0	15209	4974.151089193293	5
0	15222	4980.075561597937	1
0	15224	4980.673370139316	4
0	15236	4985.222454851487	2
0	15237	4985.409811271352	7
0	15247	4989.106951253366	1
0	15256	4991.038324405433	1
0	15258	4991.756938492407	0
0	15261	4992.579460368023	6
0	15275	4996.519025560695	1
0	15276	4996.844923585763	3
0	15298	5002.11637862189	4
0	15320	5007.912720981746	7
0	15325	5009.363599058585	3
0	15340	5013.26396053796	2
0	15355	5017.027011383904	6
0	15358	5018.027278913528	0
0	15362	5018.719410953804	1
0	15377	5023.433537783443	1
0	15379	5024.008814699827	2
0	15384	5024.461745036061	2
0	15403	5030.00110070267	3
0	15423	5035.205789472901	7
0	15434	5038.663308800539	2
0	15445	5041.100435480934	2
0	15452	5043.261459667577	1
0	15465	5046.201629260314	0
0	15467	5046.676998842505	6
0	15473	5047.028385293197	1
0	15488	5051.945294560277	1
0	15495	5052.380083309945	3
0	15509	5056.877792541746	0
0	15513	5057.941298530197	2
0	15517	5057.945778521935	7
0	15530	5063.005811878939	3
0	15547	5068.266758474049	4
0	15553	5070.043807256029	0
0	15564	5074.116292088519	1
0	15567	5075.888291265231	6
0	15569	5075.91865722264	3
0	15581	5079.529925096308	7
0	15597	5084.801755661604	4
0	15609	5089.101950958601	6
0	15615	5090.365756479318	7
0	15621	5092.089836704889	3
0	15632	5095.774776152794	4
0	15647	5100.807903970818	1
0	15653	5102.426058324394	0
0	15665	5106.343264198157	1
0	15667	5107.029580367723	0
0	15682	5111.687531890923	3
0	15686	5112.242715063731	2
0	15688	5112.921368577745	1
0	15707	5117.970426122884	8
0	15712	5119.878203702505	7
0	15721	5122.57558507949	2
0	15727	5123.791933211957	8
0	15735	5127.410285301501	1
0	15744	5129.652225111605	2
0	15762	5135.131768812885	2
0	15778	5140.452361014433	9
0	15779	5140.666107554332	1
0	15795	5146.151719036273	1
0	15799	5146.991330982063	1
0	15808	5149.818002273209	8
0	15817	5151.602547470008	2
0	15832	5156.644253367784	9
0	15843	5159.374517830552	8
0	15857	5162.264187765999	2
0	15877	5167.888806505122	2
0	15885	5169.852174282533	1
0	15887	5170.370302402879	7
0	15898	5172.921487196224	1
0	15903	5173.746759974391	3
0	15905	5174.220230854924	2
0	15913	5176.094349720159	1
0	15922	5178.417391036864	0
0	15927	5179.059231545071	2
0	15944	5184.120782286388	2
0	15960	5189.779702310211	3
0	15967	5192.880986300298	6
0	15975	5195.232991036021	7
0	15983	5197.9560416385	2
0	15993	5200.898237369017	3
0	15996	5201.613067461983	1
0	16000	5203.050879634802	6
0	16011	5206.664574827061	4
0	16027	5212.006571763189	5
0	16029	5212.478857656117	0
0	16041	5217.826130292372	1
0	16044	5218.648284145506	4
0	16050	5220.725572365095	3
0	16056	5223.123564806069	5
0	16061	5223.666582979488	4
0	16077	5229.254082774271	5
0	16078	5229.695262933377	0
0	16088	5234.325189228396	6
0	16100	5240.052489981049	6
0	16104	5241.694505125975	5
0	16108	5243.274104113924	5
0	16111	5244.828967167298	4
0	16116	5245.509687549196	6
0	16127	5250.783792425873	7
0	16139	5256.220130805154	1
0	16157	5261.415722106811	2
0	16161	5263.535512979365	6
0	16173	5266.514211438125	1
0	16194	5271.720498955337	7
0	16195	5271.758366627026	6
0	16198	5272.567682677526	1
0	16203	5273.640806180886	0
0	16207	5274.946800538688	3
0	16215	5277.053751657013	4
0	16230	5282.57933386438	2
0	16248	5288.026195982466	7
0	16267	5293.988722529723	3
0	16280	5299.734070169844	6
0	16284	5299.764728689328	7
0	16291	5302.781725042726	2
0	16295	5303.995145462796	1
0	16303	5305.530158943026	2
0	16307	5307.026341865189	3
0	16319	5310.794798440761	3
0	16326	5314.103423263055	2
0	16333	5316.364396705633	1
0	16337	5316.654033366586	8
0	16340	5317.031074296558	0
0	16344	5319.186562536984	2
0	16352	5322.315978660942	1
0	16365	5327.758223674488	1
0	16366	5327.82158940913	7
0	16389	5333.495709074656	3
0	16411	5339.309014961351	2
0	16417	5340.600388313763	2
0	16424	5342.667176749909	1
0	16436	5344.739955301624	8
0	16444	5347.888027186611	7
0	16448	5348.455277152944	0
0	16455	5349.997827439331	3
0	16459	5351.611218116125	0
0	16462	5352.833127024223	6
0	16464	5353.453315149755	2
0	16470	5355.326861409233	3
0	16480	5360.370569022368	1
0	16498	5366.006236890559	2
0	16506	5369.377718121273	2
0	16516	5371.926127929236	1
0	16534	5377.036415562262	2
0	16547	5379.833529939749	5
0	16553	5381.527642244002	1
0	16555	5381.76997957879	1
0	16561	5382.998315310567	3
0	16570	5385.641433118371	2
0	16582	5388.160940488563	6
0	16589	5390.233893009012	0
0	16594	5391.250600985712	1
0	16604	5393.964638851113	1
0	16620	5399.029318128472	5
0	16626	5399.088524992806	2
0	16641	5404.935100900237	0
0	16645	5404.946038744641	1
0	16668	5410.514549525683	3
0	16677	5413.265132100435	2
0	16681	5414.36528323695	0
0	16689	5416.283930882109	6
0	16701	5420.594382249165	1
0	16709	5422.18484792369	1
0	16718	5424.422515653532	5
0	16720	5424.573702456656	0
0	16730	5427.933697904223	2
0	16732	5428.150609318974	4
0	16739	5430.728161360595	3
0	16750	5433.240360124731	1
0	16757	5435.684641427122	0
0	16767	5438.405912575308	2
0	16769	5439.596304569385	2
0	16773	5440.271820931227	1
0	16784	5444.165184304114	3
0	16786	5444.920447769223	0
0	16793	5449.186941442075	2
0	16798	5449.901567199496	3
0	16800	5451.364014648013	2
0	16811	5455.574641062641	1
0	16818	5457.876208655991	1
0	16829	5460.914868072602	3
0	16834	5462.618849129295	2
0	16847	5466.83353988267	2
0	16849	5467.283741109411	1
0	16865	5472.056400946569	3
0	16866	5472.870797810017	0
0	16873	5476.01802529918	2
0	16879	5477.093295299908	1
0	16893	5482.225587783143	1
0	16896	5483.367753335735	0
0	16900	5484.395374328126	1
0	16912	5487.828397671454	2
0	16916	5489.132450273604	1
0	16927	5492.953035046807	2
0	16930	5494.460361852538	0
0	16940	5498.10440394375	2
0	16946	5500.987599015345	1
0	16949	5501.912143937887	0
0	16951	5502.041486284341	1
0	16956	5503.986058064499	1
0	16969	5509.440057047871	2
0	16980	5514.961677181996	1
0	16994	5520.414808372497	2
0	17001	5522.889396265375	1
0	17007	5525.282247109916	0
0	17020	5531.49952912528	1
0	17025	5534.189019595846	0
0	17033	5543.708663603751	0
1	37	22.578687817442	12.191023487017
1	55	30.184217179779	13.892055120671
1	60	31.480972411462	26.252168920708
1	62	32.139792297503	10.20227277442
1	82	39.360608943273	1.711332623148
1	114	50.319582435185	23.048011754987
1	128	54.647284977022	22.124307056772
1	132	56.031858365053	12.763770822669
1	155	67.535761288251	19.097334105637
1	173	75.205163172563	16.27377862425
1	178	75.439039918711	5.24465626094
1	183	77.567486301647	13.132651549647
1	191	80.373931281851	26.741153915296
1	205	86.064578138293	10.740221068496
1	220	93.912546670645	13.508085697538
1	224	95.994704744664	4.60441230645
1	250	111.451617158136	2.763903347659
1	254	113.79796915606	27.458505760061
1	264	117.784712074209	3.497767630149
1	276	124.368570900055	27.010016074401
1	291	128.910661241273	3.813567472155
1	296	130.917071403936	11.279988337307
1	310	139.460210684802	36.462378231922
1	338	151.712992990273	3.89810034458
1	345	153.463370646117	22.409779627806
1	350	154.913849821898	12.734128992889
1	367	163.188193009468	10.359884406207
1	375	165.869070489075	29.17856468621
1	412	179.274448220732	21.242503755607
1	423	182.571530787392	19.139682698647
1	451	191.048228350236	16.516248481116
1	487	205.317356734303	25.430156383895
1	499	208.688934642707	39.598373898889
1	523	214.568925842061	6.964204114513
1	529	216.686559261406	19.879450873356
1	533	217.813507209883	32.023851353327
1	557	227.221414090368	24.659238270252
1	561	228.148680502316	3.862359636929
1	615	246.004225151731	55.156095782645
1	625	249.032357822522	19.08217325632
1	645	254.072949267459	35.690961082234
1	677	262.583266942065	11.019651597833
1	702	270.648874255247	35.033074503648
1	713	275.170531396174	61.876510688455
1	715	275.431166840019	18.227815600578
1	738	283.339712797317	42.224174484729
1	750	285.935075527523	12.011857869802
1	767	292.45027847402	45.998453584269
1	779	296.136831205455	28.02192006621
1	813	305.594171680744	43.038731765934
1	826	308.411521137228	17.83847696567
1	837	310.933348232648	26.350473866332
1	847	313.492464545068	34.397018245073
1	872	324.23887314985	28.642408842801
1	876	324.886093991577	24.127285856288
1	937	352.809077133189	46.213987580729
1	952	357.90865803289	7.53701668221
1	957	360.841537731702	32.391371100676
1	982	369.72605893412	2.762501330813
1	984	369.772203151837	36.248553352896
1	1017	382.488419457336	70.219434494148
1	1026	384.208517713822	45.167437778202
1	1068	396.675969591361	79.017734693125
1	1087	402.166074177023	29.994061887732
1	1093	404.370443303368	81.169578402997
1	1134	415.897527172466	27.372330241603
1	1144	417.623086647599	72.958685803926
1	1152	419.92472963804	20.449999280974
1	1170	423.722742060204	18.646117770347
1	1187	428.105999597935	66.67738669098
1	1215	435.197568487721	79.218569785
1	1223	438.284739798871	44.519325223054
1	1248	444.347292139317	5.572048049305
1	1277	453.401101788512	31.413150611335
1	1299	460.632929627673	44.387000758086
1	1305	461.522647880944	83.923977871883
1	1340	473.650017150099	24.124576985951
1	1360	479.954627717733	14.025224041775
1	1371	483.247145509935	39.025753469324
1	1394	490.736447634531	13.621452669265
1	1396	490.961221970041	36.031661434216
1	1402	492.760214479284	109.71225012384
1	1417	497.569982123671	86.700120597718
1	1472	512.987660387302	52.267749469726
1	1478	514.234899526699	25.840477915945
1	1494	517.949209969498	19.125165537234
1	1510	523.951086221617	40.974827281548
1	1518	526.130543889587	98.594819655281
1	1562	539.303288438013	29.495945860049
1	1582	545.67027488852	52.043040567194
1	1596	549.183188498957	22.478220670252
1	1600	550.35207519528	117.48055645228
1	1638	563.204724946648	31.20251142455
1	1648	565.122423286191	93.254942746702
1	1652	566.500137840635	51.359152277465
1	1661	568.47906703002	19.353400347174
1	1704	582.848452166775	17.749004782526
1	1723	589.89179064264	46.418689121957
1	1741	594.131633354923	89.829352754269
1	1773	603.042893953276	48.64439307514
1	1783	605.311380700199	84.450673759435
1	1794	608.777456860878	37.855211279238
1	1807	611.015391767843	18.794164033255
1	1812	612.336030421202	30.660443263012
1	1847	623.010253335933	47.020416102252
1	1854	625.82963729777	88.345056781183
1	1863	628.278247654197	68.557306705262
1	1895	638.919722790368	29.323846563463
1	1921	648.998027751807	62.261567103557
1	1924	650.542540679561	52.657006980721
1	1955	660.309244195468	11.884520626393
1	1987	672.96510761022	69.099448487394
1	2007	680.477010464531	15.538968387524
1	2013	681.819937393758	66.279296705252
1	2015	682.099430744075	61.172050591791
1	2020	682.995253176663	6.479002697624
1	2028	685.613688846472	4.057989192545
1	2060	695.030497852599	2.657172219711
1	2066	696.366259130539	59.328702728848
1	2091	705.16656131436	78.771654844968
1	2093	705.190993419969	17.934786241619
1	2114	711.515817171083	69.061840824433
1	2135	716.655025378456	13.137929936523
1	2160	722.531301212486	91.072051419163
1	2170	725.422646141964	16.105450376985
1	2173	725.541132918679	71.269900532322
1	2182	728.043006357609	68.741805664597
1	2220	740.575681221428	14.414030044791
1	2224	741.819777497329	27.284593318824
1	2259	751.226423673452	80.691283865948
1	2289	758.999200328476	22.150461452999
1	2319	767.92172127334	20.328134702054
1	2345	774.204049500992	32.074078830776
1	2373	781.667100614056	83.546901747002
1	2402	789.366136345668	13.629185852712
1	2407	790.819740175274	4.117632582552
1	2411	791.327121598766	26.981840854394
1	2420	793.208520952848	72.861632796237
1	2445	801.530784873184	42.48882090522
1	2448	802.581815577347	21.186714180045
1	2460	806.174913736418	13.816113096318
1	2481	813.815122638016	82.430848980437
1	2512	823.525035364092	20.717518780847
1	2518	824.303233379385	15.938374132966
1	2578	841.105590001449	87.930831805335
1	2584	842.760220978411	72.553524946559
1	2592	845.695557156	26.864695084166
1	2603	847.773658721827	33.947662414866
1	2617	851.012556675709	21.685612209026
1	2632	854.982713413545	30.811133999029
1	2664	862.59063934477	11.702687280837
1	2685	867.421889794177	21.637158495723
1	2697	870.864937705923	73.181915019872
1	2701	871.217613289601	31.337927176152
1	2746	886.116090275933	29.838830404335
1	2751	887.664113484556	26.118435617069
1	2778	898.799748958325	64.10548657179
1	2787	901.769724920396	34.531292066679
1	2814	915.946400973252	42.980742145799
1	2835	924.332192152859	40.294902852157
1	2855	931.260569344047	52.374762052674
1	2889	941.707375414092	51.926978694627
1	2907	946.899722167527	24.044780567056
1	2923	952.169226186122	45.647646042753
1	2978	968.074603734659	72.732018401965
1	2997	971.962943735652	17.200845572982
1	3002	973.543086452645	45.340668655699
1	3015	977.492458673667	65.663612780631
1	3051	988.855042192623	87.530669366942
1	3085	998.581323128895	65.355034018401
1	3125	1008.838038267458	91.971059099891
1	3159	1017.111994368959	67.623376906385
1	3166	1018.869904740947	30.677425609668
1	3170	1019.39098605246	75.460747933131
1	3190	1024.808084463237	59.447520512855
1	3209	1028.820290519158	58.384441795991
1	3235	1037.281777869687	98.936265849981
1	3252	1042.283282122107	32.633055152834
1	3266	1046.277996335181	86.166416429915
1	3312	1059.762971570016	33.416707277297
1	3314	1059.830875041439	83.507836642684
1	3326	1062.174040366662	30.316878272452
1	3344	1066.962203664708	84.680876886474
1	3385	1077.048171380649	39.728695420196
1	3395	1079.914741798887	80.801378389936
1	3404	1081.590000467378	27.199881388575
1	3419	1084.620541611339	13.672399850912
1	3421	1085.21901978704	8.333891882912
1	3428	1088.090954610389	94.328569245533
1	3430	1088.241218086912	28.202013567436
1	3456	1097.312244084664	3.247150973183
1	3475	1103.487489844673	3.745665736729
1	3508	1117.202651091746	112.71380312497
1	3511	1118.26413119526	35.48361230164
1	3551	1130.218132014036	19.83989714144
1	3553	1130.44997915743	115.53797812365
1	3564	1134.14319589292	18.671788324603
1	3572	1136.95846302855	116.30941782916
1	3588	1141.60816630209	15.35493697389
1	3596	1143.639197266663	23.152293715394
1	3601	1145.016966911276	102.35146064545
1	3640	1157.950154715684	14.684327865484
1	3653	1161.472487638005	29.317844219503
1	3658	1162.955461801157	114.42276032188
1	3717	1179.074512136529	113.47354467715
1	3731	1183.286571094531	22.987800346683
1	3739	1184.199193848184	18.193267425407
1	3761	1189.832128301032	41.260303386254
1	3772	1192.965817904692	104.64401304502
1	3826	1209.290885511911	104.33351646143
1	3846	1214.469384154073	36.709176474249
1	3849	1214.72911607055	42.830077516844
1	3851	1215.718168325028	14.741593986751
1	3868	1218.872769482667	11.954798956399
1	3874	1221.21835537942	9.105657063309
1	3898	1228.403403320701	39.331996687338
1	3941	1242.175739053294	104.44433423982
1	3956	1246.394098544733	91.965076829777
1	3963	1248.277658873241	3.32120593125
1	3969	1250.303185931755	32.667909924286
1	3971	1250.455579232893	55.415775487432
1	3980	1252.809768467796	2.143014569651
1	4004	1261.622322537594	77.986739695193
1	4017	1265.173304059428	42.325015358975
1	4072	1283.787950206554	27.805816860872
1	4087	1288.113672795943	26.162308159285
1	4089	1288.737529655806	4.196790401707
1	4106	1294.688046515222	66.211140299214
1	4117	1297.760116355262	63.380832861408
1	4129	1301.086233900166	11.286460730713
1	4153	1308.738522310858	68.870854473786
1	4166	1312.817243139266	44.976127343022
1	4195	1323.098232065335	49.642988191455
1	4200	1323.915702376399	28.345826813598
1	4214	1327.780175653173	26.700801811296
1	4245	1335.058594647687	55.787848207522
1	4248	1335.428762278175	12.684711950249
1	4270	1343.471483594274	36.917482704154
1	4281	1346.901127653902	29.813543569299
1	4286	1348.454196553328	36.474901046948
1	4295	1350.683025726003	17.435565736957
1	4326	1360.915177276831	32.721008553172
1	4352	1366.508251286114	27.633461573391
1	4388	1377.690798969708	33.100438922407
1	4396	1379.927676672241	29.766167876896
1	4431	1389.504591738345	33.564127503196
1	4455	1399.200640692378	38.247934551208
1	4467	1402.243657540765	30.480861039131
1	4483	1407.613156485726	30.339131579386
1	4499	1411.98145426333	28.94585516851
1	4506	1413.253809391066	47.040762980474
1	4561	1428.134225407038	39.109917752329
1	4567	1429.884176471049	35.069499949699
1	4580	1433.9160362538	22.668399666669
1	4583	1434.315755367632	28.385942680877
1	4591	1437.701452557352	21.051861704677
1	4621	1449.073170457979	48.880894500072
1	4624	1449.420830695197	5.376849024558
1	4660	1462.757516807184	40.828855133384
1	4683	1470.145425683017	42.783027661856
1	4727	1482.467856755018	27.20944223809
1	4737	1486.499984965665	48.360800331925
1	4760	1492.201756767359	59.105307984057
1	4787	1498.779218382555	11.538776483503
1	4805	1504.616538973296	28.16154602915
1	4809	1505.777735678367	34.593848150573
1	4815	1507.963109405026	58.216242721546
1	4883	1530.098676720639	37.250035892242
1	4886	1531.193402639128	27.415114192059
1	4901	1535.627276900937	75.239448218151
1	4941	1546.968420196445	37.501891471562
1	4969	1556.181646916788	41.476133099293
1	4989	1562.814906993895	96.866664714656
1	5023	1572.197980683067	30.402824969728
1	5048	1578.404296004926	96.400449785414
1	5054	1580.044829106895	59.441554561957
1	5104	1592.568225085622	28.147184565313
1	5135	1601.913271840316	43.049973482149
1	5140	1602.781960134293	104.51465540695
1	5155	1607.016981713023	70.457509130483
1	5160	1608.756657558613	21.904848093515
1	5168	1610.775114211725	84.473473218038
1	5186	1617.261349622282	85.952784261085
1	5201	1622.463786506923	74.975283716466
1	5220	1628.932614412396	75.773011754733
1	5227	1630.137141181277	59.894369405578
1	5234	1632.47155919171	23.098633295508
1	5248	1636.400717096997	60.217703619397
1	5279	1645.229800355976	15.138337163839
1	5291	1647.743986054447	66.375640093235
1	5308	1654.166760176078	61.716827885134
1	5315	1657.186022355232	53.369441203314
1	5362	1670.975142350192	72.951631596079
1	5368	1672.158183319856	57.677743685324
1	5371	1673.196155382905	37.290826991083
1	5373	1673.885257646911	49.042180439457
1	5385	1675.996930091412	28.980940439504
1	5397	1680.928911288739	16.778796610655
1	5399	1681.117448843088	40.071062335977
1	5411	1684.827691546995	3.412234136718
1	5421	1689.366599321611	69.556821426618
1	5434	1694.44085020456	35.736830418464
1	5488	1713.368906580623	60.434379859137
1	5501	1717.397649018448	19.465037915972
1	5515	1721.396027586195	51.405430298066
1	5520	1722.515442501176	8.251527381944
1	5546	1734.78407411371	59.191181597068
1	5566	1741.017210831065	31.989725243892
1	5577	1744.910249967833	57.516867244152
1	5585	1746.362717660973	26.928037631917
1	5587	1747.219887936725	12.225958332419
1	5597	1752.247484690747	2.046772715403
1	5644	1771.37475475518	10.78502626007
1	5652	1773.296116195277	17.736896138758
1	5654	1773.716202551974	80.974373564827
1	5665	1778.208439723128	11.913607161493
1	5683	1786.982540717119	9.275551032507
1	5723	1804.434691219598	101.21599892806
1	5737	1808.303247083797	7.767141481512
1	5745	1810.522714334776	27.514488047221
1	5768	1816.780417068287	92.094127073072
1	5808	1830.677747089769	35.726011705701
1	5818	1833.208076626648	27.040811064536
1	5823	1835.579020850481	13.653285424342
1	5843	1842.965466281641	113.24808515516
1	5856	1845.870750379642	105.87652288576
1	5877	1850.828770046242	23.585941021447
1	5882	1852.180199588652	7.699672895018
1	5901	1857.724877806149	46.3458218961
1	5917	1862.555780232887	23.961205987027
1	5944	1870.687460463381	9.524001220591
1	5959	1875.527004361043	130.48052633589
1	5976	1880.733513634539	13.573656968424
1	6001	1888.905480722665	72.182199465108
1	6012	1892.447112008933	14.324735187461
1	6045	1905.788321161411	56.147352847269
1	6047	1905.830631999187	133.57531750656
1	6076	1919.20586262073	63.916140346902
1	6104	1929.01420361316	6.782514874125
1	6117	1933.501837571856	144.53159897542
1	6132	1937.357847798384	48.264723398256
1	6142	1939.559948462644	5.999811608227
1	6164	1946.575172619081	18.834467080306
1	6170	1948.933252229362	116.08024763293
1	6179	1950.463496287127	77.903287462894
1	6211	1958.868182485345	53.228493490608
1	6224	1961.515238172026	12.114860592991
1	6228	1962.114958545426	7.065950396236
1	6242	1966.691728793205	55.540010687548
1	6249	1969.365342495267	30.760664025556
1	6257	1972.348082480728	88.627443010227
1	6276	1977.998860623107	5.956554612028
1	6294	1984.162695725334	6.180094072944
1	6296	1984.474860817902	89.778071730638
1	6303	1987.476114549211	43.70496574673
1	6320	1993.504008354279	93.448164475274
1	6351	2001.836839145285	12.664693630766
1	6359	2004.29594613775	43.29347177921
1	6362	2004.757338438768	4.366582492483
1	6371	2005.796467521006	89.113907104833
1	6387	2013.731306578385	47.113467395656
1	6428	2027.270048554175	5.232747481089
1	6433	2028.467965798225	44.620876731354
1	6444	2031.622106718833	36.729690093081
1	6457	2034.707046192374	28.984989975113
1	6462	2036.988308714006	26.228248063474
1	6472	2040.167667144447	23.730754346122
1	6505	2051.605094489875	7.465677551691
1	6511	2053.72370163654	4.098283872472
1	6524	2056.957749577359	18.336514035823
1	6527	2057.843856259718	30.339989135043
1	6588	2077.117981230377	16.808299222495
1	6610	2082.922048899116	16.870307687205
1	6612	2082.95303836139	28.250117465852
1	6626	2088.69455278607	55.358264896904
1	6633	2091.498600473629	3.611154423328
1	6675	2104.008433828831	32.56932400912
1	6691	2107.366792406656	25.452676241286
1	6703	2110.218824354585	11.228825423518
1	6708	2112.221472613168	35.420714176378
1	6738	2122.414525369765	29.088818473391
1	6769	2130.762689406872	26.685389918395
1	6773	2131.928286788986	10.693327022716
1	6781	2134.623584754184	25.113254111609
1	6809	2145.357516077231	13.314830763614
1	6812	2145.99563731719	30.694974791026
1	6840	2155.555678174249	11.584087358204
1	6855	2161.281144798386	34.528920047568
1	6879	2172.096787102751	34.110384687312
1	6894	2178.590632951001	24.148986138515
1	6906	2182.011019039198	22.20509008178
1	6921	2186.234912413635	21.155421122438
1	6925	2186.967193598395	11.052487233421
1	6937	2191.248150949133	41.979646195655
1	6946	2193.152037671185	22.661605599684
1	6978	2207.989355841653	20.780578814214
1	6982	2209.056259097416	16.009222156018
1	6989	2210.316280514119	28.442179580568
1	7009	2219.147877398531	3.974384143134
1	7032	2227.462687623687	29.404552672755
1	7036	2229.381225685941	25.403355772259
1	7044	2235.932112305193	26.129826994146
1	7055	2241.110832403183	4.745966934366
1	7070	2248.376713630162	28.071667214505
1	7082	2253.555859134417	27.973939489223
1	7090	2256.322057474987	25.094855231348
1	7134	2270.975454972592	18.481140501331
1	7136	2271.33937052614	24.832041272426
1	7146	2275.409078572993	17.068366945603
1	7159	2282.066088838155	40.641659370274
1	7208	2300.934824469385	26.019877731916
1	7221	2304.584320678261	23.983077521784
1	7223	2305.015011859477	18.414191420538
1	7239	2309.758910522915	12.173181670369
1	7246	2312.004641658395	8.845392749644
1	7257	2316.877187646343	52.912382985812
1	7261	2318.205196585157	48.665478132081
1	7273	2322.501267724904	30.769540278705
1	7278	2323.882373724484	14.761597005534
1	7288	2327.893360419202	12.851325507277
1	7306	2336.209619520117	3.64549139759
1	7316	2339.188568619664	12.562486244017
1	7322	2343.792699534216	22.784704554827
1	7342	2353.745748154239	15.411960136029
1	7393	2374.044239956771	30.073461155756
1	7397	2374.997668511003	3.195314980112
1	7409	2378.237369004523	28.947066692752
1	7412	2378.776364534513	18.562855378608
1	7416	2380.840405997823	26.178305731621
1	7449	2392.430869357896	26.536393589807
1	7468	2400.674663545332	22.934340750798
1	7479	2407.783024389299	24.475988460472
1	7481	2409.531297257172	21.083149666898
1	7490	2415.165299281363	21.093148450483
1	7504	2421.998533251465	5.403570531634
1	7556	2443.069105664386	43.438960460363
1	7568	2446.679496837781	24.755642497212
1	7574	2448.639849277796	21.233188035081
1	7595	2457.804457101506	52.277841323985
1	7603	2460.661434256473	49.357378129846
1	7606	2461.420329146089	28.394612535601
1	7618	2465.377558661977	5.153053139918
1	7650	2474.029308786967	30.063394493772
1	7655	2475.270562735739	9.285948107368
1	7701	2490.104277327074	51.411518072357
1	7720	2496.616440470918	25.125951454394
1	7725	2497.351778479295	47.793878424679
1	7775	2511.519855553636	22.195648608145
1	7793	2516.915401768295	21.819979294554
1	7801	2519.806660831795	36.462525819313
1	7804	2521.173475999967	66.439310103535
1	7822	2526.835117848827	3.945490549318
1	7848	2537.740033532959	60.311676243782
1	7872	2546.750430227498	45.848621640125
1	7890	2554.42303996988	26.462339667723
1	7893	2555.221852603839	4.41820384888
1	7912	2561.470371796176	22.459429309125
1	7929	2566.668023052399	10.197618980428
1	7935	2568.258346224903	62.068140044572
1	7951	2575.921209917521	64.033533668957
1	7964	2579.97752153385	1.389338017209
1	7981	2585.311196245379	40.45970882697
1	8015	2596.875856120959	24.145343237207
1	8027	2601.278244202027	83.558879562884
1	8049	2609.298051452156	47.103945457031
1	8054	2611.142266201793	10.450400870993
1	8074	2617.109848906288	83.370388503183
1	8091	2623.091633348498	16.965665583732
1	8125	2631.925828287036	47.758196860438
1	8165	2644.416446689402	77.084121861609
1	8179	2648.739733355592	25.762592378773
1	8181	2649.0661224759	31.782230257174
1	8211	2662.548456056627	72.382390603536
1	8220	2664.403291452448	1.729113746667
1	8233	2669.133854363935	41.039854750388
1	8286	2689.006623935775	55.07700150984
1	8288	2689.245976969834	93.679497227302
1	8333	2702.65462170728	7.328260936541
1	8351	2707.077522690412	28.199143398785
1	8361	2709.651756494889	98.320412399826
1	8390	2716.747452660586	16.179561506376
1	8392	2717.365466061635	77.49910590041
1	8405	2721.911303994363	70.596494763736
1	8426	2728.735850561181	44.311226285294
1	8452	2737.272304822459	64.211778032357
1	8489	2747.043414338613	101.46966670465
1	8496	2748.542779625513	36.662924057919
1	8516	2753.227742857069	23.934205238938
1	8541	2759.729212606565	24.624228969218
1	8555	2763.849786339682	17.90520529484
1	8559	2764.741626999925	13.276148571281
1	8582	2772.556796813504	115.45263049623
1	8595	2776.126361688022	13.20176153502
1	8610	2781.495458458784	24.16123756277
1	8632	2788.61522934924	20.394170180081
1	8678	2800.653324278891	10.151481611538
1	8681	2801.099554750025	133.40928376617
1	8702	2807.693663342164	34.254741674757
1	8706	2808.700144565433	29.273319011784
1	8713	2811.046615322126	26.447769733147
1	8721	2813.212586270418	123.52576564578
1	8728	2815.788729491993	19.345371496743
1	8743	2820.455914019961	7.636953656912
1	8745	2820.851645904599	114.7528990712
1	8749	2822.211257460295	20.22732847626
1	8808	2840.496738950612	122.69712314767
1	8810	2840.51407218317	33.139094924899
1	8840	2848.537889377219	30.664152626648
1	8845	2850.055494481814	15.358070931976
1	8851	2850.75434178615	27.538838490263
1	8872	2858.820232015106	19.067350971279
1	8879	2860.927954952124	137.39612489602
1	8895	2866.705210007734	126.11264432874
1	8913	2871.878285541437	16.297692606693
1	8919	2872.669638884374	27.909031229676
1	8985	2893.156429039671	64.260319644706
1	9003	2897.081478484909	18.691895005991
1	9011	2898.903960607948	31.975606513674
1	9020	2901.298316342413	39.956621487977
1	9025	2904.177755973888	53.776272141026
1	9036	2906.790611183743	23.320895963119
1	9072	2919.378640267419	19.594909388688
1	9095	2929.536322651318	56.951486098697
1	9129	2940.528570325933	13.477152266889
1	9131	2941.254586406291	52.58535007574
1	9144	2944.331810231091	50.129632950295
1	9153	2947.419953909476	41.921844874046
1	9198	2961.780329525826	50.863702100355
1	9203	2963.272580723633	19.952859443031
1	9223	2968.342903506132	52.377989035916
1	9242	2973.002785615394	40.751058614347
1	9265	2978.152859685715	29.562377886381
1	9269	2979.35886443081	14.677600567928
1	9283	2984.924386139498	63.614561881638
1	9296	2991.374092022891	53.693699347552
1	9375	3014.779821863634	60.96529281372
1	9399	3020.89322000649	62.042508981187
1	9408	3023.823870414407	31.862076904157
1	9459	3036.986785900667	34.621056372647
1	9474	3040.750627628183	10.750588864668
1	9489	3044.072278177836	8.845285912508
1	9494	3045.316700574715	75.069571378641
1	9496	3045.755525121465	70.170289315044
1	9509	3049.682660084805	52.372172034926
1	9521	3053.05267184624	11.913538685998
1	9529	3055.205302970722	74.393715608864
1	9546	3060.648457748241	8.910226101406
1	9549	3061.38561502355	42.801559500621
1	9562	3066.263663983087	42.169671232687
1	9616	3083.427345578449	26.419200467062
1	9622	3084.510621541302	98.514709437149
1	9634	3087.134670233701	40.875478679655
1	9638	3087.751826005877	8.606770236626
1	9650	3091.471241523286	23.800737001235
1	9660	3094.224777051487	86.685261282837
1	9672	3096.681284201688	23.297715832131
1	9713	3110.588825079843	48.427705039028
1	9715	3110.63171371364	97.790121798751
1	9726	3113.697242660562	17.058678140971
1	9749	3121.973067051502	36.832601277853
1	9756	3123.824716022476	32.92530641076
1	9774	3128.505524500626	26.670648665048
1	9776	3129.278847065875	21.620211096129
1	9791	3134.918206759269	3.833944961428
1	9806	3140.408326064932	26.803284757994
1	9846	3153.798942779314	34.316320345388
1	9872	3160.738259065438	18.536959566642
1	9894	3166.581409203593	30.220060104503
1	9896	3167.135813480715	8.464908003573
1	9898	3167.224288000267	42.001500895713
1	9910	3171.706122472655	18.62608863646
1	9922	3176.265678916715	28.659444575314
1	9962	3190.590274017079	15.994536345825
1	9973	3193.649588512844	29.870599261599
1	9988	3198.184877975501	28.71372715535
1	10035	3211.822758411995	3.908674741164
1	10046	3214.955971427153	34.743345807656
1	10053	3217.05242132664	20.17806625052
1	10071	3223.416722914558	32.151419932603
1	10083	3227.124305930462	3.389247423504
1	10097	3232.713676695835	46.80776227999
1	10107	3237.185966380066	35.258966966186
1	10157	3256.591377583573	16.773230137537
1	10161	3257.90164242348	1.544258118492
1	10166	3259.830681920641	8.712963493891
1	10168	3260.087700290612	47.04182120529
1	10189	3270.242758349871	51.533269200357
1	10216	3279.532548888707	17.872046439091
1	10220	3280.909526245907	51.39033245039
1	10268	3296.454773625597	29.57421658933
1	10272	3298.1315902297	25.571108970559
1	10296	3306.676904393368	28.527467748384
1	10312	3311.84166594374	77.084879314874
1	10335	3320.676544840105	75.037902127369
1	10339	3321.727259821849	20.670532487917
1	10361	3328.059255249225	21.793544789429
1	10363	3328.155429026818	44.813287895406
1	10391	3335.058090967599	11.803571195808
1	10406	3339.6498876029	50.369711986627
1	10409	3340.418798363078	28.617128594315
1	10433	3348.426633128554	30.96391618636
1	10469	3360.347330343566	31.960809448151
1	10477	3361.585134135918	22.298868872345
1	10484	3364.175705744079	69.111152259752
1	10488	3365.451047278946	20.783730018883
1	10501	3370.210016040953	3.307914832956
1	10548	3384.121051580654	50.57030767645
1	10562	3388.038010918541	15.421174536924
1	10564	3388.1070024873	37.622636364195
1	10606	3401.873852654485	40.466511690409
1	10609	3402.572096700555	24.647729885067
1	10627	3411.586005351865	55.560173407084
1	10639	3415.585318752455	3.078482875252
1	10653	3421.198474060171	26.010499559927
1	10655	3422.064706853484	38.246726114422
1	10690	3435.303435890712	28.704039274485
1	10700	3438.640331889743	49.082210753812
1	10719	3443.967406094546	9.206696063047
1	10735	3447.264452241248	17.964200790154
1	10743	3450.726047629033	10.821181854933
1	10766	3457.596791785915	6.538370712893
1	10779	3463.741998365853	63.108724429271
1	10784	3466.045991160212	20.320940268456
1	10793	3469.672226401052	2.186447602231
1	10801	3473.76904395782	55.337628263281
1	10836	3493.271528605261	14.850650633569
1	10845	3495.835157500003	71.720631809555
1	10852	3498.54967867083	3.084534848225
1	10865	3502.879898086313	46.547392279958
1	10878	3508.077020703358	18.054578081475
1	10883	3510.208512670948	48.513100949232
1	10936	3528.434197932024	21.537269171097
1	10953	3532.194006598328	14.72531551798
1	10955	3532.278490141155	9.46121384704
1	10968	3537.166214442351	64.182854489655
1	10982	3541.450205781853	29.236478995417
1	10994	3545.34079919756	61.276552733267
1	11005	3549.692086057858	15.355602372088
1	11007	3550.195822881891	21.727939989304
1	11022	3554.130670789401	8.945670723682
1	11028	3555.712605284418	16.208426827218
1	11042	3559.939617928821	3.749986299081
1	11050	3562.835633598972	11.94830442383
1	11073	3575.533156052817	7.789614412117
1	11076	3576.942887351504	75.971050581778
1	11100	3585.692987349821	23.506258738926
1	11140	3598.576426703137	25.326008562114
1	11146	3599.999383524296	21.419576939427
1	11154	3602.098684992528	17.910921254311
1	11208	3620.092708179616	24.932107111789
1	11224	3624.793108909509	35.153301018404
1	11252	3633.805332581746	33.523694296363
1	11273	3640.955248837009	29.174804167001
1	11279	3644.138241315728	38.035908222894
1	11300	3650.171285669673	32.946415646583
1	11323	3656.984496476366	12.035398150095
1	11335	3660.77079440025	32.518669220384
1	11359	3668.787008375511	45.985232615721
1	11369	3672.046346407856	21.476884974634
1	11399	3680.959185613206	24.884623393298
1	11401	3681.219171348959	47.903229595622
1	11430	3688.559006689701	27.253040241191
1	11448	3693.317699099774	54.218681131367
1	11450	3693.519921567182	26.998522868964
1	11460	3695.223106471242	17.797580264389
1	11480	3702.526893757987	30.780429228208
1	11510	3711.703805801343	28.663717401791
1	11540	3718.930230965379	30.229873646983
1	11564	3728.118592267627	33.456117895895
1	11574	3731.215219749487	30.884265300462
1	11577	3732.251690486917	26.222561580128
1	11603	3742.472690430236	30.732040554045
1	11627	3754.718424572731	31.947934311697
1	11638	3758.001421735504	40.463161852552
1	11660	3763.606321647885	29.837469334597
1	11684	3769.922901301997	14.621680085662
1	11687	3770.387043575296	25.893782834988
1	11715	3779.351050879113	19.012151678792
1	11734	3786.00960587256	57.498847995761
1	11766	3796.485053041724	46.597910106184
1	11769	3797.221417029974	2.632775935927
1	11771	3797.329819372389	58.496864212205
1	11781	3800.530930348097	28.612958187124
1	11783	3801.799495232997	18.64284440922
1	11798	3808.739016740357	42.469123879916
1	11822	3818.657244055074	29.634537350624
1	11824	3819.315593404469	41.428646302552
1	11847	3828.597138815451	23.664865001459
1	11864	3836.075216020467	36.151655528235
1	11897	3846.720509900714	8.519769435515
1	11902	3848.471865195674	32.454770746531
1	11910	3850.177209732017	40.032363768558
1	11936	3858.661344902482	31.564929278922
1	11957	3864.432633093335	42.872870501836
1	11968	3867.443420687693	23.879457881674
1	11989	3873.130930980794	40.048699114595
1	12007	3878.524538222237	12.433040632634
1	12017	3882.3083166238	27.332073066622
1	12032	3887.18456583145	37.937003655831
1	12085	3900.758146455397	17.556016314891
1	12096	3902.424772417757	13.792482246063
1	12108	3905.491073855208	45.236701685011
1	12113	3907.051489876122	35.004371009071
1	12127	3912.044327885965	34.192487797819
1	12129	3912.102431199049	1.784798981156
1	12135	3915.245815821577	20.618256003713
1	12166	3930.399910472454	30.451986304603
1	12199	3944.423157056448	39.256661845955
1	12201	3944.700183064914	18.371907501252
1	12239	3960.62052616978	28.556553644713
1	12245	3963.164322540866	47.272101395067
1	12279	3972.101247193641	6.89055855351
1	12281	3972.190457790395	29.381689305187
1	12290	3974.826917457397	26.386473945344
1	12299	3976.386961605633	5.743901605718
1	12303	3977.408787244931	17.832140794489
1	12305	3977.541860711648	23.405644186426
1	12315	3983.164741730322	62.102824462581
1	12346	3997.080382735357	59.512720911651
1	12349	3997.693322084267	21.820046553044
1	12356	4000.180769828497	2.190640982124
1	12375	4009.940696345757	28.175042761605
1	12410	4025.852287069894	21.884394867811
1	12422	4030.148558709537	43.228207362816
1	12436	4036.351779932854	15.042505906429
1	12446	4040.141130262869	48.081997356727
1	12465	4046.906089660478	2.551030523144
1	12468	4047.990416958229	38.494253122247
1	12492	4057.793564299122	24.750224225224
1	12526	4066.311114201437	5.35148294887
1	12550	4075.163538578895	19.65172999096
1	12559	4077.596766858125	62.156115611313
1	12591	4085.028466275779	35.370533774727
1	12612	4090.102807047074	62.827551376769
1	12618	4091.5419149684	19.832733901798
1	12620	4092.087806398513	8.456195271573
1	12625	4093.655859754304	15.981904263259
1	12641	4100.389828424671	34.427521658134
1	12668	4114.419019151013	9.135594804771
1	12675	4116.526217948056	77.598127538914
1	12693	4123.020954943728	12.15981666185
1	12739	4140.495540209811	8.414815276394
1	12744	4142.705557780332	53.820310619652
1	12757	4147.352056365917	53.120941999593
1	12759	4147.710038782565	31.644007603873
1	12797	4165.290466111387	43.647287604167
1	12804	4167.399486699831	67.480493330155
1	12863	4190.639963672371	63.948245782047
1	12872	4192.817813717645	32.658745210038
1	12879	4194.456160588646	56.924341663709
1	12892	4198.713618823562	33.144968365788
1	12894	4199.321917884983	23.052172040102
1	12900	4201.059600282334	57.997919743755
1	12940	4214.197203284596	32.887869067259
1	12942	4214.438447350278	65.703728224492
1	12989	4225.80287890311	55.147262585934
1	12996	4227.853649999355	73.532555746023
1	13004	4230.394321806371	33.532278593039
1	13016	4232.948572007698	30.204483741653
1	13025	4235.81619661673	15.884305589124
1	13041	4240.289600688379	48.619220119782
1	13043	4241.041107163417	54.607718667134
1	13048	4243.280121223768	34.725310235982
1	13127	4270.757199587994	56.288455036696
1	13137	4273.614614567721	35.958194378531
1	13150	4277.565036156331	51.825754960416
1	13174	4286.004451394311	54.287087001601
1	13177	4286.81421103992	43.171493621425
1	13192	4291.294448613771	20.015343132079
1	13208	4295.894859311633	47.229544155295
1	13223	4300.052735898067	39.694318467407
1	13240	4305.185169708449	28.315555482171
1	13284	4315.935079177254	61.436347436503
1	13320	4325.745850913347	43.543651550197
1	13326	4326.179324949043	22.590855449321
1	13338	4330.593318236526	43.251984313363
1	13351	4335.000774963171	69.442698008491
1	13360	4337.82395194482	28.455971424812
1	13363	4338.694613574654	2.123687595478
1	13373	4341.934857675452	15.996914845305
1	13389	4348.951703778231	7.311239699597
1	13392	4349.661277524544	2.513205855736
1	13400	4353.247748718368	60.688922022706
1	13436	4367.240327467442	9.519946790533
1	13448	4371.984980009263	19.301124583465
1	13452	4374.207645299614	76.171366818717
1	13462	4377.378673988513	62.518344042476
1	13478	4384.146063619991	20.85829508584
1	13494	4388.337866839603	13.101090879762
1	13497	4389.820111399632	9.164301150828
1	13504	4392.892821338378	72.67793449259
1	13521	4399.29074548511	68.315284115963
1	13523	4400.249755468801	3.265370646143
1	13573	4418.720627218948	10.541631623636
1	13583	4423.110854622677	53.827055856123
1	13585	4423.759469656623	31.90373160306
1	13591	4424.917123841238	22.123142728234
1	13602	4430.509348902035	5.659595970647
1	13614	4435.989661343745	49.860413412448
1	13665	4454.728571149751	24.018323045922
1	13671	4456.290914808051	14.917394542719
1	13673	4456.733044536901	42.805889477839
1	13716	4472.509101078845	20.114743444138
1	13736	4479.890984470955	11.257065288956
1	13749	4485.342645055029	48.990532601134
1	13773	4492.971215509227	73.127718376812
1	13798	4501.242294623165	14.925570319522
1	13803	4503.256460421714	56.577655741942
1	13815	4506.734454892924	43.463938695263
1	13840	4514.437130006729	11.084808109796
1	13862	4522.396137516941	64.909991231744
1	13884	4530.124454882693	49.746130929095
1	13906	4535.613812468482	21.195376652762
1	13913	4537.953220190243	63.511183349878
1	13932	4544.715087303424	53.19780107052
1	13936	4545.80196452187	20.807845373636
1	13945	4547.656253757068	6.853557712513
1	13979	4558.718031045627	11.9994838502
1	13981	4558.841835923142	61.427286950755
1	13997	4564.650507764776	45.057694923951
1	14004	4566.93244151608	3.2922545888
1	14009	4568.22026768629	10.535869253098
1	14029	4576.584803037579	41.114512658913
1	14036	4580.450812915807	28.373667873911
1	14046	4582.672984369217	13.437050554322
1	14050	4584.118293482807	3.601183085934
1	14061	4588.758829308324	79.422847953976
1	14063	4589.037136593482	2.998060722719
1	14076	4596.366437522576	4.737184682279
1	14078	4596.540403562482	66.360347084587
1	14105	4609.335248842253	34.227924232256
1	14124	4616.213870872624	13.492097316658
1	14165	4629.97186204081	32.409586115394
1	14168	4630.441546000888	22.467091172585
1	14170	4631.321781896984	12.722133828327
1	14182	4636.245533043284	22.841166192899
1	14199	4642.379382704731	12.488305640057
1	14201	4642.927596512015	2.074119196273
1	14203	4643.670103133889	19.125069758391
1	14248	4662.626326591356	5.510242571706
1	14262	4667.839890719738	21.53815486643
1	14264	4668.233745112201	32.629212702278
1	14321	4688.958085234041	37.25833543716
1	14342	4694.52016150532	14.524247311056
1	14351	4696.560867868826	27.770412399899
1	14361	4699.834842984561	14.316865138244
1	14389	4709.286888764236	46.307904913788
1	14444	4727.70074528304	31.639378385734
1	14446	4728.061556253344	53.942579874534
1	14448	4728.360426074701	37.328482250795
1	14460	4731.761945888513	8.402838418144
1	14465	4733.298208991058	20.288382576076
1	14467	4733.31765141326	31.856358087038
1	14479	4736.530531982771	7.605793528375
1	14483	4737.986986068772	3.748826496536
1	14502	4744.45745397836	4.895654405118
1	14536	4757.832934436498	39.52007176133
1	14549	4761.049115913099	5.571621461887
1	14563	4767.270531158655	59.831477196884
1	14579	4772.819993115258	22.548181875143
1	14594	4776.881767453503	31.962077334638
1	14646	4794.887619419833	34.264310567058
1	14667	4801.45399914367	35.087930894806
1	14670	4802.174465568032	25.434905194445
1	14677	4803.42585960356	16.232294598595
1	14719	4819.0094744733	20.926174663472
1	14725	4820.020150061343	27.500458851109
1	14740	4826.130512965486	54.54797555378
1	14744	4827.683083435049	24.52069770149
1	14813	4854.237570115941	45.833329783636
1	14829	4858.813409708319	76.86890054762
1	14859	4869.003727168538	27.006764675724
1	14912	4882.926445568322	18.922864685649
1	14916	4884.412857846006	70.218618515767
1	14918	4884.536641868409	59.314042956919
1	14964	4900.787086456777	42.746925634102
1	14988	4907.619741765198	87.638181536579
1	14991	4907.921310343423	4.392435964313
1	15017	4916.871524629411	80.829147153302
1	15022	4917.751596487355	31.689445766157
1	15045	4924.838888787542	27.156109883335
1	15072	4931.01500454393	16.970930017414
1	15094	4937.029497416572	106.3366556383
1	15125	4943.977561518311	35.014656309039
1	15140	4949.446853117079	24.591645232634
1	15152	4953.098901697775	33.740266089442
1	15159	4955.021364968501	107.98454461759
1	15178	4962.049307025032	14.887242721162
1	15224	4980.673370139316	39.238220652913
1	15237	4985.409811271352	132.70942076738
1	15247	4989.106951253366	9.031389655429
1	15258	4991.756938492407	6.53448364092
1	15261	4992.579460368023	123.57015641895
1	15276	4996.844923585763	44.423963591107
1	15325	5009.363599058585	51.572659099127
1	15355	5017.027011383904	142.49290976569
1	15358	5018.027278913528	26.988954508095
1	15377	5023.433537783443	26.914512222748
1	15379	5024.008814699827	55.593863424265
1	15434	5038.663308800539	19.943897846735
1	15452	5043.261459667577	29.997499129617
1	15465	5046.201629260314	5.10119377938
1	15467	5046.676998842505	166.60507530417
1	15488	5051.945294560277	77.794205366984
1	15509	5056.877792541746	54.761413919856
1	15513	5057.941298530197	33.479553494136
1	15553	5070.043807256029	23.015421962832
1	15567	5075.888291265231	183.86462092458
1	15569	5075.91865722264	45.91755651997
1	15609	5089.101950958601	158.79130535922
1	15621	5092.089836704889	39.709753394944
1	15653	5102.426058324394	28.309766235875
1	15667	5107.029580367723	6.221676396905
1	15682	5111.687531890923	48.681720011984
1	15688	5112.921368577745	6.578104379588
1	15712	5119.878203702505	183.67290642101
1	15721	5122.57558507949	54.308826605441
1	15735	5127.410285301501	42.608529639897
1	15779	5140.666107554332	28.423392490601
1	15799	5146.991330982063	51.216554829269
1	15808	5149.818002273209	186.75763080677
1	15843	5159.374517830552	151.46179684881
1	15885	5169.852174282533	23.70045524626
1	15887	5170.370302402879	135.16451292998
1	15898	5172.921487196224	37.789718383339
1	15905	5174.220230854924	44.568005743319
1	15913	5176.094349720159	8.205543215037
1	15922	5178.417391036864	26.814843566856
1	15967	5192.880986300298	134.93520777836
1	15983	5197.9560416385	24.209281664109
1	15996	5201.613067461983	39.348879695984
1	16000	5203.050879634802	123.52095453849
1	16029	5212.478857656117	33.419626111046
1	16044	5218.648284145506	34.527501859118
1	16050	5220.725572365095	30.945870054884
1	16056	5223.123564806069	132.75780832675
1	16078	5229.695262933377	11.869132641005
1	16104	5241.694505125975	40.796267756958
1	16108	5243.274104113924	125.30367799104
1	16111	5244.828967167298	121.03703395534
1	16161	5263.535512979365	56.870938152304
1	16195	5271.758366627026	59.751794863837
1	16198	5272.567682677526	16.347551872372
1	16203	5273.640806180886	7.126594742761
1	16207	5274.946800538688	134.49443952426
1	16280	5299.734070169844	76.067487190356
1	16291	5302.781725042726	41.366002935915
1	16295	5303.995145462796	21.415811598416
1	16307	5307.026341865189	150.3820884974
1	16326	5314.103423263055	20.114700733332
1	16333	5316.364396705633	10.834237762607
1	16340	5317.031074296558	6.236275855797
1	16344	5319.186562536984	123.95357150096
1	16366	5327.82158940913	98.567506634859
1	16417	5340.600388313763	100.54789833271
1	16424	5342.667176749909	65.613425092896
1	16444	5347.888027186611	113.56283795821
1	16448	5348.455277152944	14.959568078288
1	16459	5351.611218116125	29.295239455183
1	16462	5352.833127024223	107.32343947503
1	16464	5353.453315149755	25.695091475267
1	16506	5369.377718121273	30.068703159922
1	16547	5379.833529939749	129.04973751388
1	16553	5381.527642244002	31.529814804671
1	16555	5381.76997957879	21.399410556422
1	16570	5385.641433118371	13.715305189135
1	16589	5390.233893009012	34.907031599779
1	16594	5391.250600985712	14.21418542345
1	16620	5399.029318128472	127.30881917313
1	16641	5404.935100900237	21.93678558967
1	16677	5413.265132100435	47.258895209876
1	16681	5414.36528323695	9.419244492309
1	16701	5420.594382249165	21.505857256359
1	16718	5424.422515653532	136.39631967107
1	16720	5424.573702456656	30.609063605543
1	16732	5428.150609318974	128.38588062965
1	16739	5430.728161360595	114.07412799401
1	16757	5435.684641427122	13.499793503432
1	16769	5439.596304569385	94.856349267761
1	16773	5440.271820931227	29.757271405544
1	16786	5444.920447769223	16.986749865
1	16793	5449.186941442075	15.946581317344
1	16800	5451.364014648013	12.958102072705
1	16818	5457.876208655991	69.715268167428
1	16834	5462.618849129295	18.453664825181
1	16849	5467.283741109411	50.999810227302
1	16866	5472.870797810017	6.037257927347
1	16873	5476.01802529918	26.116458099684
1	16896	5483.367753335735	27.793112273094
1	16900	5484.395374328126	23.480506255524
1	16916	5489.132450273604	6.906862490461
1	16930	5494.460361852538	6.631964181084
1	16946	5500.987599015345	23.894303715437
1	16949	5501.912143937887	8.95910889108
1	16951	5502.041486284341	29.985085337772
1	17001	5522.889396265375	24.784992321625
1	17007	5525.282247109916	10.32056992792
1	17020	5531.49952912528	27.513471060781
1	17025	5534.189019595846	13.774211223349
1	17033	5543.708663603751	34.26860655588

