version 3
run General-4-20240428-16:41:48-11295
attr configname General
attr datetime 20240428-16:41:48
attr datetimef 20240428-164148
attr experiment General
attr inifile omnetpp.ini
attr iterationvars $0=true
attr iterationvarsd true
attr iterationvarsf true-
attr measurement $0=true
attr network Supermarket
attr processid 11295
attr repetition 4
attr replication #4
attr resultdir results
attr runnumber 4
attr seedset 4
config network Supermarket
config repeat 10
config seed-set 4
config num-rngs 10
config **.use_random_strategy true

vector 0 Supermarket queueSizeOverTime:vector ETV
attr recordingmode vector
attr source updateQueue
attr title queueSizeOverTime
vector 1 Supermarket customerWaitingTime:vector ETV
attr interpolationmode none
attr recordingmode vector
attr source customerFinished
attr title "cust waiting time"
0	7	5.407687024679	1
0	14	10.519857759355	1
0	25	15.653937577736	2
0	26	16.805543753667	1
0	38	21.496995927301	2
0	49	27.36039822572	3
0	52	29.086816667812	0
0	60	33.317797337427	4
0	63	36.302676985623	3
0	68	38.67520860117	1
0	73	41.914505394874	2
0	80	44.037504492328	2
0	93	49.22498576832	3
0	105	54.71427060524	4
0	116	60.680968599394	1
0	124	63.893099286593	3
0	131	65.7063054326	1
0	135	66.305650480557	2
0	152	71.706249552546	4
0	169	77.202655721456	0
0	173	77.545990232145	5
0	176	78.311582114663	4
0	188	83.412485207896	3
0	189	83.916155781131	3
0	197	88.608259274275	2
0	201	88.68526394735	3
0	212	93.866510684135	1
0	213	94.132317414625	2
0	229	99.476149762514	4
0	243	105.224008117336	3
0	261	110.558546688873	4
0	265	111.998512822786	3
0	278	116.212578357663	1
0	294	121.052026308492	2
0	299	121.945592096774	2
0	304	123.774975028119	0
0	306	123.816915382981	3
0	316	126.986338735558	2
0	318	127.172905743822	1
0	322	127.232732403791	3
0	339	132.624457763276	3
0	354	138.285898580915	2
0	355	138.450513363117	2
0	361	141.009903621978	1
0	363	141.126749862917	1
0	372	143.476483147592	2
0	378	145.500729450492	2
0	386	148.388635150741	1
0	392	149.042436886579	2
0	405	154.250016332139	3
0	425	159.957341280068	3
0	428	160.676221602017	2
0	439	164.433736997655	2
0	446	165.806680748007	3
0	462	171.372364564799	3
0	479	176.595444613137	2
0	481	177.120872593256	1
0	495	181.773199391319	4
0	508	186.410170039864	0
0	512	187.552519599442	1
0	519	190.254895084189	3
0	522	190.632129551377	2
0	531	193.081673198613	1
0	549	198.101335805143	2
0	555	200.03319080663	1
0	571	203.740914600436	2
0	589	208.746411584784	4
0	593	209.711002817028	1
0	605	212.341563147609	3
0	613	213.887501322432	3
0	618	214.883796752781	2
0	623	216.148297147941	0
0	637	219.400912487414	4
0	645	222.738571794705	1
0	655	224.808206391055	1
0	677	230.631739035947	2
0	694	235.813772314111	1
0	698	235.967063915683	2
0	701	236.511809988996	3
0	713	239.841964574995	1
0	721	241.658897744026	2
0	744	247.230835208669	4
0	750	249.4251691415	1
0	764	252.418151985388	2
0	774	255.364964112173	0
0	782	257.845799381145	1
0	786	257.969747523777	2
0	794	261.89162484091	0
0	803	263.862176213879	5
0	805	264.67667610885	1
0	810	266.547439914314	4
0	817	268.926108293002	1
0	835	274.761623332742	1
0	844	277.534709237398	0
0	854	280.345949600916	1
0	860	282.228029432123	0
0	869	285.422435627435	0
0	873	286.20483460417	1
0	890	292.166141605703	5
0	891	292.277093139011	4
0	907	297.235017701285	2
0	911	298.994143365881	3
0	921	303.097392950907	0
0	925	303.205206173239	1
0	943	309.079755829647	4
0	955	313.698550707661	1
0	960	314.446658493718	1
0	979	319.934053818928	2
0	980	319.951286561554	0
0	992	323.083992611149	3
0	996	324.784335088917	1
0	1000	325.244686733466	2
0	1014	330.639872193803	4
0	1030	336.35203844891	2
0	1034	338.159952026444	1
0	1046	341.887630696642	1
0	1054	344.503726770283	3
0	1065	347.314860188403	2
0	1085	352.607708285563	2
0	1096	355.483939875966	1
0	1103	357.439931676719	2
0	1106	357.972556068563	0
0	1111	358.22354841372	1
0	1127	363.305335731478	3
0	1129	363.557921185392	1
0	1141	367.18610942166	1
0	1149	368.701527379686	4
0	1170	373.795771111967	2
0	1177	375.921099269175	3
0	1179	376.177554008087	0
0	1189	379.103700323962	1
0	1193	380.558143374047	0
0	1209	385.094664335251	2
0	1219	390.168858461078	2
0	1225	390.781823637895	3
0	1227	391.07641658606	1
0	1242	395.945926870219	3
0	1245	397.358886345407	2
0	1254	400.386405822937	0
0	1256	400.97938266874	1
0	1261	401.821287295082	2
0	1273	407.007866839878	1
0	1279	409.274502105657	2
0	1284	410.962580936146	0
0	1290	412.562144719064	3
0	1302	417.64346096362	1
0	1313	423.369455980024	1
0	1317	423.506752349902	1
0	1324	425.820899386893	0
0	1329	427.483711043024	0
0	1335	428.614055784885	2
0	1345	433.676511015743	1
0	1348	435.487146299215	1
0	1357	438.891359899071	2
0	1361	438.893184942659	2
0	1364	440.446784617611	0
0	1367	441.53054690617	1
0	1374	444.329056923976	1
0	1380	447.287987601243	0
0	1389	449.882073796587	3
0	1391	450.886702013784	0
0	1398	455.672229711432	4
0	1399	456.500879064547	3
0	1406	461.270839965669	1
0	1410	464.619952060278	2
0	1418	467.198670843616	2
0	1429	472.405877714278	1
0	1433	474.414332405199	1
0	1445	477.981616074219	2
0	1452	480.748811269406	1
0	1463	483.204304875573	1
0	1483	489.099975645542	2
0	1500	493.774193337305	1
0	1507	494.586853470653	3
0	1522	499.024692384287	2
0	1528	499.992946102284	3
0	1536	501.935190363205	0
0	1544	504.621548830998	0
0	1550	505.710927265696	4
0	1559	510.353794912104	3
0	1562	510.911325718737	2
0	1566	511.375318466685	1
0	1580	516.789437090279	2
0	1595	522.296576659427	1
0	1596	522.299171401541	1
0	1614	527.522750948555	2
0	1617	528.363975374838	1
0	1623	530.128885879995	0
0	1635	532.796802586875	2
0	1651	538.161245227791	1
0	1655	539.559814148818	0
0	1669	543.744961096206	1
0	1688	548.964893376221	2
0	1690	550.195098166242	1
0	1695	551.382063780906	1
0	1708	553.979436146793	3
0	1709	554.381166205164	0
0	1717	557.427689080125	2
0	1727	559.866410887101	1
0	1746	565.271904657827	3
0	1764	570.392953164642	2
0	1768	571.203973741614	0
0	1771	571.678262948176	1
0	1782	575.638839611902	0
0	1787	576.13956268737	1
0	1791	578.321887028403	0
0	1801	581.896951153408	2
0	1804	583.021236852394	2
0	1816	587.7210687201	3
0	1827	593.703399368096	3
0	1830	595.76814236387	2
0	1839	599.490666955476	1
0	1842	600.854040091507	2
0	1857	605.074950403766	3
0	1870	610.415835071122	4
0	1885	616.024258228484	5
0	1892	618.260136253667	0
0	1901	621.772796372184	1
0	1905	623.991521132875	1
0	1912	626.813920344807	0
0	1917	627.05932840635	6
0	1922	630.433930953731	0
0	1927	632.081441833404	1
0	1928	632.27486672846	5
0	1942	637.848763189045	2
0	1951	643.456541204592	1
0	1955	643.663427792256	6
0	1964	648.88962137862	5
0	1968	649.350926250451	1
0	1985	655.325950338271	2
0	1990	657.347049774369	4
0	1998	660.704942977755	0
0	2003	661.250600829253	1
0	2012	665.191103329299	1
0	2017	666.307328634195	2
0	2035	671.895421050254	1
0	2040	673.128099635476	1
0	2060	677.737277439328	2
0	2063	678.565757981269	3
0	2081	682.068928688879	1
0	2087	683.115391439058	2
0	2095	685.975230358659	2
0	2106	688.294599989195	2
0	2120	693.558113610485	1
0	2125	693.756860912543	3
0	2146	699.695101461604	2
0	2149	700.800808810514	0
0	2165	705.085459885884	3
0	2170	706.619945221579	2
0	2174	707.252523375208	1
0	2185	710.300056149483	4
0	2187	710.869741614445	1
0	2195	714.034088679704	3
0	2204	716.02509840438	2
0	2218	721.198090302989	2
0	2228	724.941943947577	1
0	2235	726.450133326229	4
0	2250	732.017332955495	1
0	2257	734.025524062101	3
0	2259	734.614621235175	1
0	2273	737.725674724438	4
0	2292	743.490982478251	2
0	2295	744.581196552259	0
0	2297	744.59550352243	1
0	2301	745.657082149755	3
0	2305	746.988017721563	2
0	2313	749.281916975974	2
0	2326	754.33001896087	1
0	2343	759.521860416978	3
0	2360	764.10950182355	0
0	2368	765.412548250518	4
0	2383	770.53058185894	2
0	2389	773.708085052314	3
0	2394	775.416596313355	1
0	2399	776.477747415425	1
0	2413	780.493390232091	0
0	2418	782.404341166957	1
0	2423	782.473629683722	4
0	2438	788.097350548487	2
0	2455	793.688053805381	2
0	2462	796.071807864348	3
0	2471	798.746123550693	1
0	2472	798.816876852767	1
0	2492	804.151273350232	2
0	2507	808.513814066422	1
0	2516	809.957585315454	2
0	2520	811.358131038252	2
0	2533	815.283626117044	1
0	2538	815.424918904436	2
0	2560	821.307421210922	3
0	2564	822.381668595017	0
0	2578	826.921492663679	4
0	2581	828.54100689816	1
0	2593	831.969139519847	1
0	2599	833.715514856385	1
0	2604	834.448472663878	0
0	2614	837.527766149259	5
0	2622	840.651145730751	0
0	2629	843.461122337264	1
0	2644	849.06878137146	4
0	2649	849.360697411002	2
0	2659	854.537977833652	0
0	2661	854.610032322466	3
0	2666	855.261249571341	4
0	2679	860.416920265417	3
0	2689	865.446413866246	1
0	2691	866.348533386706	2
0	2704	871.072099672865	3
0	2708	872.792650453162	3
0	2723	877.063778394602	1
0	2726	878.077940190791	2
0	2743	882.334797669437	4
0	2744	882.542864246983	3
0	2748	883.325473207284	0
0	2750	884.344605967044	2
0	2759	887.735447161239	1
0	2765	888.058739257746	3
0	2782	893.886250031882	2
0	2783	894.115848083863	2
0	2795	898.509677429916	1
0	2801	899.273546261949	3
0	2809	902.07257494785	2
0	2819	904.610043150842	2
0	2835	910.120267998431	3
0	2844	913.953441038484	0
0	2851	915.228287662383	3
0	2862	920.684668974023	1
0	2877	926.14537749533	2
0	2878	926.779294929468	2
0	2885	928.746461468405	2
0	2895	931.76733308379	3
0	2903	934.700437854632	1
0	2913	937.644267709697	1
0	2926	941.411925928787	1
0	2933	943.192146172285	2
0	2946	947.029015884269	2
0	2950	948.228463071404	0
0	2955	948.817180419344	2
0	2968	953.976741852708	1
0	2978	956.86040521658	1
0	2990	959.145311217526	3
0	2992	959.800852233897	2
0	3008	964.408967040949	2
0	3019	967.504241046849	1
0	3030	969.728878390747	3
0	3032	970.120779081136	2
0	3051	975.352557730633	2
0	3061	978.296859211169	1
0	3072	981.144160089088	2
0	3073	981.502932912906	1
0	3075	981.634269251376	1
0	3098	986.825388176605	2
0	3118	992.189675428677	2
0	3138	998.10102012009	3
0	3145	1000.4239618174	0
0	3151	1002.955955488144	1
0	3155	1003.114521020331	4
0	3159	1004.524695602717	1
0	3165	1006.449476876066	3
0	3172	1008.685929186648	2
0	3191	1014.101025652612	2
0	3196	1016.342287842304	2
0	3208	1019.995598554384	3
0	3224	1025.700652000034	1
0	3233	1028.851784084232	1
0	3244	1031.160651898483	4
0	3245	1031.512048700126	3
0	3255	1034.462399897753	0
0	3262	1036.424949643906	3
0	3274	1040.662198707	2
0	3281	1041.536621763609	1
0	3290	1044.421312679885	2
0	3301	1046.822299136785	2
0	3321	1052.232101412262	2
0	3335	1056.871935149887	1
0	3340	1057.294611367402	3
0	3348	1059.816399503272	1
0	3350	1060.240515890421	1
0	3363	1063.185782459569	2
0	3367	1064.647292898275	2
0	3385	1068.820096166343	3
0	3404	1074.264802463124	4
0	3417	1077.452872399595	3
0	3426	1079.290331028173	2
0	3434	1082.631881988845	1
0	3446	1085.246730361371	3
0	3454	1087.606422204059	0
0	3461	1089.712701040091	2
0	3465	1090.322647965518	3
0	3468	1091.19687157439	2
0	3471	1092.016823410645	0
0	3476	1094.031545324371	1
0	3481	1095.467562820302	1
0	3497	1100.494834768824	2
0	3514	1106.123738529632	1
0	3522	1109.807191429898	0
0	3525	1110.039847455224	1
0	3531	1111.856612561743	2
0	3535	1111.986731860327	1
0	3537	1112.711467578313	0
0	3540	1113.59593096737	1
0	3552	1117.638098148169	2
0	3555	1118.838954961866	0
0	3565	1122.728451899491	1
0	3571	1124.647921054162	1
0	3576	1126.353238417772	0
0	3583	1128.311662112834	2
0	3594	1133.817250141647	1
0	3610	1139.636855792726	1
0	3612	1140.140375703928	0
0	3622	1143.664553010609	1
0	3628	1144.791965432704	2
0	3642	1149.719517228782	0
0	3646	1150.137286583899	1
0	3662	1156.005074242834	2
0	3673	1160.508842949061	1
0	3679	1161.47490433022	2
0	3691	1166.716466937104	0
0	3697	1167.444321987923	3
0	3699	1168.053114728308	2
0	3711	1173.195170330355	1
0	3727	1178.806917255517	2
0	3733	1181.398350886657	1
0	3736	1181.648570111721	1
0	3745	1184.455726750666	2
0	3753	1187.111327258643	1
0	3763	1190.146447589393	2
0	3773	1194.049426218382	1
0	3781	1195.789713678421	2
0	3788	1198.198532570972	1
0	3796	1200.304161990294	0
0	3801	1201.002184455055	3
0	3812	1206.176053618319	4
0	3816	1208.118778362527	3
0	3826	1211.885988782165	1
0	3842	1217.867350182734	1
0	3857	1222.591466661546	0
0	3864	1223.047761892439	2
0	3878	1228.51064563287	3
0	3881	1229.203567739347	2
0	3897	1233.981773900572	1
0	3906	1236.645348731431	0
0	3916	1239.349254419567	3
0	3917	1239.35144110397	2
0	3930	1244.076788195647	0
0	3935	1244.684859336592	1
0	3952	1250.496854426345	4
0	3968	1255.966325794818	1
0	3976	1258.400046930304	0
0	3983	1261.369455978163	3
0	3987	1261.412613295024	1
0	3999	1264.705772170919	0
0	4008	1267.384274376329	2
0	4017	1271.022297296444	1
0	4022	1272.071465711115	1
0	4028	1272.594346545875	1
0	4037	1275.59376759362	0
0	4039	1275.806696935912	0
0	4047	1277.806282301439	1
0	4060	1282.910790369386	1
0	4063	1284.169560540939	2
0	4076	1287.592613342919	0
0	4083	1288.828528469434	3
0	4093	1292.267385043908	0
0	4102	1294.601081601815	1
0	4110	1298.085723937726	0
0	4119	1300.331632005987	1
0	4126	1303.765789372154	2
0	4135	1306.129426176199	2
0	4151	1311.548265426192	3
0	4159	1314.385438046541	1
0	4170	1317.078881210886	2
0	4184	1322.549710396683	4
0	4186	1322.911897792721	0
0	4188	1323.121165043446	3
0	4197	1327.013595548348	1
0	4202	1328.31653201697	1
0	4217	1334.275655661482	1
0	4231	1338.734665900126	0
0	4235	1338.982950751558	0
0	4239	1339.434994327841	4
0	4247	1343.208191876886	0
0	4250	1344.453257188903	3
0	4254	1344.612596583558	1
0	4259	1348.079132502671	0
0	4265	1350.319176479015	1
0	4272	1355.073374042873	2
0	4276	1355.325867112033	1
0	4293	1361.2368507376	1
0	4300	1363.004436811669	1
0	4313	1366.535642680252	2
0	4318	1368.005222791695	1
0	4334	1371.638566684449	2
0	4353	1377.207251320831	2
0	4358	1379.086713462838	1
0	4362	1379.800245549183	0
0	4367	1381.118199957076	0
0	4373	1382.353176951181	1
0	4390	1388.271764619049	1
0	4393	1389.329148325843	1
0	4396	1389.819192170404	0
0	4405	1393.479571112318	0
0	4409	1393.605091332464	1
0	4423	1399.195041720063	2
0	4437	1404.611141995533	3
0	4454	1409.630211965886	2
0	4471	1414.661470999482	4
0	4472	1415.252305151553	1
0	4478	1417.249694652511	3
0	4489	1419.994768580195	4
0	4492	1420.919671730143	0
0	4503	1425.619268329472	0
0	4507	1425.819813738117	1
0	4517	1430.84162621643	2
0	4519	1431.091787710675	3
0	4530	1436.49424077245	1
0	4535	1438.604256428668	1
0	4547	1442.457360877195	2
0	4548	1443.252752442616	2
0	4565	1448.335569245047	1
0	4573	1450.639570689882	0
0	4583	1453.8470527574	3
0	4588	1456.038964291109	0
0	4593	1458.161741089433	1
0	4598	1458.998636973794	4
0	4611	1464.132419239502	5
0	4623	1470.077027079422	1
0	4626	1471.254616059137	0
0	4628	1471.557825943693	4
0	4637	1475.301399782073	1
0	4652	1480.811167791026	2
0	4665	1485.981820185907	1
0	4666	1486.964097603114	0
0	4677	1490.346260506549	1
0	4679	1491.335011909954	0
0	4684	1491.603951733099	1
0	4686	1492.932387251412	3
0	4692	1495.062331367988	0
0	4698	1496.617698698543	2
0	4709	1501.980332820216	1
0	4726	1507.665218281099	4
0	4737	1512.24391912355	3
0	4744	1513.339411182334	1
0	4762	1518.563058485748	2
0	4784	1524.180522073531	4
0	4798	1528.81602482731	1
0	4800	1529.042659209812	0
0	4806	1529.980932600801	3
0	4817	1534.218517879493	3
0	4826	1535.875462403526	4
0	4831	1538.096466869469	3
0	4842	1541.036604725062	4
0	4843	1541.120417371396	3
0	4852	1544.526826476915	2
0	4859	1546.325112415715	1
0	4860	1546.809438065978	2
0	4880	1551.651890469952	1
0	4885	1551.778564463607	3
0	4901	1556.452967917202	0
0	4908	1557.619664109084	4
0	4915	1560.548847252392	0
0	4923	1563.271949217194	2
0	4933	1568.380434606462	1
0	4943	1572.009621065463	1
0	4952	1574.059672433422	2
0	4956	1575.325875631187	3
0	4970	1579.166367929434	4
0	4972	1579.946023076312	1
0	4981	1583.36632421031	0
0	4987	1585.162509769439	5
0	4999	1590.514733145018	1
0	5003	1592.212960898297	4
0	5010	1594.814082800532	0
0	5016	1595.590858652261	5
0	5027	1601.101577725033	1
0	5042	1606.158611304597	2
0	5043	1606.663179554282	0
0	5050	1609.957869586423	1
0	5056	1611.887169096856	2
0	5069	1617.702134870696	1
0	5073	1619.38191500004	4
0	5083	1622.961356170713	5
0	5095	1627.715362914261	1
0	5098	1628.562048222292	0
0	5102	1628.666573315398	1
0	5118	1634.155656997119	2
0	5133	1639.638678768189	2
0	5143	1643.077329155879	4
0	5151	1645.331630470469	3
0	5165	1650.774564759112	4
0	5182	1655.976343502062	3
0	5183	1656.065214692855	3
0	5195	1660.975690541329	2
0	5199	1661.163007579282	5
0	5203	1663.127074909054	4
0	5206	1663.530508675269	1
0	5216	1666.27789246431	1
0	5223	1668.702883109341	3
0	5235	1671.382887172284	4
0	5243	1673.573547085752	3
0	5250	1675.495345368638	0
0	5257	1676.806619431362	4
0	5263	1680.047364985343	2
0	5273	1682.781238813889	3
0	5290	1688.68765282352	4
0	5292	1689.179774383203	0
0	5301	1694.190124853753	3
0	5305	1694.388865919788	5
0	5306	1694.951873267658	4
0	5312	1697.657108648105	3
0	5317	1699.766299965915	2
0	5321	1699.819934315984	4
0	5331	1704.842121551749	5
0	5334	1706.398585157825	4
0	5343	1710.329169810521	1
0	5358	1715.454961028886	1
0	5382	1720.750725129158	2
0	5402	1726.11420496996	3
0	5413	1729.541066624465	1
0	5429	1732.083095051585	2
0	5435	1733.502938049271	3
0	5453	1738.024487283318	3
0	5456	1738.090119486678	2
0	5460	1739.822820336799	0
0	5467	1741.882037943816	2
0	5475	1743.47488590959	3
0	5488	1748.642732147365	1
0	5505	1753.740303677279	4
0	5527	1759.668576345086	4
0	5534	1761.256522006364	3
0	5539	1762.614545098743	3
0	5545	1764.205562041382	2
0	5552	1764.913122141274	3
0	5560	1767.725375110521	2
0	5569	1770.188564658637	2
0	5591	1775.96187161422	3
0	5599	1777.852237896882	2
0	5605	1779.528343674267	1
0	5613	1781.180120748008	3
0	5632	1786.379756795248	3
0	5636	1787.622621206225	2
0	5651	1791.819060272543	4
0	5654	1792.681278886279	2
0	5667	1795.753423006163	3
0	5674	1797.092217382981	4
0	5694	1802.165277920902	2
0	5714	1807.609694427584	3
0	5717	1808.075144913636	3
0	5724	1810.464943056701	2
0	5731	1812.457553919876	1
0	5737	1812.942703470827	4
0	5754	1817.984390108853	5
0	5760	1819.643820694769	1
0	5769	1822.497517601942	4
0	5777	1823.666236371274	2
0	5788	1827.318368338403	1
0	5794	1828.918742320623	0
0	5799	1829.331564685802	3
0	5817	1835.269425963989	1
0	5823	1837.76968025056	2
0	5836	1840.983355074894	5
0	5856	1846.913010703406	6
0	5859	1847.636255091761	5
0	5878	1852.65079491004	2
0	5888	1855.811619997847	1
0	5893	1856.751484632846	1
0	5903	1858.61952849385	6
0	5904	1859.055376002805	0
0	5914	1862.940093789256	5
0	5921	1864.527474768466	1
0	5934	1868.285046351265	4
0	5942	1869.573263393721	2
0	5946	1870.662330707657	0
0	5960	1875.246102267882	5
0	5974	1880.968966941588	6
0	5976	1881.157899963558	1
0	5981	1882.934006432195	0
0	5990	1886.298074641038	1
0	5993	1887.181270489823	5
0	6010	1892.244929425191	6
0	6022	1897.273806662418	0
0	6026	1897.968853192875	7
0	6038	1903.519572539493	1
0	6046	1907.357968991976	0
0	6052	1908.524563226854	1
0	6061	1912.566083106333	6
0	6068	1914.156016458762	2
0	6077	1917.418115941928	5
0	6079	1918.006543910018	0
0	6085	1919.562019339069	1
0	6086	1919.715456175391	1
0	6089	1920.461864364105	4
0	6091	1920.956109333207	0
0	6102	1925.483519047504	1
0	6116	1930.490578586474	5
0	6133	1935.708420999819	2
0	6151	1941.575829120358	2
0	6161	1945.125099657455	4
0	6169	1947.168362512026	3
0	6172	1947.848121131311	2
0	6176	1949.03841339099	1
0	6180	1949.825727473719	0
0	6189	1953.101204205776	1
0	6205	1958.941949032486	1
0	6225	1964.781906415249	2
0	6244	1969.849623396533	3
0	6249	1971.233791400916	2
0	6258	1973.842126885085	1
0	6265	1975.396860047715	2
0	6270	1976.849590161467	3
0	6272	1977.35078205006	0
0	6279	1978.777787796342	1
0	6288	1981.260839423869	4
0	6304	1987.093395352369	5
0	6317	1991.829591366	1
0	6322	1992.898258663254	1
0	6340	1998.036342675338	2
0	6351	2000.752734831657	0
0	6359	2003.369997682056	1
0	6366	2005.360720771483	4
0	6374	2007.634040656504	1
0	6377	2008.257214254589	0
0	6382	2008.920827237197	5
0	6387	2010.084454608154	0
0	6395	2014.366255673233	4
0	6399	2014.545800020925	1
0	6400	2015.136477193799	0
0	6406	2017.106507893076	0
0	6412	2019.809703576385	1
0	6423	2025.154088153045	1
0	6433	2030.080317863615	3
0	6439	2030.627762795898	1
0	6451	2034.893700860914	0
0	6457	2035.857095884166	1
0	6477	2041.034494227038	2
0	6496	2046.111421761343	2
0	6500	2046.996211696187	2
0	6516	2051.67006871431	0
0	6521	2051.727481829243	1
0	6530	2054.585230621629	1
0	6538	2056.709102008611	1
0	6543	2057.070616448073	2
0	6563	2062.554502693013	3
0	6564	2062.639682006915	1
0	6568	2063.303590336008	0
0	6585	2068.144848930658	4
0	6591	2071.137329275258	3
0	6602	2073.747248396752	4
0	6609	2076.173331704233	0
0	6619	2079.742651814138	5
0	6622	2081.193396229066	0
0	6629	2085.301118397628	1
0	6641	2090.667741367136	6
0	6653	2096.602714014481	1
0	6655	2097.69345192996	5
0	6663	2099.797875297498	0
0	6671	2102.226950829392	1
0	6683	2107.588250238458	0
0	6689	2108.141176053099	2
0	6701	2113.853325351616	3
0	6709	2118.600633274887	4
0	6715	2119.737471396112	5
0	6722	2124.375695088883	2
0	6727	2125.181629013977	3
0	6738	2130.709712921417	6
0	6751	2136.051804974218	4
0	6752	2137.29683194566	5
0	6762	2141.495333643406	5
0	6765	2142.816875253575	4
0	6775	2147.024023636486	5
0	6777	2148.084503745199	4
0	6782	2150.302333050998	4
0	6790	2152.879068353222	1
0	6797	2156.130520247164	3
0	6805	2158.181852877847	5
0	6821	2164.027288421531	2
0	6829	2166.736948895387	4
0	6838	2169.61116924324	5
0	6855	2174.964720742786	4
0	6863	2178.01331278263	4
0	6872	2180.101347498139	5
0	6878	2182.698985809932	1
0	6881	2182.840805412161	3
0	6891	2185.701521646473	4
0	6894	2187.058981232582	4
0	6908	2191.362826518258	5
0	6910	2192.393177812693	0
0	6923	2197.181512062447	1
0	6938	2202.744406044027	6
0	6939	2203.337176976849	3
0	6944	2204.713286759686	5
0	6956	2208.125253458517	4
0	6961	2210.498215144855	3
0	6973	2213.135447766409	6
0	6978	2215.014772468949	5
0	6988	2217.817164143203	2
0	6995	2219.10468212097	3
0	7010	2224.820156505221	4
0	7014	2225.080397459222	1
0	7023	2228.171580081928	2
0	7032	2230.128734230539	3
0	7034	2230.4528554628	0
0	7042	2233.243195940285	0
0	7050	2235.431375592724	5
0	7051	2236.05205671059	2
0	7062	2240.772558583189	3
0	7063	2241.187457871978	4
0	7074	2245.930253311536	1
0	7091	2251.907437405093	4
0	7111	2257.733138868595	1
0	7127	2263.427863826049	3
0	7132	2263.66736206553	2
0	7136	2264.518540812083	0
0	7145	2267.281899352796	3
0	7151	2268.683396876799	4
0	7170	2274.595521637481	3
0	7186	2280.037730107326	5
0	7202	2285.074630038356	4
0	7208	2287.345615637027	2
0	7210	2288.3131149218	4
0	7212	2288.43928582583	3
0	7219	2290.600223900288	1
0	7224	2290.851244265688	5
0	7226	2291.774594075283	0
0	7231	2294.088516815221	4
0	7238	2296.051422057915	1
0	7255	2301.42679952505	5
0	7259	2302.798132200731	4
0	7265	2305.570981306963	2
0	7273	2307.250074997553	1
0	7285	2310.99516220834	0
0	7292	2312.357050915956	3
0	7296	2313.59333002475	2
0	7305	2317.431549658772	3
0	7310	2317.686417698636	1
0	7328	2322.805794727997	3
0	7338	2325.016419377071	0
0	7349	2328.000011283913	2
0	7354	2329.770679911025	2
0	7367	2333.787650452703	4
0	7386	2339.353158917986	5
0	7402	2345.085927012619	1
0	7405	2345.698646097802	1
0	7411	2348.112048837016	1
0	7417	2349.630657480568	4
0	7427	2350.725760104377	2
0	7440	2354.638689016584	1
0	7444	2355.439393955287	3
0	7449	2355.92758090213	2
0	7451	2356.544164962023	2
0	7455	2357.420534535669	0
0	7469	2361.770495331623	3
0	7485	2367.666463386044	4
0	7502	2373.30008542818	3
0	7507	2374.780239044349	3
0	7512	2376.725275387642	2
0	7521	2378.850265705501	3
0	7538	2384.315394871877	1
0	7539	2384.630219662573	0
0	7550	2388.317914880705	2
0	7552	2389.166989361759	0
0	7556	2389.517296221815	3
0	7562	2392.533945470236	2
0	7569	2394.942711907914	4
0	7580	2400.000341994232	1
0	7594	2405.117482033801	5
0	7602	2408.369201105562	4
0	7610	2410.7112028855	3
0	7616	2413.06190542866	0
0	7624	2415.779322426311	1
0	7639	2421.469597852567	5
0	7646	2423.925200879924	2
0	7655	2426.895868692441	4
0	7659	2426.913856532901	2
0	7674	2432.39568380966	1
0	7695	2437.930932061292	2
0	7698	2438.642294953355	1
0	7715	2442.981252043985	3
0	7724	2446.129743734967	3
0	7730	2448.018439917252	0
0	7736	2448.503751009481	3
0	7739	2449.21918830917	2
0	7752	2453.765535474999	1
0	7766	2457.881008027704	2
0	7772	2458.946516075881	3
0	7775	2459.654301881674	1
0	7791	2464.117642615234	4
0	7798	2466.157020301908	0
0	7805	2469.044848975387	3
0	7811	2469.792366259276	2
0	7827	2475.654212736302	4
0	7842	2481.314766584207	1
0	7847	2482.447898959168	3
0	7853	2484.002773572004	2
0	7862	2486.651096875209	1
0	7868	2487.170088107708	3
0	7872	2488.349004403581	2
0	7878	2490.665302920048	1
0	7889	2492.840032665302	2
0	7890	2492.911576898782	2
0	7908	2498.224898049153	1
0	7912	2498.270834417093	2
0	7935	2503.941699176805	2
0	7943	2506.070072011103	1
0	7957	2509.662130849913	3
0	7963	2510.832931979805	0
0	7971	2513.910401242444	1
0	7980	2515.638495430827	2
0	7987	2518.805147870571	2
0	7996	2520.863066428818	3
0	7997	2520.945002872042	1
0	8008	2524.772826017818	2
0	8015	2526.012294199096	2
0	8016	2526.552026399655	1
0	8033	2531.984372922463	1
0	8052	2537.21606167826	2
0	8054	2537.785230343237	1
0	8057	2538.42022169662	1
0	8069	2542.094761030644	0
0	8076	2543.168555586144	2
0	8077	2543.231280236516	1
0	8089	2547.940691187524	0
0	8093	2548.299025946075	1
0	8099	2551.101134354953	0
0	8107	2553.810867111443	1
0	8120	2559.084273390716	2
0	8135	2564.146671016246	2
0	8151	2569.368654150294	3
0	8154	2570.808598088112	0
0	8160	2573.884942822984	1
0	8164	2574.671124454599	1
0	8172	2578.183847697229	2
0	8177	2579.734977862226	0
0	8179	2579.945069602817	1
0	8183	2580.26036389895	2
0	8195	2586.228473133885	1
0	8212	2591.526814273105	3
0	8230	2597.337111188111	1
0	8253	2603.301365479141	2
0	8262	2605.826263154981	0
0	8264	2606.297522766759	2
0	8275	2609.141209731124	2
0	8292	2614.87493309962	1
0	8302	2618.248530593831	1
0	8313	2620.775634201257	3
0	8324	2623.644251525646	1
0	8332	2625.926512260468	2
0	8338	2626.590791636393	2
0	8361	2632.510323520298	2
0	8381	2638.068412381005	3
0	8383	2638.625216821567	0
0	8400	2644.039280275595	3
0	8404	2646.241248852121	2
0	8415	2649.641119352555	3
0	8416	2649.69953746385	2
0	8420	2651.553125492428	1
0	8427	2653.807019140117	1
0	8435	2655.456450796001	1
0	8454	2660.547218073871	2
0	8472	2666.319425490349	0
0	8476	2666.500173511462	2
0	8488	2671.143468325623	2
0	8493	2671.92298376771	3
0	8504	2676.623136294085	1
0	8510	2676.96241064953	4
0	8522	2681.449126919279	1
0	8524	2681.828050952182	0
0	8530	2682.796397842246	5
0	8542	2688.125150749705	6
0	8555	2693.919406918123	2
0	8556	2695.185513046002	5
0	8566	2699.787514669135	3
0	8578	2705.150533277089	4
0	8590	2710.747979853781	6
0	8591	2711.247041567822	3
0	8603	2716.034360644421	1
0	8607	2717.802078770486	5
0	8619	2721.863331796848	2
0	8637	2727.132996820626	4
0	8643	2729.575260251542	1
0	8649	2732.11303279911	4
0	8652	2732.343869102781	3
0	8656	2733.095748402658	1
0	8658	2733.52598164418	2
0	8677	2738.707752741654	2
0	8685	2740.963890853701	0
0	8696	2743.998107672217	3
0	8702	2746.029326993867	3
0	8713	2749.102434358806	4
0	8732	2755.0743673721	4
0	8735	2756.55997458311	3
0	8737	2757.020633292746	3
0	8749	2760.099360045292	4
0	8750	2760.139428607899	3
0	8757	2762.119431669137	1
0	8768	2765.338250993066	2
0	8785	2771.26344294242	4
0	8790	2773.512921166385	2
0	8800	2776.456188879454	1
0	8817	2781.497671906962	3
0	8821	2781.584138924967	3
0	8839	2787.263778614472	2
0	8845	2787.531856823725	2
0	8862	2792.384737323051	2
0	8867	2792.803497822735	3
0	8868	2793.334275633225	1
0	8877	2796.132715701602	1
0	8888	2798.032092605264	2
0	8910	2803.531596144673	4
0	8932	2809.04790113495	2
0	8944	2813.186057336522	1
0	8954	2814.700660086016	3
0	8956	2815.435596328586	3
0	8968	2818.707750768178	1
0	8972	2820.063148821714	0
0	8974	2820.339210169399	0
0	8980	2820.634493808041	1
0	8982	2821.603508867452	2
0	8997	2826.131349078857	2
0	9008	2829.942298783467	1
0	9015	2831.992549546308	2
0	9021	2833.022156472914	1
0	9026	2834.380490363701	2
0	9035	2837.584889912991	0
0	9039	2837.7966024147	1
0	9054	2842.975319786708	1
0	9060	2844.435950381811	1
0	9080	2848.673121775513	2
0	9087	2850.831203754888	0
0	9094	2852.401352758764	0
0	9100	2854.288374907582	3
0	9109	2858.974157570172	2
0	9115	2860.06107717125	1
0	9128	2865.353068114969	3
0	9132	2866.263765295628	2
0	9146	2870.965671829193	2
0	9147	2871.778253156236	1
0	9161	2876.233497694147	2
0	9167	2877.91395927501	1
0	9181	2882.039944350499	1
0	9199	2887.075714475953	2
0	9207	2889.52955734824	1
0	9213	2890.942198695974	1
0	9220	2892.1837750557	2
0	9226	2893.832508477276	0
0	9239	2897.974606895831	2
0	9256	2903.019732309284	1
0	9258	2903.919254757592	1
0	9261	2904.34029219417	1
0	9269	2906.79656110286	0
0	9271	2906.97976579623	1
0	9277	2908.527627033891	2
0	9293	2914.443131751858	3
0	9302	2918.451550680457	2
0	9310	2920.070279925142	3
0	9325	2925.50573673147	2
0	9328	2926.577851284075	1
0	9330	2926.82655092912	0
0	9341	2930.920631360274	1
0	9347	2934.216737786436	0
0	9355	2936.175024741806	2
0	9358	2937.844313851217	2
0	9361	2939.013717681178	1
0	9368	2941.680640669551	2
0	9375	2945.408220105113	1
0	9382	2947.343672535161	1
0	9389	2950.786681542534	1
0	9397	2952.576401051145	2
0	9403	2955.265681588795	0
0	9405	2955.360932613269	1
0	9413	2958.533751508698	2
0	9418	2962.135592037008	0
0	9425	2963.742992025579	1
0	9435	2968.9476131003	2
0	9448	2974.770361704763	3
0	9452	2976.957002771449	1
0	9460	2980.128085581364	1
0	9479	2985.957309001835	2
0	9480	2986.733222240595	2
0	9488	2989.829397637757	1
0	9495	2991.020823161362	1
0	9516	2996.929187852901	2
0	9523	2998.908924611416	1
0	9537	3002.553662363568	1
0	9541	3002.736887427757	2
0	9543	3003.266270976176	0
0	9558	3008.470242888213	3
0	9564	3010.665532381866	0
0	9573	3014.324945889658	2
0	9578	3016.539717958437	2
0	9586	3019.490646024945	1
0	9603	3025.296477434703	2
0	9605	3025.735016332951	1
0	9615	3028.599269431566	1
0	9624	3030.949739152112	3
0	9642	3036.543719525694	4
0	9660	3041.937448424532	5
0	9667	3044.422246843355	4
0	9669	3044.8332147319	0
0	9672	3045.49752810273	0
0	9677	3047.638443646499	5
0	9684	3053.248899332493	1
0	9687	3055.152062573133	0
0	9694	3058.633213396662	1
0	9705	3064.175065539789	1
0	9720	3069.776621250913	1
0	9736	3074.833063968469	2
0	9739	3075.201215699556	4
0	9758	3080.038269890251	3
0	9763	3081.693735307794	0
0	9775	3085.322971238533	2
0	9787	3090.406983950072	2
0	9791	3090.510962056706	1
0	9801	3094.137117886112	1
0	9809	3095.61414378836	2
0	9825	3099.844182307024	3
0	9827	3100.144586042165	1
0	9834	3101.127875757648	2
0	9837	3101.781760385849	2
0	9846	3104.174709252322	1
0	9848	3104.508402542454	1
0	9855	3105.851209079624	0
0	9859	3106.687576890469	1
0	9860	3106.73054074078	1
0	9869	3109.717716026018	0
0	9880	3112.204034523119	2
0	9896	3118.007277486858	2
0	9912	3123.357220848802	1
0	9920	3125.720025695289	0
0	9930	3128.422503807827	2
0	9933	3129.304252660263	1
0	9947	3134.033562831593	3
0	9958	3138.365417874429	2
0	9960	3138.582883796079	1
0	9967	3139.634576377937	2
0	9968	3139.988851252134	1
0	9983	3144.988575080422	3
0	9998	3150.726607156464	2
0	10000	3151.848802762467	1
0	10013	3155.889453443478	1
0	10016	3157.252427036415	0
0	10025	3160.454555315559	2
0	10030	3160.971617850022	2
0	10045	3166.547087589291	3
0	10054	3169.978575151425	2
0	10063	3172.176247161592	1
0	10080	3176.786639050127	1
0	10085	3177.244757618301	2
0	10087	3177.458835528129	0
0	10102	3182.322587136889	3
0	10106	3184.098937982472	2
0	10120	3188.025724240124	2
0	10131	3191.999063241308	1
0	10133	3192.100560772942	1
0	10142	3193.6630831482	2
0	10159	3199.613974789401	2
0	10164	3201.355185747859	1
0	10175	3205.188445136195	1
0	10193	3211.05434125174	2
0	10207	3214.942156662713	1
0	10210	3215.78078218679	1
0	10212	3215.83049545997	1
0	10218	3216.587346921919	2
0	10219	3216.732706859369	0
0	10236	3221.64875790152	2
0	10241	3223.714188792408	1
0	10251	3226.686442728632	3
0	10267	3232.101832758647	2
0	10285	3238.071544889372	2
0	10286	3238.233257500349	1
0	10292	3239.918672781686	2
0	10304	3243.305975051375	1
0	10308	3244.879936713272	0
0	10321	3248.761256573267	2
0	10330	3252.186395907438	1
0	10339	3254.323108720138	3
0	10346	3257.065189337136	2
0	10356	3259.789574815669	3
0	10369	3265.345137595209	1
0	10373	3266.601998716957	1
0	10390	3270.933552695681	2
0	10410	3276.290098396373	2
0	10418	3279.169778068098	1
0	10432	3282.053337463188	4
0	10441	3284.744941943224	1
0	10446	3286.407821054819	0
0	10452	3287.382767019804	2
0	10453	3287.835178912162	3
0	10455	3288.491671960928	1
0	10467	3292.728924907755	2
0	10482	3297.878186500642	4
0	10483	3298.060600403012	1
0	10494	3302.109935574943	3
0	10501	3303.465363017294	1
0	10502	3303.765091576508	2
0	10523	3309.296629768574	3
0	10530	3311.110829570576	0
0	10534	3312.576764618639	0
0	10542	3314.466931778482	4
0	10554	3320.386687134868	1
0	10555	3321.133719067799	3
0	10571	3326.222497247868	1
0	10575	3327.399167054115	0
0	10587	3331.236656890494	4
0	10602	3337.031391927517	5
0	10618	3342.995819029874	6
0	10625	3345.122952418063	5
0	10636	3348.161412001598	6
0	10644	3350.900787195548	0
0	10646	3351.059224138629	0
0	10652	3353.395784428587	1
0	10663	3359.134599135967	2
0	10665	3359.518520375259	1
0	10676	3364.218855647614	7
0	10687	3369.510375467373	1
0	10688	3369.544790151075	6
0	10699	3374.601647945363	0
0	10701	3374.87281876105	0
0	10705	3375.352824343612	1
0	10717	3380.908435249712	1
0	10728	3384.880884113851	5
0	10735	3386.377908487582	6
0	10752	3391.847899109834	2
0	10767	3397.01825399954	2
0	10771	3398.315791232055	1
0	10781	3401.801800587925	1
0	10786	3402.359719637792	2
0	10791	3403.520984918008	5
0	10797	3405.716682329436	1
0	10805	3407.566390950476	2
0	10820	3412.664464866521	0
0	10825	3413.350820617062	3
0	10837	3418.805137517639	6
0	10839	3419.661337187409	5
0	10844	3422.234369561554	4
0	10851	3424.107733990541	1
0	10853	3425.005544719415	3
0	10858	3426.261192490824	2
0	10860	3426.39163431922	0
0	10870	3430.085198647818	1
0	10876	3432.433277620714	2
0	10886	3435.149019174287	3
0	10902	3440.833834235798	2
0	10918	3446.221243113987	3
0	10929	3451.097931998909	2
0	10935	3451.775281822085	1
0	10943	3454.16148215545	2
0	10958	3457.352631635507	2
0	10963	3459.296098933566	1
0	10978	3462.353529780646	3
0	10990	3465.578271479354	1
0	11000	3468.33724548296	4
0	11012	3472.254095294173	3
0	11014	3472.269429497433	1
0	11021	3473.544535531904	4
0	11028	3475.648247264452	0
0	11040	3478.955514718089	2
0	11058	3484.860599235175	5
0	11065	3487.725541164992	4
0	11072	3489.768851482432	1
0	11076	3490.669235359886	2
0	11091	3495.752955657439	1
0	11098	3497.497973886447	0
0	11104	3499.139328053231	0
0	11109	3500.78473605426	5
0	11121	3506.14511664655	3
0	11123	3507.62156199292	2
0	11128	3509.624068543677	4
0	11135	3511.282519060661	5
0	11147	3517.150879899979	1
0	11149	3517.98424533406	1
0	11163	3522.272644378835	0
0	11167	3522.536099164056	2
0	11180	3528.273336978637	1
0	11186	3530.819054397413	0
0	11193	3533.562663172379	1
0	11194	3533.625994402346	4
0	11211	3539.192850450061	1
0	11235	3545.041122792063	5
0	11240	3546.717611728829	4
0	11248	3549.021285178145	1
0	11260	3550.78973493912	2
0	11276	3555.856335893047	2
0	11296	3561.086107144139	2
0	11305	3563.980055636847	1
0	11310	3565.521992417991	1
0	11316	3566.469074330067	2
0	11318	3567.131137925445	3
0	11326	3569.624759442294	0
0	11337	3572.114340536536	1
0	11339	3572.519099204228	1
0	11345	3573.813826641895	2
0	11351	3576.056190868732	0
0	11358	3577.554807576358	3
0	11378	3583.477952489404	1
0	11388	3587.211880307303	1
0	11398	3589.122771688046	2
0	11399	3589.126781242789	0
0	11415	3594.447687823799	1
0	11428	3598.409217615272	2
0	11436	3599.650723794017	3
0	11458	3605.334358826287	2
0	11460	3606.674518591496	1
0	11476	3610.468113112969	3
0	11478	3611.260295082823	2
0	11497	3615.476742501611	4
0	11503	3617.013525321623	3
0	11510	3618.578834788531	0
0	11520	3621.13861153066	1
0	11540	3626.798786653679	4
0	11548	3629.519058449901	1
0	11551	3629.877759123342	0
0	11560	3631.934336304672	2
0	11573	3636.948231299881	5
0	11590	3642.810525726767	6
0	11592	3644.102771309449	5
0	11594	3644.170300521547	1
0	11601	3646.932681543415	4
0	11609	3648.737881475368	2
0	11620	3652.85482230073	1
0	11625	3654.113937327878	1
0	11648	3659.88501498942	2
0	11653	3661.224459672237	1
0	11657	3662.477076414746	0
0	11666	3664.957119503531	5
0	11668	3665.071705547404	4
0	11677	3668.587698661847	0
0	11685	3670.260912882404	5
0	11699	3676.194648370387	6
0	11707	3679.692038821762	0
0	11713	3681.424798284665	1
0	11724	3686.646114960553	2
0	11729	3688.803449378709	5
0	11739	3692.581251628006	3
0	11743	3694.782498937925	2
0	11752	3697.95147300978	1
0	11757	3700.635962229231	1
0	11764	3702.5305692918	4
0	11770	3703.637828399202	1
0	11780	3706.81360338594	0
0	11789	3709.172422693119	2
0	11806	3714.844943048673	2
0	11824	3720.344118606074	1
0	11827	3721.430964449314	1
0	11835	3723.984743813061	3
0	11842	3726.096035255476	2
0	11847	3726.234192903161	2
0	11849	3726.806884652826	0
0	11860	3731.131292816839	1
0	11865	3731.88657419198	1
0	11867	3732.407516339221	1
0	11871	3733.832186712308	1
0	11876	3735.083227612667	0
0	11884	3737.05669643102	2
0	11893	3739.943181638266	0
0	11901	3742.494205466246	1
0	11903	3743.680760692461	0
0	11908	3745.340651454178	0
0	11914	3748.197673268391	3
0	11921	3753.753442615977	1
0	11926	3757.701109546012	0
0	11932	3759.20050492511	1
0	11937	3762.999935156442	2
0	11944	3764.660736115657	1
0	11960	3769.797818299391	2
0	11974	3774.841572658633	2
0	11990	3780.432963428096	3
0	11996	3782.831599962559	1
0	12006	3785.854057744387	3
0	12007	3786.047164528988	2
0	12011	3786.579674101559	1
0	12024	3790.913830385319	2
0	12028	3792.844845371563	2
0	12042	3796.368628528676	1
0	12063	3802.11887569121	2
0	12065	3802.698941568735	0
0	12068	3803.383098009867	1
0	12084	3808.054587539061	2
0	12099	3813.069123984556	1
0	12100	3813.098090438067	1
0	12109	3815.643607268003	1
0	12122	3818.907124737519	2
0	12123	3819.031563313455	1
0	12143	3824.569540998907	2
0	12144	3825.028073455449	0
0	12163	3829.961157458144	1
0	12174	3833.934320871145	1
0	12178	3834.359796744781	1
0	12185	3835.794001696407	2
0	12200	3839.966921735098	1
0	12207	3840.956870474628	2
0	12214	3843.787233788416	0
0	12219	3845.838266160697	1
0	12223	3846.005569650334	2
0	12229	3848.34613659909	0
0	12233	3850.144533983789	0
0	12239	3851.963043005447	1
0	12250	3857.680925306873	3
0	12262	3863.18373602001	4
0	12268	3865.849972822712	3
0	12272	3867.79271625216	0
0	12277	3868.485013372041	1
0	12289	3873.75894447254	1
0	12303	3878.931858089063	4
0	12315	3884.031860910132	2
0	12326	3888.01681475447	1
0	12332	3889.470229689273	1
0	12341	3892.328034646467	3
0	12351	3894.654214366115	2
0	12369	3899.954244342874	4
0	12373	3900.489433747377	0
0	12387	3905.359671246036	5
0	12392	3906.727920898478	0
0	12404	3911.245307442275	6
0	12416	3917.006293005086	1
0	12419	3917.899148252106	1
0	12432	3922.158211359996	2
0	12434	3922.497136115919	5
0	12450	3927.290988001283	2
0	12465	3932.365512975268	1
0	12475	3935.448355991751	1
0	12480	3936.729520438247	0
0	12487	3937.573332833135	1
0	12498	3941.533269103742	0
0	12508	3943.188984841117	6
0	12514	3946.246394981291	1
0	12516	3946.40165411798	5
0	12525	3948.2631858443	1
0	12542	3953.515511178653	2
0	12561	3958.604147832616	2
0	12580	3963.831781898401	3
0	12582	3963.930026830185	2
0	12602	3969.475967708052	3
0	12606	3970.560898614244	1
0	12626	3975.423940402464	4
0	12627	3975.54858894088	4
0	12637	3978.180910106875	0
0	12640	3979.737754547742	3
0	12642	3979.860772711818	3
0	12648	3980.699999617654	1
0	12657	3982.836323571633	0
0	12668	3986.234876860174	2
0	12681	3991.413933143959	4
0	12685	3992.440617287194	1
0	12690	3994.249269374192	3
0	12694	3995.861109509959	2
0	12699	3996.722479677534	3
0	12709	4000.580629462381	2
0	12711	4001.385516390558	1
0	12717	4002.356280048618	2
0	12725	4005.866816667851	0
0	12731	4007.585053339375	1
0	12738	4010.683428667956	1
0	12743	4012.500552240417	0
0	12749	4012.790669352755	4
0	12757	4018.080395684593	3
0	12761	4018.43932499551	2
0	12772	4024.354295224191	1
0	12774	4024.836254505224	2
0	12777	4026.134405967668	1
0	12788	4029.410646676326	3
0	12802	4034.530196515967	0
0	12806	4034.567270030275	1
0	12813	4037.365745951197	0
0	12816	4037.874366763751	0
0	12822	4040.317449315459	1
0	12823	4040.403973116092	2
0	12828	4042.206153684071	0
0	12835	4045.337307317423	1
0	12848	4050.855271966903	3
0	12855	4055.935466430517	2
0	12859	4056.371493169813	2
0	12870	4062.200093123371	3
0	12877	4066.151323819551	2
0	12885	4067.735572451966	3
0	12889	4070.143763952897	1
0	12896	4073.357634743228	2
0	12900	4073.55255646399	3
0	12913	4079.169104376582	1
0	12920	4081.857029526503	0
0	12928	4084.540915729951	4
0	12932	4085.970745500894	3
0	12941	4089.993811272791	1
0	12952	4094.632934079165	0
0	12956	4095.08842439764	4
0	12958	4095.345070028579	3
0	12970	4100.897160940811	4
0	12977	4106.112013611017	0
0	12982	4106.493142828586	1
0	12993	4111.910728299067	2
0	13004	4117.470640271444	3
0	13009	4120.529484318345	2
0	13013	4122.714899463365	3
0	13017	4123.081092373941	4
0	13030	4128.83900388913	1
0	13043	4134.008277078632	1
0	13063	4139.646760027397	5
0	13087	4145.517008188653	3
0	13098	4148.616373603591	2
0	13103	4149.880748826319	0
0	13105	4150.070059765254	0
0	13108	4150.727429602079	4
0	13112	4151.327312443179	1
0	13124	4156.394684067934	2
0	13139	4162.294916391147	3
0	13156	4167.585724202458	4
0	13161	4168.804563693836	3
0	13170	4172.170869085714	1
0	13178	4173.287650514169	1
0	13181	4174.134487990419	3
0	13189	4176.129468631948	2
0	13200	4178.679362789503	3
0	13217	4183.897289886846	4
0	13235	4189.363916831332	4
0	13242	4190.666569291976	3
0	13255	4194.590452850111	2
0	13260	4194.994729775711	2
0	13262	4195.752378471669	0
0	13276	4200.234452252983	3
0	13279	4201.631920409519	1
0	13281	4201.655043291515	2
0	13295	4205.562586279129	3
0	13297	4206.97070186063	3
0	13300	4207.788000127314	0
0	13310	4211.56061865204	4
0	13323	4216.906685354896	4
0	13329	4220.331739282835	3
0	13335	4222.541643848186	4
0	13347	4228.254699890278	5
0	13357	4233.497148090983	1
0	13358	4233.681272339661	3
0	13365	4236.090535784027	2
0	13370	4236.951535202697	4
0	13379	4238.747047221065	5
0	13394	4244.301911281432	2
0	13396	4244.795354720921	4
0	13399	4246.233100365502	1
0	13401	4246.564140446152	3
0	13413	4249.863977210374	1
0	13414	4249.995978705478	1
0	13432	4255.03723201669	4
0	13437	4256.544314572941	0
0	13440	4257.157582082212	0
0	13448	4260.064970008109	1
0	13451	4261.772428929816	0
0	13454	4262.001335595984	3
0	13459	4264.065477850975	0
0	13463	4265.12146554609	1
0	13476	4270.682378725393	2
0	13478	4271.803921336325	2
0	13488	4275.916029152705	3
0	13492	4277.581863207293	1
0	13501	4281.004331430199	1
0	13515	4286.248308919847	1
0	13529	4290.276751092297	2
0	13538	4292.064266859565	3
0	13549	4295.069170329031	0
0	13561	4297.848762813734	2
0	13571	4302.042643731121	2
0	13578	4303.653022820141	1
0	13598	4309.062177916767	2
0	13601	4309.755770801461	0
0	13604	4309.992350313015	1
0	13619	4314.594992714014	1
0	13641	4320.147502248652	2
0	13660	4325.270326865149	3
0	13667	4327.277999875378	1
0	13684	4331.128195408742	4
0	13693	4333.457909985571	1
0	13709	4336.826314874237	2
0	13715	4338.446085128601	3
0	13731	4342.642245990701	2
0	13733	4343.161117474443	0
0	13737	4343.968803513571	1
0	13742	4346.371344034577	2
0	13747	4347.587775092115	1
0	13752	4348.162594517006	2
0	13753	4348.246472211921	1
0	13770	4353.294949183718	2
0	13774	4354.506065991715	1
0	13780	4356.954481937474	1
0	13788	4358.675169279578	1
0	13806	4363.958598051232	2
0	13828	4369.253601646295	3
0	13840	4372.869530753123	0
0	13849	4375.112059806485	2
0	13859	4378.841463450468	0
0	13865	4380.484479672287	3
0	13876	4385.750504729582	4
0	13881	4389.54104136596	2
0	13888	4390.87457429968	1
0	13891	4392.335626529194	3
0	13897	4394.381845174376	1
0	13905	4396.745643653452	1
0	13924	4402.351828355586	2
0	13945	4407.75711105695	1
0	13951	4408.293557639012	4
0	13956	4410.086983830448	3
0	13966	4412.262513388774	0
0	13968	4412.517058117566	0
0	13974	4413.963236010644	2
0	13986	4419.838186546007	1
0	14002	4425.06062588609	3
0	14012	4428.940887540008	0
0	14018	4430.082311078684	1
0	14028	4434.447334313309	2
0	14034	4435.603106909209	4
0	14035	4435.665260309948	3
0	14052	4441.337638325068	2
0	14069	4446.639339086377	4
0	14085	4452.131868813663	1
0	14101	4457.086910215332	1
0	14107	4458.045793491426	2
0	14108	4458.215833579781	1
0	14119	4460.820880639728	3
0	14131	4463.535354858507	2
0	14137	4465.235256535128	1
0	14150	4468.277018711445	0
0	14156	4469.454494194836	1
0	14157	4469.682929991173	0
0	14164	4471.304007971903	1
0	14174	4474.672976305485	4
0	14176	4474.877912744541	0
0	14179	4476.021623922177	3
0	14189	4479.881990815988	4
0	14200	4485.710257443609	2
0	14207	4488.862120999738	3
0	14214	4490.871454440765	1
0	14231	4496.357612581467	3
0	14236	4498.386244740578	0
0	14239	4499.275551895738	2
0	14241	4499.761393555805	2
0	14247	4501.591485972525	1
0	14263	4507.25529214275	2
0	14267	4508.890543990667	1
0	14280	4513.009807162228	1
0	14284	4514.337730325885	1
0	14301	4518.252626549461	2
0	14312	4522.106895168903	0
0	14314	4522.176466310987	1
0	14322	4523.894045805334	3
0	14331	4527.837503875154	0
0	14338	4528.992176726236	2
0	14340	4530.675828495073	2
0	14343	4531.396732448725	1
0	14350	4534.147353588379	3
0	14362	4539.857991375736	4
0	14372	4545.336643587806	1
0	14377	4548.090836571422	3
0	14385	4550.413434761818	2
0	14390	4550.811469114626	3
0	14407	4556.116312807899	1
0	14423	4560.270272068687	0
0	14429	4561.436824249111	1
0	14449	4566.98130676477	4
0	14450	4567.004561375372	0
0	14452	4567.201637458179	0
0	14457	4570.28313897318	3
0	14464	4572.782582847409	2
0	14474	4577.890224522686	4
0	14485	4583.404352487771	3
0	14495	4588.503597059295	5
0	14508	4593.532802306589	1
0	14518	4597.944500052031	2
0	14524	4598.959133743316	1
0	14525	4598.959885281635	4
0	14535	4602.204163425493	3
0	14546	4604.48253291101	3
0	14554	4606.974009818756	2
0	14556	4607.287432029036	2
0	14568	4610.318595801022	2
0	14592	4616.27322088532	3
0	14598	4618.080434729584	2
0	14602	4618.825822344174	0
0	14613	4621.280615160715	3
0	14616	4622.997115917279	1
0	14618	4623.200124685661	2
0	14630	4626.930654253585	2
0	14634	4628.484571013724	1
0	14647	4632.485810398131	2
0	14662	4638.123114596361	3
0	14669	4640.169647916344	2
0	14671	4640.422414540552	1
0	14675	4642.089396389325	1
0	14683	4643.3233338676	1
0	14700	4648.918943035654	1
0	14704	4648.959716554273	2
0	14723	4654.471827240203	2
0	14737	4659.034917194518	0
0	14742	4659.866732778501	3
0	14745	4660.382024641272	0
0	14756	4665.788400137572	3
0	14764	4670.313863585359	2
0	14768	4671.173445681816	4
0	14769	4671.487734071802	3
0	14782	4676.781287332771	1
0	14783	4677.597788928666	2
0	14796	4681.975679731702	3
0	14813	4687.590031154228	1
0	14832	4693.039607068531	4
0	14840	4695.287752799812	3
0	14855	4698.878132344696	2
0	14866	4702.357269082925	1
0	14876	4704.605727959431	2
0	14878	4705.105393803222	1
0	14884	4706.325949587982	1
0	14893	4708.807797379798	0
0	14902	4710.138679641306	4
0	14916	4715.085468483748	0
0	14920	4715.403726290918	2
0	14931	4721.072430846055	1
0	14932	4721.20748236322	3
0	14949	4726.735117384705	3
0	14960	4730.094892886709	2
0	14967	4731.999866048114	4
0	14969	4732.346560341896	0
0	14982	4737.000516707783	3
0	14987	4739.608043215711	2
0	14993	4742.03184669838	1
0	14996	4743.797060739255	3
0	15009	4747.302679643973	4
0	15025	4753.171773146845	1
0	15034	4756.091818726512	0
0	15043	4758.496080276796	1
0	15055	4762.059450706707	0
0	15058	4762.807161500568	3
0	15064	4764.007093134576	4
0	15066	4764.424080956385	1
0	15071	4765.936018116663	0
0	15080	4769.385932264857	2
0	15087	4773.152046553331	1
0	15093	4774.894013914753	2
0	15105	4780.064126924619	1
0	15107	4780.837900645689	3
0	15116	4783.874996769946	1
0	15123	4785.849065322669	2
0	15138	4791.042510842912	3
0	15147	4794.155079279685	2
0	15151	4795.999703666436	1
0	15154	4796.621036384377	2
0	15158	4796.837819054498	2
0	15170	4802.284773560715	1
0	15177	4804.025302273228	0
0	15187	4807.456717883478	1
0	15206	4812.745144772352	2
0	15210	4814.062190468314	1
0	15217	4816.175004967729	1
0	15225	4817.995868450505	2
0	15229	4819.413815397776	1
0	15236	4820.870763830849	0
0	15239	4821.776433949248	0
0	15245	4823.475970341833	1
0	15255	4827.566186994671	0
0	15261	4828.931446921322	1
0	15267	4831.641005306745	1
0	15278	4834.783061543023	2
0	15295	4839.86457129918	3
0	15310	4845.265578882778	2
0	15321	4849.817063758276	0
0	15324	4850.740253822187	1
0	15328	4850.809538170006	1
0	15339	4856.096091679773	2
0	15345	4856.62333455543	3
0	15349	4858.526199687629	0
0	15351	4858.662075783252	2
0	15361	4862.072824133103	1
0	15376	4867.448711486076	2
0	15393	4872.554082334283	3
0	15408	4877.566102162364	0
0	15412	4878.53033517721	1
0	15416	4879.830817228193	2
0	15429	4883.805903447334	1
0	15436	4886.342820477796	1
0	15448	4889.171641499045	3
0	15462	4894.135505079534	2
0	15470	4895.134781115696	2
0	15472	4895.596772780418	1
0	15489	4900.322229179794	2
0	15507	4905.51982743876	0
0	15512	4905.973190414028	2
0	15521	4909.194205854445	1
0	15523	4909.395031186644	1
0	15525	4909.650558318251	1
0	15533	4911.430694301853	2
0	15548	4916.657991734341	2
0	15560	4921.606588806266	1
0	15565	4922.013151988162	2
0	15567	4922.719013553006	1
0	15579	4927.54354343145	1
0	15583	4927.7674498614	2
0	15600	4933.380188685849	3
0	15611	4936.926590092372	2
0	15620	4938.838544689126	2
0	15624	4940.180512656699	1
0	15631	4942.859097566001	1
0	15638	4944.416388791527	1
0	15646	4947.11731109932	0
0	15651	4948.054653575535	0
0	15659	4949.772963936913	2
0	15669	4955.049642977777	1
0	15677	4958.226171098424	0
0	15685	4961.03891965864	1
0	15692	4964.038436957647	1
0	15703	4966.875542805304	2
0	15719	4972.401344847872	3
0	15735	4978.165397926706	1
0	15738	4979.191431786296	0
0	15744	4981.233081845221	2
0	15752	4983.739007551695	3
0	15758	4985.464621123516	0
0	15766	4988.901687307057	4
0	15778	4994.682663072606	1
0	15785	4997.513336940094	0
0	15792	4999.858821631649	1
0	15809	5005.185685042997	2
0	15810	5005.516213078175	1
0	15812	5006.538534269205	3
0	15820	5009.667125892483	0
0	15826	5010.995491681627	1
0	15841	5016.065273096559	4
0	15846	5018.333097865458	3
0	15859	5021.550109963172	2
0	15868	5025.041843388813	2
0	15875	5027.001366083632	1
0	15879	5027.242622702622	2
0	15894	5032.707679591381	2
0	15910	5038.040789496393	3
0	15923	5042.953313973616	1
0	15925	5043.675167991205	2
0	15929	5043.73767312058	3
0	15933	5045.091997020068	1
0	15936	5046.450842838967	0
0	15947	5049.517694259768	2
0	15959	5055.446526123451	4
0	15970	5060.468786205638	1
0	15984	5065.852300133447	3
0	15986	5066.019986308764	1
0	15990	5066.073580167962	2
0	15991	5066.506415704971	2
0	16008	5071.816239636399	1
0	16026	5077.252689096619	3
0	16035	5080.375618160593	2
0	16037	5080.542671417122	0
0	16049	5083.186474097202	3
0	16052	5084.644774345456	1
0	16066	5089.093368707465	1
0	16085	5094.220088543843	2
0	16089	5095.449376086013	1
0	16091	5095.538481803734	2
0	16107	5100.179850326159	2
0	16126	5105.450583795558	1
0	16131	5105.649362290517	2
0	16137	5108.476400478052	1
0	16151	5111.199944165309	2
0	16152	5111.601858740679	0
0	16167	5116.310271566507	3
0	16182	5121.949505242758	4
0	16186	5123.588837592055	1
0	16188	5124.215964376353	3
0	16196	5127.053485570017	0
0	16201	5127.434426916071	1
0	16205	5129.116725861918	2
0	16208	5130.01655026561	0
0	16217	5132.709499262978	1
0	16218	5133.216211555766	0
0	16230	5138.047530013143	1
0	16235	5139.993838621543	0
0	16247	5143.972151953035	3
0	16258	5149.784770886653	1
0	16264	5152.281307809064	2
0	16275	5154.890526805079	2
0	16285	5158.026850674658	0
0	16293	5160.735678489559	3
0	16303	5165.954108438926	4
0	16314	5171.024674456572	1
0	16315	5171.21438112774	3
0	16330	5176.709881640976	1
0	16336	5178.528491768297	1
0	16349	5181.853982987819	2
0	16354	5183.242531843256	0
0	16368	5186.897369698394	3
0	16370	5187.997138227109	2
0	16382	5191.939953407045	1
0	16387	5193.388840797944	2
0	16405	5197.541639643609	1
0	16412	5197.928553332813	3
0	16427	5202.347859094045	0
0	16435	5203.734763043007	4
0	16446	5207.22183681175	0
0	16452	5209.281183846301	1
0	16460	5211.726911933049	3
0	16462	5212.074583847081	0
0	16471	5214.58424143843	4
0	16477	5218.586518456699	0
0	16483	5220.047688316792	1
0	16492	5225.192147649597	0
0	16496	5225.384837709605	1
0	16504	5230.571182875783	3
0	16508	5231.163232409866	4
0	16518	5235.892339138086	3
0	16522	5236.202740959828	4
0	16535	5241.624162973841	5
0	16548	5246.873027194529	2
0	16558	5252.214813774922	1
0	16559	5252.442859463513	1
0	16576	5258.17673543259	1
0	16594	5263.477872516033	2
0	16603	5266.01792234625	4
0	16614	5268.493088400229	3
0	16627	5272.200841229645	0
0	16637	5274.01003441867	5
0	16645	5277.504834208524	4
0	16653	5279.593203502712	5
0	16661	5282.137412469842	2
0	16667	5284.436863026466	0
0	16672	5284.94847765612	1
0	16687	5290.106807614216	1
0	16692	5291.401553101028	0
0	16706	5295.645412353105	6
0	16714	5298.131395246492	1
0	16723	5300.682110660481	2
0	16726	5302.051974819045	5
0	16742	5306.605941005521	1
0	16754	5310.272800510404	1
0	16761	5312.07695940114	0
0	16766	5312.279671245724	1
0	16784	5318.186789474919	6
0	16790	5319.266598340364	0
0	16806	5323.840286991329	7
0	16809	5324.452004122781	6
0	16820	5329.047061864289	0
0	16825	5329.431205750446	1
0	16842	5334.98133189115	2
0	16856	5340.359004571105	3
0	16864	5343.964868938905	0
0	16868	5345.160187675616	5
0	16872	5345.759767568673	6
0	16876	5348.258335740188	5
0	16880	5350.207023627473	4
0	16885	5351.321169184291	4
0	16893	5356.009747774691	3
0	16897	5357.199354957094	4
0	16909	5362.668709871362	5
0	16922	5368.459382202013	1
0	16939	5374.368650575171	1
0	16942	5375.451068848954	4
0	16951	5378.038497765318	0
0	16955	5378.379725359265	3
0	16962	5380.186221523446	5
0	16978	5385.85820805887	4
0	16995	5391.73145559151	5
0	17011	5397.32399135479	4
0	17015	5397.471330955627	1
0	17021	5400.121596630084	4
0	17026	5400.767293561487	0
0	17036	5403.067932453707	5
0	17043	5405.517626642718	0
0	17047	5406.395668121058	3
0	17052	5408.165424962297	6
0	17065	5413.741888964318	1
0	17067	5414.777755707387	5
0	17081	5418.888065449896	4
0	17096	5424.68011684879	6
0	17113	5429.72282970371	5
0	17116	5430.559205747447	4
0	17120	5432.464370306702	3
0	17129	5435.200790139384	7
0	17134	5437.024244915463	6
0	17147	5440.599216119855	2
0	17148	5440.673437179185	1
0	17164	5446.219544253548	1
0	17170	5447.675244218091	0
0	17172	5448.652466989008	0
0	17177	5450.116359825599	2
0	17182	5451.569108932515	1
0	17188	5454.586007803332	0
0	17197	5457.108741620093	7
0	17208	5462.584216915307	3
0	17214	5465.286462110583	6
0	17220	5467.635009957713	1
0	17233	5473.184712748744	7
0	17247	5478.735217463227	4
0	17252	5480.195287164304	3
0	17265	5484.432785228362	4
0	17271	5486.898234908004	6
0	17282	5490.036408712391	1
0	17289	5491.938716405538	0
0	17296	5494.745589995177	0
0	17302	5495.349778136473	1
0	17310	5498.489410491428	5
0	17331	5507.892396157958	0
0	17335	5509.218974293097	3
0	17348	5517.166120409849	4
0	17371	5530.924988500542	3
0	17375	5533.652281221704	2
0	17379	5535.409004618415	2
0	17400	5548.624223518536	1
0	17430	5566.844455435175	1
0	17441	5573.528382380724	0
0	17444	5575.479332985475	0
1	26	16.805543753667	11.397856728988
1	52	29.086816667812	13.432879090076
1	63	36.302676985623	25.782819226268
1	73	41.914505394874	20.417509467573
1	124	63.893099286593	25.217890685423
1	131	65.7063054326	38.34590720688
1	169	77.202655721456	16.521687122062
1	176	78.311582114663	34.274077622335
1	189	83.916155781131	34.691170012811
1	197	88.608259274275	33.893988669035
1	213	94.132317414625	60.814520077198
1	265	111.998512822786	40.29226327024
1	294	121.052026308492	43.506036076347
1	304	123.774975028119	29.908464343984
1	306	123.816915382981	57.511264902424
1	316	126.986338735558	43.573853527662
1	318	127.172905743822	10.960327386159
1	355	138.450513363117	33.226505245781
1	361	141.009903621978	19.064311525204
1	363	141.126749862917	30.568203174044
1	378	145.500729450492	56.815465503142
1	386	148.388635150741	10.102736569826
1	428	160.676221602017	61.200071839503
1	439	164.433736997655	37.201004593864
1	481	177.120872593256	33.644389445664
1	508	186.410170039864	9.814725426727
1	519	190.254895084189	57.630437320913
1	522	190.632129551377	41.589692664798
1	555	200.03319080663	6.951517608017
1	593	209.711002817028	22.158483217586
1	605	212.341563147609	52.384221867541
1	618	214.883796752781	60.633780420642
1	623	216.148297147941	18.046961342798
1	645	222.738571794705	51.366207229906
1	694	235.813772314111	32.072857713675
1	701	236.511809988996	70.705129240989
1	713	239.841964574995	9.210225539048
1	750	249.4251691415	35.537667819068
1	774	255.364964112173	30.556757721118
1	782	257.845799381145	21.878735465462
1	794	261.89162484091	20.232727096884
1	805	264.67667610885	12.258524123462
1	810	266.547439914314	84.774240522995
1	844	277.534709237398	19.564961713621
1	860	282.228029432123	13.301921139121
1	869	285.422435627435	10.660812294693
1	891	292.277093139011	83.530681554227
1	911	298.994143365881	79.593230878467
1	921	303.097392950907	16.892558346737
1	955	313.698550707661	33.352601106745
1	980	319.951286561554	22.716268860269
1	992	323.083992611149	75.85315740248
1	996	324.784335088917	21.579128915678
1	1034	338.159952026444	23.713293532726
1	1054	344.503726770283	80.641550556404
1	1096	355.483939875966	35.549886057038
1	1103	357.439931676719	65.273790071016
1	1106	357.972556068563	32.727869335097
1	1129	363.557921185392	27.205882736482
1	1141	367.18610942166	25.298478725018
1	1177	375.921099269175	66.841343439528
1	1179	376.177554008087	17.954005594367
1	1193	380.558143374047	27.950435088484
1	1219	390.168858461078	59.528986267275
1	1227	391.07641658606	43.761556397657
1	1245	397.358886345407	18.255186021445
1	1254	400.386405822937	26.59063471097
1	1256	400.97938266874	15.884718333489
1	1279	409.274502105657	45.969166374179
1	1284	410.962580936146	3.954714096268
1	1313	423.369455980024	27.423529109805
1	1324	425.820899386893	23.999612091811
1	1329	427.483711043024	3.976958693122
1	1348	435.487146299215	17.843685335595
1	1357	438.891359899071	70.189832519385
1	1364	440.446784617611	6.770273601868
1	1367	441.53054690617	12.916491121285
1	1380	447.287987601243	8.394802658584
1	1391	450.886702013784	6.557645089808
1	1399	456.500879064547	65.719055426652
1	1410	464.619952060278	52.057807341214
1	1433	474.414332405199	13.14349243953
1	1452	480.748811269406	30.866737472819
1	1500	493.774193337305	26.575522493689
1	1522	499.024692384287	43.352462672855
1	1536	501.935190363205	18.730885487632
1	1544	504.621548830998	32.21567111672
1	1559	510.353794912104	21.253819266562
1	1562	510.911325718737	16.324472248084
1	1596	522.299171401541	44.317555327322
1	1617	528.363975374838	28.371029272554
1	1623	530.128885879995	7.832309220568
1	1655	539.559814148818	28.184495682133
1	1690	550.195098166242	33.405661075963
1	1695	551.382063780906	45.67113651521
1	1709	554.381166205164	26.858415256609
1	1717	557.427689080125	13.682727983919
1	1768	571.203973741614	38.407171154739
1	1771	571.678262948176	33.517017720385
1	1782	575.638839611902	5.24588644726
1	1791	578.321887028403	18.455476141302
1	1804	583.021236852394	34.056343476173
1	1830	595.76814236387	19.6285796765
1	1842	600.854040091507	46.874603944714
1	1892	618.260136253667	18.769469298191
1	1905	623.991521132875	42.094569979467
1	1912	626.813920344807	39.092851624707
1	1922	630.433930953731	8.661134581547
1	1928	632.27486672846	67.002962070633
1	1951	643.456541204592	11.375099371188
1	1964	648.88962137862	55.186222010524
1	1990	657.347049774369	52.272099370603
1	1998	660.704942977755	22.85617978871
1	2012	665.191103329299	15.840177078848
1	2040	673.128099635476	17.802149297205
1	2063	678.565757981269	68.149922910147
1	2081	682.068928688879	15.761600054684
1	2095	685.975230358659	69.950972130175
1	2120	693.558113610485	32.307512781232
1	2149	700.800808810514	28.90538776026
1	2170	706.619945221579	23.504553782521
1	2174	707.252523375208	7.557421913604
1	2187	710.869741614445	83.810413208095
1	2195	714.034088679704	36.296811240376
1	2228	724.941943947577	81.278516155321
1	2257	734.025524062101	45.730924072906
1	2259	734.614621235175	29.529161349291
1	2295	744.581196552259	28.556098147879
1	2297	744.59550352243	12.578170566935
1	2301	745.657082149755	51.900221237212
1	2305	746.988017721563	36.68796157208
1	2360	764.10950182355	42.911411520561
1	2389	773.708085052314	47.257951726085
1	2394	775.416596313355	31.925613835104
1	2413	780.493390232091	31.211473256117
1	2418	782.404341166957	28.074322206087
1	2462	796.071807864348	58.34613313991
1	2472	798.816876852767	22.339129437342
1	2507	808.513814066422	37.983232207482
1	2520	811.358131038252	51.836270621274
1	2533	815.283626117044	21.595572311663
1	2564	822.381668595017	34.28431804653
1	2581	828.54100689816	29.794883347467
1	2599	833.715514856385	68.302966605867
1	2604	834.448472663878	2.479333144031
1	2622	840.651145730751	36.499872380519
1	2644	849.06878137146	39.111196056006
1	2659	854.537977833652	11.076855496388
1	2661	854.610032322466	39.18511341803
1	2691	866.348533386706	83.874903702984
1	2708	872.792650453162	51.48522924224
1	2726	878.077940190791	51.156447527112
1	2744	882.542864246983	33.182166835981
1	2748	883.325473207284	17.879059341038
1	2750	884.344605967044	23.927685701627
1	2759	887.735447161239	16.663347488374
1	2783	894.115848083863	56.588081934604
1	2795	898.509677429916	43.248427858575
1	2809	902.07257494785	25.008796553248
1	2844	913.953441038484	31.618643369047
1	2878	926.779294929468	38.720555671722
1	2885	928.746461468405	34.860211436523
1	2903	934.700437854632	35.426891592683
1	2926	941.411925928787	20.727256954764
1	2946	947.029015884269	42.418972733427
1	2950	948.228463071404	38.108195072973
1	2978	956.86040521658	19.216137506883
1	2992	959.800852233897	33.655474738567
1	3019	967.504241046849	24.312094874564
1	3032	970.120779081136	16.144037228428
1	3061	978.296859211169	63.068571548786
1	3073	981.502932912906	22.35762169538
1	3075	981.634269251376	32.817088832032
1	3145	1000.4239618174	68.65662873361
1	3151	1002.955955488144	21.811795399056
1	3159	1004.524695602717	40.115728561768
1	3165	1006.449476876066	31.096919145433
1	3196	1016.342287842304	29.516899665699
1	3233	1028.851784084232	59.122905693485
1	3245	1031.512048700126	39.322373271449
1	3255	1034.462399897753	8.761747897719
1	3274	1040.662198707	42.56117858691
1	3290	1044.421312679885	30.320287027273
1	3335	1056.871935149887	36.876336595503
1	3348	1059.816399503272	56.701878482941
1	3350	1060.240515890421	51.554586703773
1	3367	1064.647292898275	23.110671134666
1	3417	1077.452872399595	25.220770987333
1	3434	1082.631881988845	35.80958285206
1	3454	1087.606422204059	56.445770305576
1	3461	1089.712701040091	53.287751396185
1	3468	1091.19687157439	11.906540546217
1	3471	1092.016823410645	34.722212043243
1	3476	1094.031545324371	8.784814963
1	3522	1109.807191429898	14.339628609596
1	3525	1110.039847455224	19.717199489706
1	3531	1111.856612561743	48.670830102174
1	3537	1112.711467578313	12.216632809489
1	3540	1113.59593096737	44.775834801027
1	3555	1118.838954961866	44.574152498742
1	3571	1124.647921054162	18.52418252453
1	3576	1126.353238417772	3.624786518281
1	3612	1140.140375703928	22.502277555759
1	3622	1143.664553010609	31.677821150282
1	3642	1149.719517228782	10.082661436056
1	3673	1160.508842949061	26.691592807414
1	3691	1166.716466937104	16.579180353205
1	3699	1168.053114728308	39.741452615474
1	3733	1181.398350886657	8.203180556302
1	3736	1181.648570111721	36.856604679017
1	3753	1187.111327258643	8.304410003126
1	3773	1194.049426218382	38.044351975548
1	3788	1198.198532570972	30.754210583049
1	3796	1200.304161990294	38.829257660074
1	3816	1208.118778362527	23.663051611861
1	3857	1222.591466661546	26.801752983125
1	3881	1229.203567739347	39.057120149954
1	3906	1236.645348731431	18.777998548697
1	3917	1239.35144110397	27.465452321805
1	3930	1244.076788195647	10.095014295075
1	3976	1258.400046930304	2.433721135486
1	3983	1261.369455978163	60.367271523108
1	3999	1264.705772170919	3.293158875895
1	4017	1271.022297296444	26.337437959852
1	4022	1272.071465711115	49.023703818676
1	4037	1275.59376759362	47.08312196075
1	4039	1275.806696935912	3.212350390037
1	4063	1284.169560540939	77.99350692262
1	4076	1287.592613342919	20.20833896659
1	4093	1292.267385043908	14.461102742469
1	4110	1298.085723937726	15.17493356834
1	4126	1303.765789372154	64.416534952587
1	4159	1314.385438046541	63.888583620196
1	4186	1322.911897792721	28.310816190906
1	4188	1323.121165043446	22.789533037459
1	4197	1327.013595548348	38.185067078914
1	4231	1338.734665900126	21.65578468924
1	4235	1338.982950751558	10.666418734588
1	4247	1343.208191876886	8.932536215404
1	4250	1344.453257188903	38.323831012704
1	4259	1348.079132502671	3.466535919113
1	4272	1355.073374042873	43.525108616681
1	4300	1363.004436811669	40.454726414986
1	4318	1368.005222791695	17.68604631268
1	4358	1379.086713462838	39.651719134997
1	4362	1379.800245549183	8.161678864734
1	4367	1381.118199957076	19.881349219476
1	4393	1389.329148325843	34.00328121381
1	4396	1389.819192170404	7.466015219223
1	4405	1393.479571112318	26.943928432066
1	4472	1415.252305151553	26.980540532504
1	4478	1417.249694652511	40.04244333168
1	4492	1420.919671730143	27.314580397679
1	4503	1425.619268329472	15.989056363586
1	4519	1431.091787710675	31.896745990612
1	4535	1438.604256428668	12.784442690551
1	4548	1443.252752442616	38.641610447083
1	4573	1450.639570689882	2.304001444835
1	4588	1456.038964291109	19.544723518659
1	4593	1458.161741089433	27.320114873003
1	4626	1471.254616059137	28.797255181942
1	4628	1471.557825943693	56.896354944211
1	4666	1486.964097603114	11.662697821041
1	4677	1490.346260506549	20.269233427127
1	4679	1491.335011909954	5.353191724047
1	4686	1492.932387251412	72.937618671217
1	4692	1495.062331367988	14.251163576962
1	4737	1512.24391912355	58.39686636615
1	4798	1528.81602482731	37.212073094211
1	4800	1529.042659209812	27.062326389596
1	4817	1534.218517879493	75.219880905699
1	4831	1538.096466869469	73.964047629967
1	4843	1541.120417371396	27.781006189062
1	4852	1544.526826476915	25.963767991167
1	4860	1546.809438065978	39.144219784879
1	4880	1551.651890469952	21.670957869151
1	4901	1556.452967917202	59.835269218659
1	4915	1560.548847252392	19.51224252733
1	4943	1572.009621065463	25.684508649748
1	4956	1575.325875631187	51.145353557656
1	4972	1579.946023076312	11.56558846985
1	4981	1583.36632421031	20.094374993116
1	5003	1592.212960898297	56.337498494771
1	5010	1594.814082800532	4.299349655514
1	5043	1606.663179554282	5.561601829249
1	5050	1609.957869586423	35.898197153001
1	5073	1619.38191500004	67.603350536433
1	5095	1627.715362914261	21.556751609664
1	5098	1628.562048222292	10.859913351596
1	5143	1643.077329155879	85.457665046795
1	5183	1656.065214692855	44.178045595999
1	5195	1660.975690541329	32.309117225931
1	5203	1663.127074909054	83.96070697962
1	5206	1663.530508675269	23.89182990708
1	5223	1668.702883109341	83.540373339902
1	5243	1673.573547085752	39.417890088633
1	5250	1675.495345368638	19.519001866576
1	5263	1680.047364985343	34.715734514874
1	5292	1689.179774383203	22.901881918893
1	5301	1694.190124853753	43.415560094641
1	5306	1694.951873267658	99.361014615397
1	5312	1697.657108648105	74.695752477392
1	5317	1699.766299965915	38.603292386633
1	5334	1706.398585157825	35.015697985541
1	5413	1729.541066624465	52.734447193103
1	5435	1733.502938049271	50.721699235382
1	5456	1738.090119486678	27.760949676157
1	5460	1739.822820336799	45.433954417011
1	5467	1741.882037943816	26.42707691493
1	5534	1761.256522006364	72.568869182844
1	5539	1762.614545098743	41.863819969585
1	5545	1764.205562041382	64.385627725398
1	5560	1767.725375110521	35.642280058936
1	5599	1777.852237896882	39.827750613564
1	5605	1779.528343674267	30.885611526902
1	5636	1787.622621206225	82.780499654476
1	5654	1792.681278886279	66.567073916319
1	5667	1795.753423006163	30.840300864889
1	5717	1808.075144913636	32.113273299416
1	5724	1810.464943056701	50.796366711615
1	5731	1812.457553919876	42.268989261239
1	5760	1819.643820694769	76.168934785179
1	5769	1822.497517601942	36.117760806694
1	5788	1827.318368338403	73.578064661124
1	5794	1828.918742320623	26.753464399721
1	5823	1837.76968025056	56.589559502552
1	5859	1847.636255091761	55.817194819218
1	5888	1855.811619997847	48.201925570263
1	5893	1856.751484632846	33.085248261572
1	5904	1859.055376002805	23.785950038816
1	5914	1862.940093789256	65.847876406275
1	5934	1868.285046351265	55.342342880438
1	5946	1870.662330707657	18.011535797617
1	5976	1881.157899963558	16.630425195092
1	5981	1882.934006432195	53.602441746393
1	5993	1887.181270489823	69.19688038097
1	6022	1897.273806662418	27.700543268697
1	6046	1907.357968991976	21.059894350938
1	6061	1912.566083106333	71.582728031439
1	6077	1917.418115941928	70.505105238522
1	6079	1918.006543910018	14.486971370525
1	6086	1919.715456175391	11.190892948537
1	6089	1920.461864364105	61.842335870255
1	6091	1920.956109333207	6.800092874445
1	6161	1945.125099657455	69.878997389573
1	6172	1947.848121131311	22.364602083807
1	6176	1949.03841339099	29.476394051921
1	6180	1949.825727473719	8.249898353361
1	6249	1971.233791400916	35.525370401097
1	6258	1973.842126885085	26.673764373059
1	6270	1976.849590161467	95.880623219879
1	6272	1977.35078205006	18.408833017574
1	6279	1978.777787796342	25.676583590566
1	6317	1991.829591366	21.979967969467
1	6351	2000.752734831657	7.854476168403
1	6366	2005.360720771483	113.11579134629
1	6374	2007.634040656504	42.852134241255
1	6377	2008.257214254589	4.887216572533
1	6387	2010.084454608154	12.048111932816
1	6395	2014.366255673233	116.39740248036
1	6400	2015.136477193799	39.739617146084
1	6406	2017.106507893076	2.560707872151
1	6433	2030.080317863615	99.589739277141
1	6451	2034.893700860914	9.739612707869
1	6500	2046.996211696187	65.735372272318
1	6516	2051.67006871431	15.812972830144
1	6530	2054.585230621629	34.775527045244
1	6538	2056.709102008611	69.615706656242
1	6564	2062.639682006915	32.011919211017
1	6568	2063.303590336008	11.576108506765
1	6591	2071.137329275258	30.10283504822
1	6609	2076.173331704233	30.06190994289
1	6622	2081.193396229066	72.272568991869
1	6655	2097.69345192996	40.622835481887
1	6663	2099.797875297498	14.49675689987
1	6683	2107.588250238458	5.361299409066
1	6709	2118.600633274887	56.046130581874
1	6722	2124.375695088883	27.772981074402
1	6752	2137.29683194566	69.151983015002
1	6765	2142.816875253575	69.069626856823
1	6777	2148.084503745199	68.341851931061
1	6782	2150.302333050998	42.161156997899
1	6797	2156.130520247164	42.277194895548
1	6829	2166.736948895387	76.069207528251
1	6863	2178.01331278263	58.275841386518
1	6878	2182.698985809932	29.81991745671
1	6881	2182.840805412161	57.659176398184
1	6894	2187.058981232582	56.349268311165
1	6910	2192.393177812693	28.365889391162
1	6939	2203.337176976849	67.285372002631
1	6944	2204.713286759686	57.6892631232
1	6961	2210.498215144855	69.002881501449
1	6978	2215.014772468949	56.832919591102
1	6988	2217.817164143203	42.852443400417
1	7010	2224.820156505221	55.208987261981
1	7023	2228.171580081928	42.470058435455
1	7034	2230.4528554628	33.271343400353
1	7042	2233.243195940285	8.162798481063
1	7051	2236.05205671059	27.926803252073
1	7063	2241.187457871978	61.086110373839
1	7127	2263.427863826049	72.065037307791
1	7136	2264.518540812083	18.588287500547
1	7145	2267.281899352796	48.177217231826
1	7208	2287.345615637027	57.216881406488
1	7210	2288.3131149218	85.568708877773
1	7212	2288.43928582583	30.706146957235
1	7219	2290.600223900288	49.827665317099
1	7226	2291.774594075283	39.86715667019
1	7231	2294.088516815221	80.953069048812
1	7259	2302.798132200731	67.366756608007
1	7265	2305.570981306963	41.903619241433
1	7285	2310.99516220834	14.943740150425
1	7296	2313.59333002475	38.997808387269
1	7305	2317.431549658772	48.748152781973
1	7338	2325.016419377071	17.766344379518
1	7354	2329.770679911025	44.696049872669
1	7405	2345.698646097802	33.341595181846
1	7411	2348.112048837016	30.42563113838
1	7417	2349.630657480568	69.592927373242
1	7440	2354.638689016584	9.552762003965
1	7444	2355.439393955287	64.588149689599
1	7451	2356.544164962023	55.117365436973
1	7455	2357.420534535669	29.420523251756
1	7507	2374.780239044349	51.974444316352
1	7512	2376.725275387642	42.937624934939
1	7539	2384.630219662573	33.904459558196
1	7550	2388.317914880705	32.390333978575
1	7552	2389.166989361759	4.851594489882
1	7562	2392.533945470236	53.18078655225
1	7602	2408.369201105562	46.598705773939
1	7616	2413.06190542866	13.061563434428
1	7646	2423.925200879924	50.625115451744
1	7655	2426.895868692441	59.229405306397
1	7698	2438.642294953355	22.862972527044
1	7724	2446.129743734967	56.612447513152
1	7730	2448.018439917252	21.104583384351
1	7739	2449.21918830917	16.82350449951
1	7766	2457.881008027704	79.030742322203
1	7775	2459.654301881674	48.943098996174
1	7798	2466.157020301908	23.175768257923
1	7805	2469.044848975387	74.102137067473
1	7847	2482.447898959168	44.516966897876
1	7853	2484.002773572004	78.885291538203
1	7862	2486.651096875209	32.88556140021
1	7872	2488.349004403581	39.8452533941
1	7878	2490.665302920048	31.718786844167
1	7890	2492.911576898782	71.441979046215
1	7908	2498.224898049153	16.910131464946
1	7943	2506.070072011103	41.952429395869
1	7963	2510.832931979805	41.040565720529
1	7971	2513.910401242444	38.256188506142
1	7987	2518.805147870571	25.965115205269
1	7997	2520.945002872042	22.674168454949
1	8008	2524.772826017818	20.831126841013
1	8016	2526.552026399655	39.381938291947
1	8054	2537.785230343237	22.14673491241
1	8057	2538.42022169662	28.758090846707
1	8069	2542.094761030644	4.878699352384
1	8077	2543.231280236516	11.246907314053
1	8089	2547.940691187524	21.928396988428
1	8099	2551.101134354953	30.238067926135
1	8154	2570.808598088112	27.640042501968
1	8160	2573.884942822984	25.585916876909
1	8172	2578.183847697229	24.372980585786
1	8177	2579.734977862226	15.58830684598
1	8179	2579.945069602817	20.860796212101
1	8262	2605.826263154981	36.457609004687
1	8264	2606.297522766759	31.62639831216
1	8302	2618.248530593831	32.020057459946
1	8324	2623.644251525646	43.383887626696
1	8332	2625.926512260468	28.589401072357
1	8383	2638.625216821567	47.098402548462
1	8404	2646.241248852121	31.366315752501
1	8416	2649.69953746385	46.398171984709
1	8420	2651.553125492428	24.962333856035
1	8427	2653.807019140117	44.665809408993
1	8472	2666.319425490349	28.251013109344
1	8488	2671.143468325623	38.633144805325
1	8504	2676.623136294085	55.847502092828
1	8522	2681.449126919279	25.992676123278
1	8524	2681.828050952182	21.280832878311
1	8556	2695.185513046002	51.146232770407
1	8591	2711.247041567822	44.74686805636
1	8607	2717.802078770486	68.160959417931
1	8643	2729.575260251542	13.540899607121
1	8649	2732.11303279911	60.1900490314
1	8652	2732.343869102781	38.424462184658
1	8658	2733.52598164418	33.738466975045
1	8685	2740.963890853701	19.100559056853
1	8702	2746.029326993867	69.066916344337
1	8735	2756.55997458311	73.763576740864
1	8737	2757.020633292746	51.870100015657
1	8750	2760.139428607899	33.006431787273
1	8757	2762.119431669137	29.023683266479
1	8790	2773.512921166385	29.514813494168
1	8817	2781.497671906962	93.372521157257
1	8839	2787.263778614472	76.515798760691
1	8862	2792.384737323051	37.310369950951
1	8868	2793.334275633225	16.878086753771
1	8877	2796.132715701602	57.424962959948
1	8944	2813.186057336522	25.654200512797
1	8956	2815.435596328586	66.33316196978
1	8968	2818.707750768178	53.369499775112
1	8972	2820.063148821714	11.015247686764
1	8974	2820.339210169399	22.307117564135
1	8982	2821.603508867452	61.50414882216
1	9008	2829.942298783467	9.307804975426
1	9021	2833.022156472914	51.438017547947
1	9026	2834.380490363701	63.117047421281
1	9035	2837.584889912991	22.884229826975
1	9060	2844.435950381811	18.304601302954
1	9087	2850.831203754888	18.83865420858
1	9094	2852.401352758764	14.604750344064
1	9109	2858.974157570172	66.170659747437
1	9132	2866.263765295628	23.28844550892
1	9147	2871.778253156236	68.246657011563
1	9167	2877.91395927501	23.625584367428
1	9207	2889.52955734824	29.46848017699
1	9213	2890.942198695974	42.269076920461
1	9226	2893.832508477276	28.479440362307
1	9258	2903.919254757592	21.879310407093
1	9261	2904.34029219417	28.106794500023
1	9269	2906.79656110286	3.776828793576
1	9271	2906.97976579623	36.014093967037
1	9302	2918.451550680457	26.267775624757
1	9328	2926.577851284075	39.502136808122
1	9330	2926.82655092912	28.851944033289
1	9347	2934.216737786436	8.711001054966
1	9358	2937.844313851217	29.316686817326
1	9361	2939.013717681178	24.57058592932
1	9375	2945.408220105113	25.337940179971
1	9389	2950.786681542534	19.86605018226
1	9403	2955.265681588795	13.585040919244
1	9405	2955.360932613269	19.185907871463
1	9418	2962.135592037008	9.559190985863
1	9452	2976.957002771449	29.613330236288
1	9480	2986.733222240595	22.990230215016
1	9488	2989.829397637757	9.701312056393
1	9523	2998.908924611416	40.375173102718
1	9537	3002.553662363568	33.606049263268
1	9543	3003.266270976176	12.245447814814
1	9564	3010.665532381866	24.708223380031
1	9578	3016.539717958437	41.769356253674
1	9605	3025.735016332951	6.244370308006
1	9615	3028.599269431566	31.670081578665
1	9667	3044.422246843355	41.685359415598
1	9669	3044.8332147319	19.536737297197
1	9672	3045.49752810273	31.172582213072
1	9687	3055.152062573133	1.90316324064
1	9739	3075.201215699556	66.730972811343
1	9763	3081.693735307794	17.518669768005
1	9787	3090.406983950072	20.630362699159
1	9801	3094.137117886112	35.50390448945
1	9825	3099.844182307024	68.894443154912
1	9827	3100.144586042165	25.311522073696
1	9837	3101.781760385849	65.238040860155
1	9846	3104.174709252322	62.23726082779
1	9848	3104.508402542454	13.997440485748
1	9855	3105.851209079624	4.723333321976
1	9860	3106.73054074078	21.407569502247
1	9869	3109.717716026018	29.679446135767
1	9920	3125.720025695289	30.105881906929
1	9933	3129.304252660263	22.616675769794
1	9958	3138.365417874429	15.008197025627
1	9960	3138.582883796079	90.94444014958
1	9968	3139.988851252134	27.784816729015
1	10000	3151.848802762467	33.841525275609
1	10016	3157.252427036415	17.617850658478
1	10025	3160.454555315559	32.032051507732
1	10054	3169.978575151425	35.945012319832
1	10080	3176.786639050127	20.897185606649
1	10087	3177.458835528129	26.732228371665
1	10106	3184.098937982472	23.12732013245
1	10131	3191.999063241308	14.754305623007
1	10133	3192.100560772942	47.11198569252
1	10164	3201.355185747859	29.178938586267
1	10207	3214.942156662713	32.619569525824
1	10210	3215.78078218679	27.755057946666
1	10212	3215.83049545997	49.283407870679
1	10219	3216.732706859369	11.544261723174
1	10241	3223.714188792408	24.100214003007
1	10286	3238.233257500349	44.570174352149
1	10292	3239.918672781686	28.864331529946
1	10308	3244.879936713272	12.778103954625
1	10330	3252.186395907438	35.599048985519
1	10346	3257.065189337136	13.759214285761
1	10373	3266.601998716957	44.953240815437
1	10418	3279.169778068098	41.098233178726
1	10441	3284.744941943224	58.058499214592
1	10446	3286.407821054819	15.474268359138
1	10453	3287.835178912162	39.073922338895
1	10455	3288.491671960928	23.146534365719
1	10483	3298.060600403012	21.770502006639
1	10494	3302.109935574943	47.786826854805
1	10502	3303.765091576508	43.975516760839
1	10530	3311.110829570576	23.728062550772
1	10534	3312.576764618639	9.111401601345
1	10555	3321.133719067799	39.080381604611
1	10575	3327.399167054115	34.67024214636
1	10625	3345.122952418063	47.244765917421
1	10644	3350.900787195548	30.51410006068
1	10646	3351.059224138629	24.836726890761
1	10665	3359.518520375259	6.122735946672
1	10688	3369.544790151075	60.248160382501
1	10699	3374.601647945363	15.467048809396
1	10701	3374.87281876105	5.362443293677
1	10728	3384.880884113851	70.413952335369
1	10771	3398.315791232055	17.407355982343
1	10781	3401.801800587925	26.448976244313
1	10791	3403.520984918008	72.284328027514
1	10797	3405.716682329436	13.868783219602
1	10820	3412.664464866521	15.646210866981
1	10839	3419.661337187409	82.629945259892
1	10844	3422.234369561554	79.23855053168
1	10853	3425.005544719415	76.844132717817
1	10858	3426.261192490824	23.901472853032
1	10860	3426.39163431922	2.283900328679
1	10876	3432.433277620714	68.2144219731
1	10929	3451.097931998909	21.012733351091
1	10943	3454.16148215545	46.595091204974
1	10963	3459.296098933566	72.918190445984
1	10990	3465.578271479354	13.802989657269
1	11012	3472.254095294173	58.903274677111
1	11014	3472.269429497433	31.435595261635
1	11028	3475.648247264452	56.843109746813
1	11065	3487.725541164992	52.576521990705
1	11072	3489.768851482432	32.416219846925
1	11098	3497.497973886447	51.27673077246
1	11104	3499.139328053231	3.386372395792
1	11123	3507.62156199292	28.666047274831
1	11128	3509.624068543677	47.270538763031
1	11149	3517.98424533406	27.315009974174
1	11163	3522.272644378835	5.121764478856
1	11186	3530.819054397413	2.545717418776
1	11194	3533.625994402346	65.288748919386
1	11240	3546.717611728829	73.173076196925
1	11248	3549.021285178145	42.876168531595
1	11305	3563.980055636847	41.443956472791
1	11310	3565.521992417991	31.959329245612
1	11318	3567.131137925445	82.27053869027
1	11326	3569.624759442294	13.768423549247
1	11339	3572.519099204228	33.326248754167
1	11345	3573.813826641895	73.029090587635
1	11351	3576.056190868732	14.970083724593
1	11388	3587.211880307303	36.422145368183
1	11399	3589.126781242789	17.012440706253
1	11428	3598.409217615272	87.126698554611
1	11460	3606.674518591496	23.196566102092
1	11478	3611.260295082823	44.791220752756
1	11503	3617.013525321623	71.97240252956
1	11510	3618.578834788531	24.131146964732
1	11548	3629.519058449901	40.396286761855
1	11551	3629.877759123342	24.543400297055
1	11592	3644.102771309449	66.547963733091
1	11594	3644.170300521547	33.702187408578
1	11601	3646.932681543415	47.281957749398
1	11620	3652.85482230073	31.71621077007
1	11653	3661.224459672237	12.486578196869
1	11657	3662.477076414746	8.363139086868
1	11668	3665.071705547404	49.594963045793
1	11677	3668.587698661847	36.653362357175
1	11707	3679.692038821762	19.807023832342
1	11729	3688.803449378709	62.00466272503
1	11743	3694.782498937925	13.35770065326
1	11757	3700.635962229231	13.989847268678
1	11764	3702.5305692918	65.582337991919
1	11780	3706.81360338594	8.86213037616
1	11827	3721.430964449314	28.849712821308
1	11835	3723.984743813061	81.174218086294
1	11842	3726.096035255476	61.138915751945
1	11849	3726.806884652826	6.462766046752
1	11860	3731.131292816839	27.493464417637
1	11867	3732.407516339221	23.235093646102
1	11871	3733.832186712308	63.571273829904
1	11876	3735.083227612667	58.88857924228
1	11893	3739.943181638266	13.708988735105
1	11903	3743.680760692461	28.835817643788
1	11908	3745.340651454178	2.846445987932
1	11926	3757.701109546012	3.947666930035
1	11937	3762.999935156442	31.113360964462
1	11996	3782.831599962559	45.774903531539
1	12007	3786.047164528988	21.386428413331
1	12011	3786.579674101559	16.781855802168
1	12028	3792.844845371563	33.644340446453
1	12065	3802.698941568735	16.844883824348
1	12068	3803.383098009867	55.185424741476
1	12100	3813.098090438067	38.256517779434
1	12109	3815.643607268003	19.274978739327
1	12123	3819.031563313455	28.117732928136
1	12144	3825.028073455449	16.973485916388
1	12174	3833.934320871145	20.865196886589
1	12178	3834.359796744781	32.240921053571
1	12200	3839.966921735098	21.059796997579
1	12214	3843.787233788416	63.35427036032
1	12219	3845.838266160697	21.26872516179
1	12229	3848.34613659909	7.389266124462
1	12233	3850.144533983789	20.183376525645
1	12268	3865.849972822712	30.055971126305
1	12272	3867.79271625216	15.829673246713
1	12326	3888.01681475447	19.531801382429
1	12341	3892.328034646467	46.322464996133
1	12373	3900.489433747377	16.457572837245
1	12392	3906.727920898478	32.968976425938
1	12419	3917.899148252106	28.428918562833
1	12434	3922.497136115919	64.816210809046
1	12475	3935.448355991751	18.442062986665
1	12480	3936.729520438247	9.438532436964
1	12498	3941.533269103742	3.959936270607
1	12514	3946.246394981291	51.592180615176
1	12516	3946.40165411798	83.21791809797
1	12582	3963.930026830185	31.564513854917
1	12606	3970.560898614244	17.045387435591
1	12627	3975.54858894088	96.616730851817
1	12637	3978.180910106875	56.022698746879
1	12640	3979.737754547742	79.783510204868
1	12642	3979.860772711818	31.597586867518
1	12657	3982.836323571633	2.136323953979
1	12685	3992.440617287194	28.608835388793
1	12690	3994.249269374192	35.645121541576
1	12694	3995.861109509959	26.385141801907
1	12709	4000.580629462381	95.220958216345
1	12711	4001.385516390558	90.140208948283
1	12725	4005.866816667851	19.631939807677
1	12738	4010.683428667956	67.494443826839
1	12743	4012.500552240417	4.915498901042
1	12757	4018.080395684593	42.656455282129
1	12774	4024.836254505224	33.422321361265
1	12777	4026.134405967668	23.77812591905
1	12802	4034.530196515967	10.175901291776
1	12813	4037.365745951197	2.798475920922
1	12816	4037.874366763751	19.435041768241
1	12823	4040.403973116092	43.681493438558
1	12828	4042.206153684071	1.888704368612
1	12855	4055.935466430517	43.144797077762
1	12877	4066.151323819551	36.740677143225
1	12889	4070.143763952897	24.806456635474
1	12896	4073.357634743228	22.502362776325
1	12920	4081.857029526503	25.48553635669
1	12932	4085.970745500894	23.770652377523
1	12952	4094.632934079165	15.463829702583
1	12958	4095.345070028579	27.609497576613
1	12977	4106.112013611017	16.118202338226
1	13009	4120.529484318345	14.036341489759
1	13013	4122.714899463365	49.162342999375
1	13098	4148.616373603591	36.705645304524
1	13103	4149.880748826319	15.872471747687
1	13105	4150.070059765254	21.231055876124
1	13108	4150.727429602079	66.186513872128
1	13161	4168.804563693836	73.716139296196
1	13170	4172.170869085714	20.843556642535
1	13181	4174.134487990419	56.663847718975
1	13189	4176.129468631948	75.232307691137
1	13242	4190.666569291976	45.149561103323
1	13255	4194.590452850111	32.295536458964
1	13262	4195.752378471669	39.357694403735
1	13279	4201.631920409519	34.046196207061
1	13281	4201.655043291515	28.367392777346
1	13297	4206.97070186063	83.889609486689
1	13300	4207.788000127314	18.424083295982
1	13329	4220.331739282835	80.684979255438
1	13358	4233.681272339661	38.68654256395
1	13365	4236.090535784027	35.856083531044
1	13370	4236.951535202697	58.272172413194
1	13396	4244.795354720921	60.898064834075
1	13399	4246.233100365502	40.670514086373
1	13401	4246.564140446152	35.003521794112
1	13414	4249.995978705478	16.498830614495
1	13437	4256.544314572941	39.637629218045
1	13440	4257.157582082212	12.85567080078
1	13451	4261.772428929816	11.908451719442
1	13454	4262.001335595984	39.459691747798
1	13459	4264.065477850975	4.000507842866
1	13478	4271.803921336325	43.549221446047
1	13492	4277.581863207293	38.834815986228
1	13529	4290.276751092297	25.155285546207
1	13549	4295.069170329031	8.820861409184
1	13571	4302.042643731121	31.360265005728
1	13601	4309.755770801461	28.751439371262
1	13604	4309.992350313015	54.955118296325
1	13667	4327.277999875378	23.624977055237
1	13693	4333.457909985571	57.541880832866
1	13715	4338.446085128601	40.597322314867
1	13733	4343.161117474443	28.566124760429
1	13737	4343.968803513571	51.904536654006
1	13742	4346.371344034577	26.223841785925
1	13747	4347.587775092115	38.525597175348
1	13753	4348.246472211921	22.976145346772
1	13774	4354.506065991715	17.679751117478
1	13780	4356.954481937474	25.826286528732
1	13840	4372.869530753123	30.227284762422
1	13859	4378.841463450468	30.678868933462
1	13881	4389.54104136596	36.246092182242
1	13891	4392.335626529194	33.660457249616
1	13897	4394.381845174376	19.269785367891
1	13945	4407.75711105695	16.88253675727
1	13956	4410.086983830448	46.128385779216
1	13966	4412.262513388774	15.516869735322
1	13968	4412.517058117566	32.032578445279
1	14012	4428.940887540008	9.102700994001
1	14028	4434.447334313309	32.095505957723
1	14035	4435.665260309948	66.411658663653
1	14101	4457.086910215332	43.123674204688
1	14108	4458.215833579781	28.133522501097
1	14119	4460.820880639728	75.070375910146
1	14137	4465.235256535128	40.174630649038
1	14150	4468.277018711445	26.939380386377
1	14157	4469.682929991173	11.637136499747
1	14164	4471.304007971903	19.17213915824
1	14176	4474.877912744541	11.342557886034
1	14179	4476.021623922177	67.728066283165
1	14207	4488.862120999738	53.259014090529
1	14236	4498.386244740578	7.514790299813
1	14239	4499.275551895738	29.821057700902
1	14241	4499.761393555805	53.122054469428
1	14267	4508.890543990667	34.217567685182
1	14284	4514.337730325885	28.627472882276
1	14312	4522.106895168903	9.097088006675
1	14314	4522.176466310987	25.81885372952
1	14331	4527.837503875154	47.955513059166
1	14340	4530.675828495073	29.084342522548
1	14343	4531.396732448725	13.144105899264
1	14377	4548.090836571422	40.835544428672
1	14385	4550.413434761818	26.519388956484
1	14423	4560.270272068687	31.278095342451
1	14450	4567.004561375372	21.667917787566
1	14452	4567.201637458179	11.08532465028
1	14457	4570.28313897318	36.135785384801
1	14518	4597.944500052031	36.50767580292
1	14525	4598.959885281635	59.101893905899
1	14535	4602.204163425493	51.392694310867
1	14554	4606.974009818756	34.191426971347
1	14556	4607.287432029036	40.306125264266
1	14598	4618.080434729584	40.190210206898
1	14602	4618.825822344174	25.293020037585
1	14616	4622.997115917279	39.592763429508
1	14618	4623.200124685661	24.240990942345
1	14634	4628.484571013724	18.165975212702
1	14669	4640.169647916344	35.687115005334
1	14671	4640.422414540552	51.918817481257
1	14675	4642.089396389325	15.15874213574
1	14700	4648.918943035654	27.638327874939
1	14737	4659.034917194518	26.549106796387
1	14745	4660.382024641272	17.058690773672
1	14764	4670.313863585359	54.040642700039
1	14769	4671.487734071802	33.364619475441
1	14783	4677.597788928666	28.638072374393
1	14840	4695.287752799812	40.815925559609
1	14866	4702.357269082925	36.568868945353
1	14878	4705.105393803222	28.324106470451
1	14884	4706.325949587982	18.735918433754
1	14893	4708.807797379798	4.202069420367
1	14916	4715.085468483748	43.912022801932
1	14932	4721.20748236322	61.340749584719
1	14960	4730.094892886709	31.216760542013
1	14969	4732.346560341896	11.274129495841
1	14987	4739.608043215711	24.204316924793
1	14996	4743.797060739255	61.821381007553
1	15034	4756.091818726512	14.059972028132
1	15055	4762.059450706707	8.887677559862
1	15058	4762.807161500568	69.767554432037
1	15066	4764.424080956385	37.68896357168
1	15071	4765.936018116663	28.93550140888
1	15087	4773.152046553331	14.655966276535
1	15107	4780.837900645689	70.699221004383
1	15116	4783.874996769946	14.489064505089
1	15147	4794.155079279685	62.155213231571
1	15151	4795.999703666436	48.697024022463
1	15154	4796.621036384377	16.556909459758
1	15177	4804.025302273228	29.131288358475
1	15210	4814.062190468314	28.213125145645
1	15217	4816.175004967729	52.167911833153
1	15229	4819.413815397776	11.957097514298
1	15236	4820.870763830849	18.585990270134
1	15239	4821.776433949248	9.031289176896
1	15255	4827.566186994671	30.728367940173
1	15267	4831.641005306745	40.598494463833
1	15321	4849.817063758276	26.341093416443
1	15324	4850.740253822187	32.744385371682
1	15339	4856.096091679773	27.164644758451
1	15349	4858.526199687629	13.260620804851
1	15351	4858.662075783252	23.879014240229
1	15408	4877.566102162364	26.756563992358
1	15416	4879.830817228193	39.966245929013
1	15436	4886.342820477796	24.269996344693
1	15462	4894.135505079534	37.512170524104
1	15472	4895.596772780418	23.042690446135
1	15507	4905.51982743876	16.348185939715
1	15521	4909.194205854445	25.388302407111
1	15523	4909.395031186644	41.946319700568
1	15525	4909.650558318251	31.120223141041
1	15560	4921.606588806266	26.47180769057
1	15567	4922.719013553006	16.745823138978
1	15579	4927.54354343145	27.221314251656
1	15611	4936.926590092372	20.268598358031
1	15624	4940.180512656699	12.413062795299
1	15631	4942.859097566001	20.845945577839
1	15646	4947.11731109932	35.686616797467
1	15651	4948.054653575535	14.674464889686
1	15677	4958.226171098424	13.809782306897
1	15692	4964.038436957647	25.199892268521
1	15738	4979.191431786296	29.418467849383
1	15744	4981.233081845221	26.183438867444
1	15758	4985.464621123516	24.425701464876
1	15785	4997.513336940094	19.347939013388
1	15810	5005.516213078175	5.657391446526
1	15812	5006.538534269205	39.662991463901
1	15820	5009.667125892483	4.481440849486
1	15846	5018.333097865458	45.931753017586
1	15868	5025.041843388813	41.302835837118
1	15875	5027.001366083632	32.318703011026
1	15923	5042.953313973616	54.051626666559
1	15925	5043.675167991205	32.679676309578
1	15933	5045.091997020068	23.541887056896
1	15936	5046.450842838967	30.385569742408
1	15984	5065.852300133447	38.609677430825
1	15986	5066.019986308764	33.312306717383
1	15991	5066.506415704971	28.465626208578
1	16035	5080.375618160593	19.906831954955
1	16037	5080.542671417122	31.024977157354
1	16052	5084.644774345456	18.571194177494
1	16089	5095.449376086013	23.633136449614
1	16091	5095.538481803734	51.800808683154
1	16126	5105.450583795558	50.004057672107
1	16137	5108.476400478052	31.223711381433
1	16152	5111.601858740679	28.415384643477
1	16186	5123.588837592055	34.49546888459
1	16188	5124.215964376353	29.99587583251
1	16196	5127.053485570017	15.853541404708
1	16205	5129.116725861918	28.936875535759
1	16208	5130.01655026561	24.367187975093
1	16218	5133.216211555766	5.781784639695
1	16235	5139.993838621543	1.9463086084
1	16264	5152.281307809064	35.971036242557
1	16285	5158.026850674658	25.31735141168
1	16315	5171.21438112774	21.429610241087
1	16336	5178.528491768297	56.578986525539
1	16354	5183.242531843256	6.53265020228
1	16370	5187.997138227109	33.10661142203
1	16387	5193.388840797944	22.364166341372
1	16405	5197.541639643609	15.68765665579
1	16427	5202.347859094045	58.37570714101
1	16446	5207.22183681175	20.324467113356
1	16460	5211.726911933049	50.99123344349
1	16462	5212.074583847081	20.134630440036
1	16477	5218.586518456699	9.305334610398
1	16492	5225.192147649597	5.144459332805
1	16504	5230.571182875783	64.617074436857
1	16518	5235.892339138086	37.963785805273
1	16559	5252.442859463513	27.058021753908
1	16603	5266.01792234625	62.283159303243
1	16627	5272.200841229645	25.327814035116
1	16645	5277.504834208524	62.920592770094
1	16661	5282.137412469842	29.92259869492
1	16667	5284.436863026466	26.260127593876
1	16692	5291.401553101028	6.453075444908
1	16714	5298.131395246492	34.653522730459
1	16726	5302.051974819045	70.888742409179
1	16754	5310.272800510404	20.165992896188
1	16761	5312.07695940114	5.471018395619
1	16790	5319.266598340364	50.773509940135
1	16809	5324.452004122781	88.249263162953
1	16820	5329.047061864289	28.364951203808
1	16864	5343.964868938905	31.685197693181
1	16868	5345.160187675616	103.53602470177
1	16876	5348.258335740188	74.248301321518
1	16880	5350.207023627473	70.613820124761
1	16893	5356.009747774691	26.578542024245
1	16942	5375.451068848954	79.805656495849
1	16951	5378.038497765318	9.579115563305
1	16955	5378.379725359265	43.398393468115
1	17011	5397.32399135479	79.137201879871
1	17021	5400.121596630084	59.762592058979
1	17026	5400.767293561487	26.398642986316
1	17043	5405.517626642718	8.046295687091
1	17047	5406.395668121058	82.555381129729
1	17067	5414.777755707387	63.456586523096
1	17116	5430.559205747447	84.799438178774
1	17120	5432.464370306702	69.79566043534
1	17134	5437.024244915463	79.824889958369
1	17148	5440.673437179185	26.931548214867
1	17170	5447.675244218091	1.455699964543
1	17172	5448.652466989008	8.053250869153
1	17177	5450.116359825599	69.930138302153
1	17188	5454.586007803332	3.016898870817
1	17214	5465.286462110583	79.428254051713
1	17252	5480.195287164304	61.307221714408
1	17271	5486.898234908004	95.166779316494
1	17289	5491.938716405538	24.303706447825
1	17296	5494.745589995177	4.709181282786
1	17310	5498.489410491428	95.421478037721
1	17331	5507.892396157958	12.542618021485
1	17335	5509.218974293097	79.496144589387
1	17348	5517.166120409849	109.00069544755
1	17371	5530.924988500542	106.24487165175
1	17375	5533.652281221704	71.068064306397
1	17379	5535.409004618415	100.20821447903
1	17400	5548.624223518536	69.889006055309
1	17430	5566.844455435175	109.73571381508
1	17441	5573.528382380724	89.095597152362
1	17444	5575.479332985475	102.29462023673

