version 3
run General-8-20240428-16:41:48-11298
attr configname General
attr datetime 20240428-16:41:48
attr datetimef 20240428-164148
attr experiment General
attr inifile omnetpp.ini
attr iterationvars $0=true
attr iterationvarsd true
attr iterationvarsf true-
attr measurement $0=true
attr network Supermarket
attr processid 11298
attr repetition 8
attr replication #8
attr resultdir results
attr runnumber 8
attr seedset 8
config network Supermarket
config repeat 10
config seed-set 8
config num-rngs 10
config **.use_random_strategy true

vector 0 Supermarket queueSizeOverTime:vector ETV
attr recordingmode vector
attr source updateQueue
attr title queueSizeOverTime
vector 1 Supermarket customerWaitingTime:vector ETV
attr interpolationmode none
attr recordingmode vector
attr source customerFinished
attr title "cust waiting time"
0	7	5.521915714955	1
0	13	11.051358074416	1
0	25	16.736508277478	1
0	27	17.897900200449	0
0	37	22.085016230122	1
0	45	25.897650343599	0
0	52	27.457953016973	1
0	69	33.053810753162	1
0	90	38.584963666742	2
0	91	39.020677830443	1
0	109	43.7096728466	0
0	114	44.292438916165	1
0	133	49.978949907004	2
0	137	51.299795874978	0
0	153	55.894723377424	2
0	154	56.234570135829	1
0	163	59.523123348715	0
0	169	61.484706420685	1
0	178	65.434597025275	1
0	185	67.260225555162	2
0	197	71.741998190176	0
0	200	72.840676937019	0
0	204	73.026739546332	3
0	211	78.785777675921	1
0	224	84.320522099502	4
0	238	90.025099602995	1
0	242	91.31039859401	3
0	257	95.902353899555	2
0	274	101.296076134547	3
0	276	101.672726410905	2
0	283	103.971415065229	0
0	287	106.278829058866	2
0	292	107.283144036076	3
0	302	112.861558249221	1
0	303	113.369910410254	1
0	311	115.833287448154	0
0	318	117.954718161608	2
0	331	123.930322900881	4
0	335	125.877125646803	1
0	347	129.828974368052	2
0	354	134.135741232896	3
0	361	135.456189119491	1
0	363	136.638621773221	1
0	374	140.143386933719	0
0	379	140.537923416357	1
0	395	145.973499365618	2
0	401	148.140505736113	2
0	411	151.483851659346	3
0	421	156.111884977669	0
0	427	157.083426154919	4
0	437	162.257527927751	3
0	442	162.916243557587	1
0	459	168.584536894925	3
0	474	174.324973901736	4
0	476	174.852827117547	2
0	479	175.75908815756	0
0	488	179.564600118904	1
0	492	180.955804937171	1
0	505	184.890332099751	1
0	515	188.228660315858	0
0	523	189.961567338558	2
0	529	192.447707072136	1
0	536	194.907223974822	3
0	541	195.196953339271	4
0	553	200.252734452488	1
0	558	201.710623015535	0
0	571	206.042349298254	2
0	579	209.59493237571	1
0	583	211.244233753767	3
0	589	211.775561904071	1
0	590	211.916809700781	0
0	608	217.71488739853	1
0	631	223.492967833534	2
0	642	227.380932088129	0
0	651	229.394458973084	3
0	653	229.442344959478	0
0	659	232.204782790388	2
0	664	234.94359382824	1
0	668	235.043147089661	1
0	677	238.820267425036	2
0	683	240.366494402991	2
0	695	245.148615659098	1
0	701	246.241417782617	2
0	708	249.214498609074	1
0	717	251.619702510539	1
0	725	253.600523866366	0
0	729	254.549303081123	0
0	737	257.485779728977	2
0	745	261.979688409017	1
0	749	262.71215718822	3
0	756	266.424542853492	2
0	762	267.842038945997	1
0	772	272.249602285564	0
0	779	273.594602340836	1
0	794	278.752707155888	1
0	798	278.920718359066	2
0	813	284.140195268443	2
0	816	284.834090548105	1
0	818	285.217512314674	1
0	833	289.837379817622	1
0	834	290.345324084518	0
0	849	295.002824521162	1
0	870	300.800841798079	2
0	891	306.236782572469	2
0	896	307.547736496553	1
0	898	307.933178777927	1
0	907	311.162037588194	0
0	912	311.281969982436	2
0	916	313.296992031163	0
0	918	313.662339847186	0
0	924	316.966694099367	1
0	925	317.736317533422	1
0	929	319.748878302639	0
0	935	322.159014143519	1
0	940	325.705363162799	0
0	945	327.76065233746	2
0	953	333.03205136117	1
0	964	338.286554271359	1
0	978	343.853208607066	2
0	991	348.977735514057	3
0	993	349.681856138869	0
0	1003	354.235568452862	1
0	1007	355.884158175445	2
0	1021	359.661556650189	2
0	1023	361.298350421947	1
0	1025	361.467137098781	1
0	1037	364.990762653996	1
0	1044	367.515418683996	0
0	1051	370.133492251863	1
0	1053	370.530349128067	0
0	1058	370.710765928033	2
0	1068	376.217247934084	0
0	1072	376.63161040447	1
0	1082	382.04604972224	3
0	1093	387.05414288142	4
0	1103	392.539571456265	3
0	1108	393.011691805443	4
0	1120	398.42696042685	1
0	1133	403.872438032183	0
0	1138	404.011473513676	2
0	1150	409.923908949832	5
0	1152	411.296506257032	4
0	1157	413.107724900709	1
0	1164	415.641163416442	2
0	1175	420.875878579451	5
0	1180	423.363519534123	4
0	1188	426.767770074776	1
0	1202	431.886754556329	3
0	1215	437.29164438532	5
0	1220	438.710837520778	2
0	1226	441.064492621228	4
0	1235	443.224503250097	3
0	1249	448.596752319721	5
0	1266	453.674430549846	1
0	1272	455.872934411515	4
0	1275	456.371625789328	0
0	1280	458.651119539054	0
0	1283	458.943009531012	3
0	1287	459.021475246179	1
0	1304	464.774459335257	4
0	1311	467.141100362874	2
0	1321	470.171131308426	3
0	1337	475.883603237572	4
0	1345	479.511715187927	0
0	1353	481.677682723853	1
0	1357	482.686354119446	3
0	1360	484.039845671855	3
0	1363	484.45064301824	0
0	1371	487.589812856869	4
0	1383	492.697713853794	4
0	1391	497.860316874575	3
0	1395	497.910269498595	5
0	1405	503.564823934691	2
0	1409	503.81441465393	3
0	1418	508.904640350028	4
0	1421	510.911522066335	3
0	1426	513.286556295005	4
0	1431	514.309362446659	1
0	1446	519.322443991204	4
0	1452	521.380868619543	0
0	1458	523.742223943818	3
0	1463	524.372803987938	1
0	1478	529.522671674847	2
0	1487	533.433543640424	2
0	1492	534.204199062773	3
0	1497	535.188092896718	4
0	1507	539.088815705736	1
0	1515	541.023012003166	1
0	1526	544.06159416994	0
0	1537	546.544350504413	3
0	1541	547.76426037913	3
0	1555	552.058400921294	4
0	1559	553.991970231406	3
0	1561	554.105131616818	2
0	1564	554.842893180905	1
0	1573	557.177947338441	4
0	1581	561.179674124928	0
0	1587	562.26179196779	2
0	1598	568.098010193094	3
0	1601	569.842161341105	2
0	1611	573.735074529893	1
0	1619	577.368575011962	3
0	1621	577.63364719495	0
0	1627	579.538286443337	3
0	1640	585.082583707993	1
0	1653	590.60529890843	1
0	1664	593.885823359366	0
0	1674	595.629776529505	4
0	1686	601.247025233112	2
0	1690	601.337667620511	3
0	1699	604.909717173085	0
0	1705	606.798287811226	4
0	1706	607.054166543064	3
0	1709	608.811535053769	2
0	1714	610.108914088107	1
0	1716	610.15008385596	3
0	1719	611.918966385185	0
0	1723	612.36021607742	1
0	1736	618.081639571584	2
0	1746	623.451825685569	4
0	1758	629.351541242332	5
0	1767	634.712097055743	4
0	1771	635.350713490977	1
0	1786	641.132425867257	5
0	1787	641.59693127545	1
0	1789	642.077967370048	0
0	1791	642.298140619298	4
0	1802	646.66592155374	5
0	1812	651.891331978146	1
0	1827	657.719938451661	1
0	1837	660.921327554625	0
0	1845	662.925440012947	1
0	1855	665.685771349121	0
0	1866	668.636809872235	1
0	1876	672.033683721557	4
0	1888	674.039192261179	2
0	1910	679.236872287006	3
0	1911	679.721874631828	2
0	1917	681.392046751576	0
0	1931	685.182207248178	5
0	1935	687.04448634701	0
0	1942	689.546383005451	4
0	1946	690.198508890816	1
0	1960	696.102537587988	3
0	1974	701.337865267186	4
0	1988	706.807982619735	3
0	1993	707.248783095046	2
0	1999	709.773036019294	2
0	2001	710.722354674483	3
0	2005	712.000017452874	1
0	2011	713.067998040472	2
0	2014	714.39956988255	2
0	2017	715.327264321967	1
0	2027	718.201720008631	2
0	2042	724.181395593337	3
0	2050	727.584517762885	1
0	2058	729.374164797371	2
0	2060	730.166424692031	2
0	2074	735.272715936653	3
0	2090	741.236495194496	4
0	2097	743.445189368795	3
0	2109	746.728748242609	1
0	2131	752.674111992825	2
0	2138	754.480337620716	1
0	2144	755.579825849621	2
0	2147	756.19996940438	0
0	2159	758.463404115528	3
0	2161	759.769011888891	1
0	2174	764.212538572732	3
0	2188	769.246109148725	2
0	2195	770.124264477525	4
0	2199	772.375761593464	0
0	2207	775.287748251582	1
0	2209	775.823360211097	3
0	2224	780.473069609847	2
0	2229	782.454512083906	1
0	2243	786.404140425852	4
0	2257	791.591480593203	5
0	2267	794.988575793689	0
0	2270	796.89387460531	1
0	2274	797.492394209845	2
0	2276	798.855228773093	1
0	2278	798.969064487957	4
0	2287	802.897613684652	2
0	2299	808.680488970136	3
0	2311	814.065261092275	1
0	2317	816.695094607185	3
0	2328	819.849599509971	4
0	2331	821.401558412596	3
0	2343	825.418068644596	4
0	2364	831.403795928001	1
0	2365	831.904800790719	0
0	2383	837.386747664311	2
0	2397	842.516063853405	1
0	2399	843.303599600221	1
0	2410	846.328732561666	3
0	2416	847.455727282454	2
0	2420	847.586767246952	4
0	2423	848.608728088444	0
0	2438	853.418849945306	1
0	2447	856.908222871608	1
0	2458	859.161365356068	2
0	2465	861.088197527458	0
0	2476	864.695364617514	2
0	2478	865.587536305302	3
0	2488	869.673987631575	1
0	2494	870.4571874484	1
0	2513	876.06623296021	2
0	2534	881.471164648426	2
0	2539	882.770125132293	1
0	2543	883.734502958258	1
0	2550	885.268328803704	2
0	2560	887.057299281708	2
0	2564	888.500699664007	1
0	2568	889.345455118578	1
0	2580	892.801445614784	3
0	2602	898.307730185571	2
0	2622	903.85910324194	4
0	2633	907.139999140179	0
0	2636	907.851443210507	0
0	2643	909.448925798065	1
0	2644	909.700739962638	1
0	2650	912.100181728725	0
0	2652	912.159427486939	3
0	2654	912.692078899364	0
0	2661	915.2529488029	1
0	2672	921.174075371823	4
0	2677	924.083747577035	3
0	2684	926.892661502822	1
0	2700	932.339545116764	1
0	2713	937.056608243966	0
0	2719	937.795180809688	4
0	2737	943.32414283208	2
0	2738	943.56232832291	1
0	2749	947.392814070455	0
0	2754	948.348554771397	1
0	2758	949.565590059615	3
0	2771	954.105848213196	1
0	2789	959.530920634749	2
0	2790	959.553881769309	1
0	2806	964.738988925474	2
0	2815	967.887427453888	0
0	2818	968.101692111473	1
0	2821	968.974136532637	0
0	2827	970.126345864734	4
0	2834	973.13684503338	3
0	2843	975.538107937206	4
0	2846	976.700754191374	3
0	2858	981.275647336388	1
0	2875	987.11114313058	2
0	2885	990.973175885851	2
0	2894	992.242018564375	2
0	2896	992.876602071683	1
0	2898	993.820772329354	1
0	2901	994.518265317081	1
0	2915	997.983587151397	2
0	2924	1002.974359630844	1
0	2931	1003.788519351747	1
0	2932	1004.261981406603	0
0	2939	1006.47458659043	0
0	2949	1009.575741354846	2
0	2958	1014.626442866404	1
0	2964	1017.271519129858	0
0	2973	1020.48567750026	1
0	2978	1023.093609618726	0
0	2981	1024.003283199396	1
0	2988	1026.231207774258	1
0	2995	1028.938166377605	0
0	3004	1031.396899110875	1
0	3016	1036.45838760515	0
0	3021	1036.615202949853	2
0	3025	1039.433762506589	1
0	3029	1040.834047344749	0
0	3034	1042.34326560726	1
0	3044	1047.576545069698	1
0	3060	1053.400231670826	1
0	3064	1054.371782128005	0
0	3082	1059.25431595068	2
0	3102	1065.226344614295	1
0	3108	1066.802752845696	1
0	3110	1066.952353597393	0
0	3125	1071.213599897694	2
0	3128	1072.567099415936	1
0	3140	1077.110412857035	2
0	3141	1077.389194625086	0
0	3149	1081.418031845017	1
0	3154	1082.628003583994	2
0	3159	1084.780949975252	1
0	3167	1088.580696241936	1
0	3185	1094.373537279206	2
0	3199	1098.965940859526	1
0	3203	1099.40993930563	1
0	3224	1104.926913394366	2
0	3244	1110.016198486561	2
0	3250	1111.724616596015	0
0	3255	1113.203682606815	1
0	3260	1114.868599792135	1
0	3263	1115.498577221072	0
0	3268	1115.906821051152	1
0	3276	1119.492652410299	0
0	3284	1121.029650019021	1
0	3292	1124.149272562128	0
0	3301	1126.930522938497	2
0	3312	1132.91557264282	3
0	3317	1135.360442235838	0
0	3319	1136.322922296129	2
0	3324	1138.118484467041	1
0	3336	1144.083932499873	1
0	3353	1149.52172121057	2
0	3366	1154.764183602768	3
0	3378	1159.697808888514	1
0	3383	1160.117463894893	1
0	3405	1166.097312329343	4
0	3407	1167.160531066481	0
0	3417	1170.84013211716	0
0	3422	1172.025549683959	1
0	3438	1177.811927182839	1
0	3440	1178.637995433996	3
0	3456	1182.941482504603	4
0	3458	1183.315330630174	0
0	3474	1188.750593579147	2
0	3488	1193.348412072874	0
0	3492	1193.978131966671	3
0	3497	1196.059252308453	2
0	3502	1198.613036636966	1
0	3507	1199.616478455724	1
0	3523	1204.988524723105	2
0	3537	1210.230509761726	1
0	3545	1213.030742458766	3
0	3550	1214.467365196327	1
0	3555	1216.108240704987	0
0	3559	1216.15000693291	1
0	3569	1219.136722629197	0
0	3578	1221.154009399242	4
0	3584	1223.702713652049	3
0	3587	1224.569997235088	0
0	3594	1226.211652377625	2
0	3605	1231.346582507952	3
0	3615	1236.377274389616	1
0	3627	1241.080894093729	2
0	3632	1241.492746673762	4
0	3647	1246.662715701624	3
0	3657	1250.6798987923	3
0	3659	1251.262549821991	0
0	3666	1252.630363678099	4
0	3676	1258.359433666109	1
0	3689	1263.148872877592	2
0	3693	1263.431276166118	5
0	3695	1264.138850039225	0
0	3707	1268.572768807882	6
0	3708	1269.463051948582	5
0	3718	1274.372044850612	6
0	3723	1276.867495375222	5
0	3731	1280.256650609901	3
0	3736	1282.061074556088	2
0	3745	1285.646416111389	3
0	3756	1290.987938859738	1
0	3761	1292.896535063631	2
0	3771	1296.279938970812	4
0	3775	1296.689248373504	3
0	3793	1302.347166544064	2
0	3811	1307.433465431682	4
0	3827	1312.929768776992	3
0	3829	1314.078657348528	3
0	3833	1314.752448449497	3
0	3846	1318.47814135254	4
0	3849	1319.386910804553	2
0	3853	1320.300807683732	2
0	3865	1324.239108449087	1
0	3868	1325.094699799205	3
0	3887	1329.978314513114	3
0	3906	1335.121508867253	4
0	3919	1339.594956634454	1
0	3927	1340.881248971919	5
0	3949	1346.689163332578	4
0	3957	1349.018543721299	4
0	3971	1352.155219157465	5
0	3978	1354.6370691089	3
0	3981	1354.837618471129	0
0	3993	1358.114546351606	1
0	3994	1358.498470549476	2
0	4015	1363.75468770811	3
0	4033	1368.244489207984	0
0	4039	1369.035915493505	4
0	4057	1374.906364616478	2
0	4064	1377.627048076836	4
0	4075	1380.198451435898	1
0	4095	1385.223423264694	2
0	4096	1385.487561780268	3
0	4100	1386.590062211391	1
0	4102	1386.754151197855	3
0	4116	1390.826750011306	2
0	4121	1391.161658945965	3
0	4132	1394.524257249438	2
0	4144	1397.156524923403	3
0	4145	1397.267222308907	2
0	4163	1402.999477250622	1
0	4167	1403.156248250283	4
0	4168	1403.543380134744	3
0	4171	1404.21768556396	0
0	4185	1408.994856738724	2
0	4189	1410.012447681631	1
0	4203	1414.555324322084	2
0	4210	1417.086514509756	1
0	4216	1419.331168897804	2
0	4221	1419.986687086994	2
0	4237	1425.297723713104	3
0	4256	1431.182778985478	1
0	4261	1432.68823326426	2
0	4277	1436.663891569251	3
0	4284	1438.646851236818	1
0	4290	1440.508276161508	2
0	4292	1440.882527946619	1
0	4300	1442.520409171242	2
0	4321	1448.009995280072	3
0	4330	1450.79618505866	2
0	4337	1452.896603591975	1
0	4343	1453.351876457227	2
0	4345	1453.794648273159	0
0	4361	1458.606551143346	1
0	4371	1462.619316628908	1
0	4378	1463.681600129237	2
0	4395	1469.072381061973	2
0	4399	1470.040782395985	1
0	4409	1473.163051754705	1
0	4417	1474.242528416455	2
0	4425	1477.059486540967	0
0	4434	1479.459162377292	1
0	4446	1482.438336856087	1
0	4459	1484.763910812331	2
0	4467	1487.717750329178	0
0	4471	1488.944743924547	1
0	4479	1490.319466175982	3
0	4495	1496.31465659617	4
0	4512	1502.184973239671	2
0	4527	1507.912637266103	3
0	4534	1509.906838403787	0
0	4537	1511.205422504111	2
0	4545	1513.647249687934	1
0	4548	1515.028639617263	3
0	4559	1518.746533311443	1
0	4567	1521.347278663892	2
0	4578	1523.819123007129	3
0	4593	1528.386503109131	1
0	4603	1529.656500965594	2
0	4611	1532.372907163115	1
0	4623	1534.69382767077	2
0	4632	1536.878368916577	0
0	4643	1540.120424722325	1
0	4644	1540.293466919807	2
0	4661	1545.676743527881	1
0	4665	1545.99049232039	2
0	4676	1547.926823556775	0
0	4689	1551.643535168379	2
0	4694	1553.867412241411	1
0	4705	1557.31051501958	3
0	4715	1560.902460181977	1
0	4723	1562.461419781207	2
0	4733	1566.369109755623	0
0	4739	1567.539547991476	1
0	4748	1571.107826505563	2
0	4756	1573.247911710761	3
0	4758	1573.363832928365	2
0	4762	1574.863515419073	1
0	4775	1578.251309812771	2
0	4785	1582.177097564806	1
0	4791	1583.304150618849	1
0	4812	1588.785327248744	3
0	4831	1594.03040518286	2
0	4835	1595.383660146039	2
0	4847	1597.890994582795	0
0	4853	1599.374654114016	3
0	4855	1599.604126906957	2
0	4874	1605.057696520353	0
0	4878	1605.209828624271	1
0	4880	1606.150290201427	1
0	4896	1611.036515926944	3
0	4909	1616.307223705577	4
0	4920	1620.130228595584	0
0	4923	1620.756360913513	3
0	4928	1621.797140293757	4
0	4940	1626.889095386958	1
0	4941	1627.367282989089	0
0	4946	1628.777008895415	0
0	4953	1632.101436005442	1
0	4956	1635.080079240378	3
0	4964	1637.371816621397	2
0	4977	1642.818508818515	1
0	4980	1644.066820940822	2
0	4994	1648.191652328942	1
0	5014	1653.389055742651	2
0	5021	1654.520636830133	1
0	5026	1656.23529911391	1
0	5035	1658.352950376579	0
0	5040	1658.660538896221	2
0	5050	1662.202317867433	0
0	5053	1662.829377575313	1
0	5060	1664.43391169631	1
0	5074	1669.752994137351	1
0	5094	1674.998859144049	2
0	5114	1680.543979049428	3
0	5124	1684.230437234397	1
0	5132	1686.223478983855	2
0	5140	1688.489175629685	2
0	5148	1690.423319380383	0
0	5155	1691.88365358673	2
0	5168	1696.580872315795	1
0	5174	1697.512869806029	1
0	5192	1702.784722768469	3
0	5206	1706.741937698913	2
0	5214	1707.996424141806	3
0	5226	1711.832568088434	2
0	5235	1713.883501759731	3
0	5236	1713.916143419683	0
0	5246	1718.505519059957	2
0	5252	1719.137351972983	1
0	5272	1724.835153548048	3
0	5274	1725.017661433434	0
0	5282	1727.56180625141	0
0	5289	1730.154418430991	4
0	5301	1735.441944817082	3
0	5303	1736.278687850338	2
0	5316	1740.770971318941	1
0	5328	1745.9133042302	5
0	5333	1747.527220878057	4
0	5340	1749.738279129028	1
0	5347	1751.059969204713	2
0	5353	1754.01725504757	0
0	5360	1756.273478121266	3
0	5372	1761.982862455307	1
0	5380	1764.783923785552	2
0	5382	1765.385384479309	3
0	5393	1767.944023551422	4
0	5412	1773.263393037955	1
0	5433	1778.789794143059	2
0	5442	1780.866555341403	1
0	5448	1782.718588641146	0
0	5452	1783.604896680105	3
0	5454	1783.818077978796	0
0	5459	1784.304779221539	1
0	5474	1789.41020362871	4
0	5490	1794.775050989587	1
0	5491	1795.498409973576	3
0	5509	1800.095630693717	4
0	5522	1804.245550786846	0
0	5529	1805.692387661433	2
0	5534	1807.470252972914	1
0	5547	1811.53042785777	3
0	5563	1816.882029465635	4
0	5572	1820.718157887462	3
0	5578	1822.645787661898	1
0	5598	1828.071563880428	2
0	5600	1828.603496962113	2
0	5604	1829.293859637579	3
0	5619	1833.156741324582	3
0	5641	1838.88878328563	2
0	5644	1839.979885824259	2
0	5647	1840.160931341236	1
0	5652	1841.935793399816	1
0	5663	1844.387345693077	2
0	5683	1849.769992530814	2
0	5685	1850.219015573386	1
0	5690	1851.439913240963	2
0	5702	1854.712656616702	1
0	5707	1855.062629224502	3
0	5729	1860.505324994915	2
0	5732	1862.027632726824	1
0	5740	1864.133143931515	2
0	5749	1865.69391462696	2
0	5766	1870.71350870887	1
0	5771	1871.005816529041	3
0	5792	1876.549414866373	4
0	5793	1876.696290809665	1
0	5795	1876.810067220594	3
0	5814	1881.595986321803	2
0	5815	1882.161155108832	0
0	5826	1886.136080981584	1
0	5830	1886.800747275121	4
0	5834	1888.175103037388	3
0	5841	1890.59819253313	0
0	5847	1891.824937902392	1
0	5860	1896.98547382746	1
0	5871	1900.181874068804	0
0	5880	1902.03759219125	4
0	5889	1905.323165825803	3
0	5894	1906.643749803539	0
0	5898	1907.475612542127	2
0	5909	1912.686963083456	4
0	5913	1914.928959501793	3
0	5921	1918.423933445011	4
0	5935	1924.066119379597	3
0	5939	1926.326090500575	2
0	5948	1929.682805864606	1
0	5962	1934.928490811029	1
0	5966	1935.062956371112	2
0	5970	1936.735969711682	3
0	5977	1939.691778160865	1
0	5983	1940.680100420956	1
0	6006	1946.335231726524	2
0	6012	1948.039802812855	0
0	6025	1952.103425588925	1
0	6030	1953.092664920493	1
0	6033	1953.889016403352	0
0	6045	1957.240911656293	2
0	6053	1960.224151776173	1
0	6060	1962.687794107249	2
0	6064	1963.112179216231	3
0	6079	1968.957600961673	2
0	6080	1969.1016009911	1
0	6085	1970.985893486886	0
0	6090	1973.27351086773	0
0	6096	1974.940077820328	1
0	6099	1977.281625157109	2
0	6108	1980.735574400286	1
0	6114	1983.677323619254	0
0	6123	1986.620284859092	1
0	6139	1991.979833312334	3
0	6154	1997.228194874946	2
0	6171	2002.921046931531	1
0	6176	2004.726331092067	0
0	6189	2007.964963609121	3
0	6191	2008.397303656562	2
0	6194	2009.466242196388	2
0	6199	2010.531011070707	1
0	6208	2013.04252898018	1
0	6220	2016.45541140542	0
0	6228	2018.765932712007	2
0	6234	2020.647647402251	1
0	6247	2023.93740304094	2
0	6248	2024.563363314841	1
0	6264	2029.900061794559	1
0	6287	2035.416973327522	2
0	6303	2040.599879454824	3
0	6304	2040.679926897286	0
0	6310	2042.240405672929	2
0	6318	2044.486176134786	0
0	6323	2045.759863557064	1
0	6340	2050.814201649281	2
0	6354	2055.963008451278	3
0	6370	2061.060665133645	1
0	6378	2063.408179904918	1
0	6384	2065.502441888792	1
0	6392	2066.283569663533	2
0	6408	2070.637644354488	0
0	6414	2071.465648181506	2
0	6425	2074.772200331443	2
0	6431	2076.291451481752	1
0	6437	2077.098439364696	3
0	6445	2080.008210954837	0
0	6451	2082.162138932386	3
0	6465	2088.040341950954	1
0	6469	2089.726701829468	2
0	6471	2089.959878653638	2
0	6483	2093.879026644631	2
0	6499	2099.772845940432	3
0	6509	2103.491224423286	1
0	6517	2105.492772313068	1
0	6522	2107.366394547864	0
0	6536	2111.237023474882	3
0	6537	2111.290142339539	2
0	6547	2114.709163549356	0
0	6556	2117.040288513061	4
0	6561	2120.494009542397	3
0	6567	2122.384719596943	1
0	6568	2122.559016693502	2
0	6579	2127.028344720488	1
0	6584	2127.54995608679	2
0	6586	2128.001364928556	0
0	6597	2132.771819893969	1
0	6611	2138.148093794472	1
0	6621	2141.106575467162	1
0	6629	2143.678822960592	0
0	6633	2143.738756659673	1
0	6650	2148.915282811969	2
0	6668	2154.405142027301	1
0	6672	2154.870174563489	2
0	6693	2160.289425886586	0
0	6697	2160.388020935468	3
0	6701	2162.524240502853	0
0	6707	2165.175826076302	1
0	6713	2166.096692263381	2
0	6726	2171.573387456359	1
0	6727	2171.710686085396	2
0	6743	2176.619411416817	3
0	6757	2181.928330515744	2
0	6773	2187.721525541274	1
0	6788	2192.36496848031	2
0	6792	2193.320884999354	2
0	6793	2193.336594878464	1
0	6810	2198.144479788957	1
0	6815	2198.329933989328	2
0	6819	2199.196724526701	1
0	6825	2201.00788587844	0
0	6827	2201.124576930773	1
0	6830	2201.802067362705	1
0	6839	2203.66170361871	2
0	6856	2209.597722318024	3
0	6874	2214.792360604508	2
0	6891	2220.772061254829	4
0	6906	2226.493225411628	1
0	6910	2226.53322488442	1
0	6921	2229.846225583461	3
0	6929	2231.652298513334	2
0	6936	2234.083926398887	0
0	6949	2237.130181476241	1
0	6969	2243.060789870331	2
0	6987	2248.591651830355	1
0	6990	2248.724967238145	0
0	6994	2248.82257347391	2
0	7010	2254.710995477857	1
0	7019	2257.163926614915	2
0	7033	2260.121282418491	3
0	7041	2263.089507719154	2
0	7054	2266.009460365632	3
0	7055	2266.475799614794	2
0	7064	2269.134567949805	0
0	7075	2271.767814378719	3
0	7094	2277.656203675083	1
0	7101	2279.796838806941	2
0	7104	2280.196772718217	1
0	7117	2282.676098813069	3
0	7130	2287.119210510628	0
0	7138	2288.257002823054	4
0	7141	2289.509241902737	3
0	7149	2292.291600875791	2
0	7156	2293.581335045396	3
0	7174	2298.812655183718	3
0	7178	2300.515106704669	0
0	7185	2303.623209400334	2
0	7190	2304.091265308204	4
0	7194	2306.262099570013	3
0	7203	2309.401669426122	1
0	7208	2311.336423208121	1
0	7211	2312.236571138144	2
0	7222	2315.134227916598	2
0	7229	2318.317690137775	1
0	7236	2320.276887782616	2
0	7253	2326.025107701308	3
0	7257	2327.16091964964	2
0	7272	2331.907604112522	3
0	7274	2332.348246688022	2
0	7286	2336.792322028896	0
0	7292	2337.345132810296	3
0	7305	2343.205984057392	4
0	7317	2348.947249839547	1
0	7323	2351.74179698422	1
0	7332	2354.209151405142	2
0	7342	2358.881388203124	3
0	7349	2359.678629489382	4
0	7356	2363.456216409802	1
0	7365	2365.56128035183	1
0	7385	2371.141737851779	2
0	7386	2371.17937031004	0
0	7406	2376.835731711005	5
0	7419	2381.670942395922	0
0	7423	2382.303824686677	1
0	7429	2383.750808965647	1
0	7435	2386.082430441746	4
0	7444	2387.945321506819	2
0	7449	2390.007606764324	1
0	7460	2393.648399539989	2
0	7476	2399.296023055444	5
0	7480	2400.778419871696	1
0	7495	2405.174481207038	2
0	7514	2411.080500282346	6
0	7516	2411.692835755995	5
0	7526	2416.288009877664	1
0	7531	2416.635164393577	6
0	7545	2422.473288014065	1
0	7554	2425.085745468965	0
0	7563	2427.451970260007	5
0	7568	2428.027489133412	2
0	7582	2433.440971647389	3
0	7587	2435.699361749923	0
0	7591	2436.622844912112	2
0	7597	2439.0635366817	6
0	7602	2441.637919045401	5
0	7611	2444.214307440444	6
0	7612	2445.449440740512	5
0	7615	2447.335253424477	1
0	7623	2450.124573759734	1
0	7639	2455.393710920121	2
0	7653	2460.634346800856	1
0	7658	2462.824368416914	1
0	7672	2466.061113885371	2
0	7674	2466.767463594674	4
0	7680	2468.501522705426	0
0	7693	2471.89936352917	3
0	7695	2472.518167542528	2
0	7711	2476.973826430505	1
0	7722	2480.502493992332	0
0	7731	2482.920204242924	1
0	7732	2483.409688642482	1
0	7755	2488.865951712243	5
0	7770	2493.203044238032	4
0	7777	2494.630853481823	2
0	7798	2499.973481852678	1
0	7803	2500.180113367503	2
0	7824	2506.052273743087	2
0	7827	2506.477812791014	0
0	7832	2507.711521247055	1
0	7845	2511.77410819265	5
0	7860	2516.845403885934	3
0	7869	2520.507416263691	0
0	7871	2520.509870181905	4
0	7875	2522.212972218986	2
0	7879	2522.580825049197	1
0	7896	2528.475913597271	3
0	7912	2533.975695398869	2
0	7927	2539.323070431594	5
0	7937	2542.404846204325	4
0	7947	2544.794950171141	4
0	7962	2549.924941465259	1
0	7966	2551.291083572432	1
0	7968	2551.902789167713	3
0	7976	2553.879029066537	2
0	7985	2555.549596742494	3
0	8004	2561.26001515286	2
0	8015	2564.8024528739	3
0	8024	2566.868323347764	2
0	8047	2572.225181784946	3
0	8056	2574.308766644909	2
0	8062	2576.326552209327	2
0	8074	2578.117126909317	4
0	8080	2579.869993962581	1
0	8087	2581.604722246646	3
0	8096	2583.159456143388	3
0	8106	2586.239212320996	2
0	8115	2588.426982143428	2
0	8136	2593.473409276223	3
0	8149	2597.610753822258	1
0	8157	2598.564428479877	4
0	8159	2598.875821429074	2
0	8174	2603.778938480414	3
0	8181	2604.53608789458	2
0	8184	2605.238063412951	1
0	8190	2606.81063395075	0
0	8199	2609.358170035646	1
0	8205	2610.245101122419	1
0	8208	2611.001497637715	1
0	8227	2616.050333149965	2
0	8247	2621.533519251972	2
0	8257	2624.461343599013	2
0	8272	2627.502304526746	2
0	8292	2633.261190013729	3
0	8299	2634.535776157399	2
0	8302	2634.837256792004	1
0	8319	2638.900020941162	2
0	8321	2639.396535210655	1
0	8327	2640.876265438043	1
0	8337	2644.075732213447	0
0	8342	2644.255073539448	3
0	8357	2649.964034419275	4
0	8364	2653.622008202015	3
0	8373	2655.83498276095	1
0	8384	2658.499278984267	1
0	8395	2661.20010883757	2
0	8397	2661.698950698367	2
0	8413	2666.356013116893	2
0	8416	2666.498146969354	1
0	8434	2672.091145109386	2
0	8438	2672.750555105153	1
0	8454	2677.141908508726	3
0	8465	2679.875343805412	1
0	8467	2680.285727339795	0
0	8477	2683.073701409856	4
0	8481	2684.271673738956	0
0	8489	2688.717887066306	3
0	8493	2688.907440699404	2
0	8497	2691.629322612536	1
0	8504	2694.362597855739	1
0	8524	2700.183874509996	4
0	8539	2705.341868936084	1
0	8540	2705.778108068968	0
0	8558	2711.310478589963	2
0	8565	2713.516400638619	3
0	8577	2717.097214711597	3
0	8590	2722.469177428517	2
0	8594	2722.59440029622	1
0	8603	2725.319567130645	2
0	8608	2727.123586596924	0
0	8616	2728.406531898071	1
0	8628	2731.920027063811	1
0	8640	2734.288053578929	3
0	8651	2737.831497233944	0
0	8660	2739.967071473365	4
0	8676	2745.319273182656	1
0	8678	2746.170938291005	0
0	8693	2751.106639018515	2
0	8698	2752.785334388024	3
0	8700	2753.182192652951	0
0	8706	2756.452205016858	1
0	8710	2756.704291004222	2
0	8720	2762.319483166095	3
0	8733	2767.704311672365	4
0	8743	2772.846492100972	1
0	8756	2777.191360389462	2
0	8762	2778.199993163347	1
0	8767	2779.783952059922	0
0	8780	2783.6788050842	2
0	8787	2785.939149504291	3
0	8799	2789.458749507553	3
0	8816	2794.540554994484	3
0	8817	2794.715245881231	2
0	8819	2795.890940160024	2
0	8832	2799.642597796861	3
0	8834	2799.906786434932	2
0	8850	2805.357249544235	1
0	8851	2806.437478849197	1
0	8863	2809.465525778474	0
0	8870	2810.904317619745	4
0	8885	2816.228244927945	5
0	8888	2817.477783442937	1
0	8896	2820.860343019013	0
0	8901	2821.445741047617	2
0	8904	2823.074151002919	4
0	8914	2826.968218199676	1
0	8928	2832.414268800058	2
0	8930	2833.191847799113	1
0	8935	2834.73771697329	1
0	8943	2837.42548762518	2
0	8945	2837.583238567343	3
0	8960	2842.479379026918	1
0	8977	2847.900414137403	2
0	8978	2848.094476991333	0
0	8995	2853.821269696113	3
0	8997	2853.963906242977	1
0	9012	2859.167249289574	4
0	9027	2864.48913315963	1
0	9031	2865.78916687111	2
0	9038	2867.576674896754	3
0	9051	2870.224831355736	2
0	9052	2870.30658184446	0
0	9066	2875.142244184388	1
0	9070	2875.737119665137	4
0	9086	2881.257848607377	2
0	9097	2885.723382397322	1
0	9105	2887.228984880728	1
0	9124	2892.758099578089	2
0	9131	2894.274078604179	3
0	9148	2898.378796711798	4
0	9151	2898.794445809326	0
0	9154	2899.394628263777	1
0	9161	2902.965169669827	0
0	9168	2904.127996317578	5
0	9171	2905.80390399939	1
0	9181	2909.8620548388	6
0	9195	2915.678106306355	7
0	9198	2917.522326361501	6
0	9207	2921.315341165756	2
0	9218	2926.452011793387	3
0	9223	2928.872973524149	2
0	9231	2932.222148728791	1
0	9235	2933.996261911579	5
0	9248	2937.696631462547	2
0	9262	2942.728597595125	1
0	9281	2948.208056571895	3
0	9301	2954.005687355531	2
0	9304	2954.765294421927	1
0	9307	2955.240022049869	1
0	9322	2959.169810094639	4
0	9328	2961.590648195818	4
0	9340	2964.190117181746	5
0	9350	2966.900588347229	4
0	9352	2966.950046704031	0
0	9363	2969.405013608748	5
0	9379	2975.254829626532	5
0	9394	2980.357802938904	6
0	9404	2984.95505626895	5
0	9408	2985.7960597215	0
0	9412	2986.1308749998	6
0	9423	2991.81594533939	7
0	9426	2993.012905106997	6
0	9437	2996.879111539573	6
0	9439	2997.59985642368	5
0	9450	3002.008111408214	6
0	9457	3006.678864056587	5
0	9462	3007.794700309169	7
0	9469	3010.827411541599	6
0	9476	3013.069448330906	7
0	9477	3013.731327085407	6
0	9482	3016.953402705142	5
0	9487	3018.093802269316	1
0	9495	3020.976836650866	0
0	9503	3023.319688376506	6
0	9505	3024.3964706551	4
0	9515	3028.642815673259	7
0	9528	3034.339623825393	1
0	9541	3039.263174345833	6
0	9547	3039.783716697946	1
0	9569	3045.751400724055	2
0	9574	3047.434992247496	0
0	9584	3050.552928166225	3
0	9586	3050.826281536136	5
0	9592	3051.668274006808	4
0	9609	3057.01864712476	5
0	9625	3062.85330859828	6
0	9641	3068.05212701508	7
0	9642	3068.199392931883	4
0	9646	3069.433191702936	1
0	9659	3073.066731926521	2
0	9662	3074.334057447149	3
0	9674	3078.716718545644	6
0	9678	3078.767042458525	3
0	9690	3082.993475816092	5
0	9695	3084.017239795534	6
0	9710	3089.334451065866	7
0	9723	3094.632405773852	2
0	9727	3095.100752058441	4
0	9730	3095.432486693378	3
0	9734	3097.105674499882	2
0	9747	3100.942936731039	1
0	9757	3103.354864443657	1
0	9770	3106.507368309193	2
0	9777	3108.121444368147	6
0	9794	3111.941984380365	3
0	9815	3117.777991126061	2
0	9823	3120.086085767368	1
0	9836	3123.229414986915	2
0	9855	3128.487990987721	2
0	9860	3129.026056290141	7
0	9868	3131.660830074578	1
0	9884	3134.459063102959	3
0	9888	3135.782019988164	6
0	9903	3140.231406250272	7
0	9905	3140.741408414436	6
0	9910	3141.974630349777	5
0	9916	3143.059746752028	2
0	9926	3145.732407034609	1
0	9930	3146.19864382432	2
0	9936	3147.775800369915	1
0	9952	3151.872379376555	6
0	9954	3152.291579352348	1
0	9975	3157.540252523033	2
0	9976	3158.355029650492	5
0	9996	3163.048915057445	6
0	10010	3167.864971015259	1
0	10015	3168.733889414465	2
0	10033	3173.959851043766	2
0	10037	3175.196251618562	1
0	10041	3176.343051644394	1
0	10045	3177.44406506117	0
0	10055	3179.554129388185	2
0	10070	3184.738736614587	7
0	10085	3189.777462094791	1
0	10089	3191.273011799429	6
0	10104	3194.986607370434	2
0	10123	3200.332479385893	2
0	10124	3200.512035757762	5
0	10127	3200.862606528217	1
0	10134	3203.46522060165	1
0	10144	3205.587789027487	2
0	10145	3205.597978865148	1
0	10152	3207.882552082537	0
0	10156	3208.701391284822	1
0	10165	3211.047443442513	2
0	10181	3216.365377387265	1
0	10188	3218.871313711979	1
0	10194	3220.398201791572	0
0	10201	3221.884800392669	2
0	10204	3223.181474289624	0
0	10215	3227.048605852528	1
0	10217	3227.689302173551	4
0	10227	3231.614128462845	3
0	10233	3232.739611903439	4
0	10246	3236.866553703441	0
0	10251	3237.970946383198	1
0	10258	3241.141669017031	0
0	10265	3243.07657029573	1
0	10280	3248.755711343839	1
0	10289	3251.214773021523	1
0	10293	3252.078090131051	0
0	10302	3254.404991082383	2
0	10317	3259.987597031288	3
0	10319	3260.413397097846	0
0	10324	3262.498801466419	3
0	10332	3265.139975312168	4
0	10344	3270.415201033235	5
0	10348	3273.347926686519	4
0	10356	3275.865319676932	4
0	10357	3276.688756313749	3
0	10368	3281.119284969291	5
0	10380	3286.658158759821	4
0	10388	3291.108192978535	3
0	10394	3292.177057320719	6
0	10406	3297.322266697186	4
0	10409	3298.321613319222	5
0	10415	3300.857597005429	3
0	10421	3302.628891376314	1
0	10439	3308.611403678545	2
0	10456	3314.506479273086	3
0	10471	3319.548552579714	4
0	10475	3320.644753697914	4
0	10490	3324.760677790271	4
0	10499	3328.456087106016	3
0	10503	3329.340983949255	3
0	10508	3330.248803062133	1
0	10527	3335.942481354812	5
0	10530	3336.829488696303	4
0	10534	3337.737794470743	2
0	10545	3340.865640425349	2
0	10551	3341.144624626266	5
0	10569	3346.54546469101	3
0	10581	3350.116834393812	2
0	10590	3351.854864157739	2
0	10597	3354.25152951084	4
0	10600	3354.752674499993	1
0	10603	3355.232768815944	1
0	10610	3356.905683035614	0
0	10615	3357.32273386326	5
0	10634	3363.198310405019	3
0	10650	3368.472646907906	2
0	10660	3372.573685413344	1
0	10663	3373.150646215066	2
0	10667	3373.515330338853	6
0	10676	3376.833645037035	5
0	10684	3378.534664402485	3
0	10694	3381.602888756907	4
0	10703	3384.270302823514	2
0	10705	3385.45003785752	1
0	10719	3390.088787199233	4
0	10731	3395.363223612543	1
0	10744	3400.04156262905	0
0	10748	3400.634628546304	3
0	10752	3401.209081533134	2
0	10755	3401.813894590015	1
0	10768	3406.522479231238	2
0	10781	3410.988735687338	1
0	10789	3412.364082251444	4
0	10797	3415.731077942193	3
0	10806	3417.772447731347	4
0	10823	3423.134360042402	5
0	10833	3425.985792374946	3
0	10838	3427.619086928314	4
0	10840	3428.708088041758	2
0	10844	3428.932195003379	1
0	10869	3434.572953169236	2
0	10890	3439.894388374176	3
0	10891	3440.125034254862	1
0	10905	3443.756866792574	2
0	10915	3445.673100673363	3
0	10925	3448.791790850806	3
0	10929	3450.426107378563	0
0	10935	3451.16631833534	2
0	10949	3456.591929462508	4
0	10966	3462.214089403164	4
0	10976	3466.056039812737	3
0	10982	3467.670970448062	3
0	10991	3470.525973747611	3
0	11000	3472.793763823344	4
0	11004	3474.810054009667	2
0	11008	3476.263485114443	1
0	11017	3478.706127070591	4
0	11032	3483.788147293965	5
0	11048	3488.794238980862	1
0	11049	3489.315158267267	3
0	11052	3489.564256566113	0
0	11056	3490.848248148346	4
0	11070	3494.097092576095	4
0	11086	3499.837531595959	1
0	11091	3501.560582746993	3
0	11104	3504.972929945451	4
0	11125	3510.60010486725	2
0	11128	3511.136943330059	0
0	11135	3513.454534002343	3
0	11140	3515.356697939216	2
0	11142	3515.358653670995	1
0	11149	3516.37594624283	2
0	11164	3521.768278261183	3
0	11172	3525.930798607425	3
0	11178	3526.941587162905	4
0	11189	3531.705955625158	3
0	11193	3532.124636150666	1
0	11211	3536.92573308352	2
0	11215	3537.281387875557	3
0	11218	3537.909050388258	2
0	11235	3542.494799808834	3
0	11237	3542.699124879323	0
0	11245	3544.57821382955	2
0	11254	3547.902969344056	4
0	11258	3548.824556374816	1
0	11272	3553.68508877815	3
0	11286	3558.764642115918	1
0	11289	3559.277368717243	3
0	11308	3564.423536594029	4
0	11311	3565.53050872149	0
0	11313	3566.357363094927	3
0	11324	3569.495023145344	4
0	11342	3575.482768720951	1
0	11355	3579.188751609533	0
0	11364	3581.169345894367	2
0	11380	3586.936917908028	1
0	11385	3588.217684926468	1
0	11388	3588.793208130865	2
0	11390	3588.874098615487	3
0	11406	3592.496569448387	4
0	11427	3597.946865395646	5
0	11429	3598.620712532076	1
0	11436	3600.422416838814	0
0	11445	3603.241342104975	6
0	11455	3606.940418100805	0
0	11459	3608.273055281489	5
0	11463	3608.468506534122	1
0	11465	3609.243136011645	4
0	11472	3612.583093966593	0
0	11479	3614.046337611744	2
0	11489	3619.731604620818	3
0	11497	3624.556590161288	2
0	11501	3625.693265431564	1
0	11516	3631.1281188475	5
0	11533	3636.791942045794	3
0	11548	3642.205812837233	1
0	11550	3642.935663902431	4
0	11554	3644.138163322818	0
0	11569	3648.177221939203	2
0	11584	3653.465940503406	4
0	11588	3655.475196308925	1
0	11594	3658.47021593596	3
0	11598	3658.547064736954	2
0	11608	3662.764592286669	1
0	11614	3663.629409239165	5
0	11631	3669.604815193222	2
0	11632	3669.812036327786	2
0	11648	3675.537850013937	3
0	11653	3676.730533280291	4
0	11657	3678.30611875735	2
0	11661	3679.639450445426	1
0	11665	3680.69918480702	1
0	11667	3680.868145886929	0
0	11671	3680.992626950846	5
0	11682	3686.08033081773	2
0	11694	3691.342413405658	6
0	11695	3691.764516306225	5
0	11708	3696.934169141812	6
0	11715	3700.529562694718	5
0	11722	3702.385298445824	1
0	11736	3707.680465662855	6
0	11741	3709.194401382472	1
0	11754	3712.918441497957	2
0	11762	3717.110416430051	1
0	11769	3718.419662422038	1
0	11771	3718.939671797797	0
0	11786	3724.236413134731	7
0	11789	3725.577486372086	6
0	11804	3730.014617701996	7
0	11822	3735.829723664097	1
0	11823	3736.17494031857	0
0	11837	3741.375591913941	0
0	11842	3741.794606498911	8
0	11855	3747.726420920811	1
0	11857	3748.379326284164	7
0	11867	3752.137403206319	0
0	11873	3753.644241211473	1
0	11887	3759.047656369864	2
0	11897	3764.090158063918	6
0	11903	3764.772227543875	2
0	11917	3770.539716260977	3
0	11928	3774.052700224797	5
0	11931	3774.53401813924	1
0	11939	3776.029972781431	4
0	11942	3777.594031341263	3
0	11958	3781.916932318363	2
0	11974	3787.735432289078	1
0	11983	3790.144209368736	4
0	11998	3793.541422749872	4
0	12004	3795.148149707591	0
0	12017	3799.316820702518	3
0	12018	3799.444979204098	3
0	12022	3801.247405406437	2
0	12024	3801.600587108057	2
0	12026	3801.956234501908	1
0	12036	3804.746482064717	3
0	12037	3805.015702939942	2
0	12046	3808.322324754326	3
0	12055	3810.083426532338	4
0	12071	3815.388670472431	1
0	12092	3821.083095344485	2
0	12100	3823.314296762575	1
0	12109	3826.115758053027	0
0	12114	3826.389986230762	5
0	12115	3826.599217011595	0
0	12127	3831.607767712794	1
0	12143	3837.274146450221	2
0	12146	3837.967046559441	1
0	12160	3842.822101037604	4
0	12165	3843.175110046755	3
0	12178	3847.95304175525	2
0	12183	3849.048577060228	3
0	12196	3853.961320490694	0
0	12200	3854.575976540105	4
0	12212	3860.493564408974	5
0	12215	3862.185566545002	4
0	12225	3866.253608981849	1
0	12240	3871.68597827433	1
0	12246	3873.61554955261	3
0	12260	3877.137376794362	5
0	12269	3880.097653064646	0
0	12275	3882.168214962238	4
0	12281	3882.9535545758	4
0	12295	3887.9621182601	5
0	12296	3888.104723657601	0
0	12310	3893.798762283757	5
0	12317	3897.939587570729	4
0	12323	3899.570892331892	5
0	12331	3904.893122422981	4
0	12335	3904.909535996852	1
0	12349	3910.331964127956	5
0	12366	3915.977760068378	6
0	12372	3918.385977271247	4
0	12384	3921.906530272453	2
0	12398	3927.056681325198	7
0	12415	3932.117079800232	1
0	12418	3933.031058430676	1
0	12426	3935.090179354774	6
0	12439	3937.588442102545	2
0	12440	3937.977482087214	3
0	12453	3940.720669278995	0
0	12458	3942.456564126544	5
0	12462	3942.896486479561	1
0	12481	3948.67355472269	6
0	12495	3952.246888790051	2
0	12498	3953.508122283621	0
0	12504	3954.35170684732	7
0	12517	3959.391539038396	3
0	12533	3964.830082027944	3
0	12535	3965.453867648503	2
0	12546	3970.454418702175	6
0	12551	3970.59516008804	3
0	12566	3976.391546499919	1
0	12572	3979.143708530351	2
0	12584	3981.868853574855	3
0	12607	3987.821668273773	7
0	12623	3992.414093028641	0
0	12628	3993.079777316427	4
0	12629	3993.565972276041	3
0	12645	3998.476823282898	4
0	12657	4003.630049265579	6
0	12661	4003.75789338211	1
0	12679	4009.096658471743	5
0	12681	4009.314100790773	0
0	12685	4010.715978659809	2
0	12688	4011.911953933777	5
0	12697	4014.312886653239	3
0	12710	4019.68689484755	1
0	12718	4021.735798564864	4
0	12730	4024.971538592134	6
0	12734	4025.911166361192	3
0	12753	4030.532748997103	5
0	12757	4030.847660599048	6
0	12777	4036.605344704822	2
0	12793	4042.195842268996	2
0	12798	4042.333208653381	7
0	12807	4045.058164948838	6
0	12812	4046.347358638657	1
0	12820	4047.978604781911	3
0	12836	4052.011357026648	2
0	12844	4053.177124314945	2
0	12856	4057.028839258711	2
0	12867	4058.970327425984	7
0	12869	4059.244152272245	1
0	12876	4061.080850515173	6
0	12880	4062.36177111429	1
0	12890	4064.779155632717	2
0	12906	4068.933730587603	5
0	12914	4070.140907903438	2
0	12919	4071.748228559046	1
0	12934	4075.940193151127	6
0	12940	4077.349268235269	1
0	12957	4081.35281781643	7
0	12971	4085.479313858669	1
0	12978	4086.608710504373	2
0	12982	4088.1858560521	1
0	12996	4091.901778155242	2
0	13002	4093.407195939806	6
0	13021	4097.737955258463	7
0	13023	4098.068914016251	1
0	13031	4101.309266713917	0
0	13043	4103.30197433918	8
0	13053	4108.16715616012	0
0	13057	4108.337697998856	9
0	13069	4114.015126410642	10
0	13076	4118.361148776371	0
0	13082	4119.429304946217	1
0	13084	4120.828453555128	9
0	13095	4125.230574823221	1
0	13098	4126.465140168445	8
0	13112	4131.091790399518	2
0	13119	4133.848775522786	0
0	13127	4136.543928527044	9
0	13131	4138.888508763521	8
0	13139	4141.670067403935	1
0	13155	4146.772200576732	2
0	13166	4150.822722628717	1
0	13170	4151.723803098671	7
0	13174	4152.653381048938	3
0	13189	4157.65841660323	4
0	13205	4162.94589829259	5
0	13211	4165.435393779075	4
0	13219	4167.888734806913	3
0	13223	4168.392093020262	4
0	13239	4173.853494966173	2
0	13245	4176.435967942124	6
0	13248	4177.483797084428	1
0	13258	4179.653536092493	7
0	13264	4181.740480196084	3
0	13276	4184.709331280322	2
0	13293	4190.645587103444	1
0	13304	4194.368268977156	0
0	13313	4196.401754577414	4
0	13321	4200.249067999196	3
0	13323	4200.46245935618	1
0	13330	4201.517668056537	1
0	13336	4203.539376884355	6
0	13351	4206.849116527711	7
0	13352	4206.881706379592	0
0	13369	4212.47002485744	1
0	13376	4214.878961249256	0
0	13380	4215.437409104786	2
0	13391	4218.249170748985	3
0	13406	4223.639643286124	1
0	13419	4227.365525111214	2
0	13428	4229.276871444314	6
0	13432	4229.365941677245	2
0	13436	4230.90904903005	5
0	13451	4234.531061491931	2
0	13464	4238.297620591826	1
0	13471	4239.614977504129	6
0	13491	4244.919294042282	3
0	13499	4247.226438293823	2
0	13508	4249.897056274004	5
0	13512	4250.268805422589	2
0	13516	4251.198905917471	4
0	13524	4253.337722029423	1
0	13535	4255.633876166075	3
0	13555	4260.887510189555	3
0	13559	4262.24232492049	2
0	13576	4266.750147239539	4
0	13588	4269.698836815079	0
0	13590	4269.902764428643	3
0	13599	4272.354768301827	3
0	13607	4275.783243295624	2
0	13610	4276.870670800221	3
0	13616	4277.602997138166	1
0	13624	4280.44956682402	2
0	13636	4282.722001028015	2
0	13656	4288.095363475849	3
0	13669	4292.226919243584	2
0	13676	4293.332675840939	3
0	13680	4294.277012876706	2
0	13699	4298.761528589298	3
0	13709	4301.957704747444	1
0	13720	4304.470502379817	2
0	13737	4309.503165743787	2
0	13739	4309.829813602038	2
0	13741	4309.899608523823	1
0	13745	4310.442514243304	2
0	13753	4313.005379999646	1
0	13767	4316.131566551282	2
0	13769	4316.38189131744	1
0	13771	4316.473609910578	1
0	13786	4321.248253402306	1
0	13792	4321.539767261828	3
0	13799	4323.827838132971	0
0	13809	4326.802075714811	0
0	13813	4326.877441545251	2
0	13816	4328.768083160866	2
0	13825	4332.692750871415	1
0	13834	4337.597842306835	1
0	13839	4338.022511921824	1
0	13851	4341.496250028141	0
0	13863	4343.764477149584	3
0	13871	4347.048492790089	0
0	13879	4349.260469475762	4
0	13882	4350.523466629564	3
0	13892	4355.198770485354	4
0	13905	4361.061278168812	5
0	13912	4365.081061294537	0
0	13918	4366.467583016261	1
0	13930	4372.345245624661	2
0	13935	4374.757521053548	4
0	13943	4377.875199500706	5
0	13946	4379.876768512073	4
0	13957	4383.466459534831	3
0	13968	4389.10013345699	5
0	13978	4394.072232999727	4
0	13983	4394.415207012558	1
0	13986	4396.224706337554	2
0	14000	4400.283712791048	5
0	14010	4403.92884273664	1
0	14017	4405.424065138914	6
0	14034	4411.339340009496	2
0	14050	4416.86008493067	3
0	14053	4417.508875955132	5
0	14066	4422.154166286348	4
0	14067	4422.543712441463	4
0	14074	4425.171092936073	3
0	14079	4426.412438720117	0
0	14084	4427.200699177806	5
0	14096	4433.074480405546	1
0	14104	4435.916298958007	4
0	14114	4438.326975927924	2
0	14130	4443.786040316106	3
0	14133	4444.271568414758	2
0	14147	4449.437081402171	1
0	14160	4453.587408333554	1
0	14162	4453.788216539895	0
0	14164	4453.827745289773	3
0	14170	4455.056172290122	2
0	14172	4455.629618861828	2
0	14188	4460.056856429441	3
0	14197	4462.509855739195	2
0	14207	4465.559862327766	3
0	14225	4471.316315545937	1
0	14226	4471.79337311501	2
0	14235	4474.257783147627	0
0	14244	4476.476307398178	3
0	14252	4478.895461405631	1
0	14263	4481.99196324591	1
0	14265	4482.830231714997	2
0	14268	4483.508019189237	1
0	14287	4487.897448772103	4
0	14293	4489.398475862573	3
0	14305	4493.139761921022	4
0	14330	4499.000040965391	2
0	14335	4500.450490504507	0
0	14347	4504.13194163307	3
0	14366	4509.291483925426	5
0	14370	4510.924816995284	2
0	14375	4512.798637256728	0
0	14382	4514.615811073225	1
0	14388	4517.397701748883	0
0	14397	4520.389397619296	3
0	14398	4520.660980475016	4
0	14406	4524.348118195084	2
0	14412	4525.537683598701	3
0	14424	4530.926940407608	4
0	14427	4532.042302173792	3
0	14429	4532.863712513583	2
0	14432	4534.469423089639	1
0	14437	4536.108584649399	1
0	14452	4541.593740790388	5
0	14462	4546.544094483027	4
0	14467	4546.954864827454	5
0	14477	4550.296905143778	4
0	14480	4550.696340664875	0
0	14486	4552.172922018453	1
0	14491	4553.949828022739	0
0	14495	4556.533497681728	0
0	14500	4557.534280854048	1
0	14512	4563.119320422182	2
0	14525	4568.851129107181	1
0	14530	4571.090669439295	1
0	14539	4573.844976314696	0
0	14545	4574.656399285657	2
0	14555	4579.41069085571	3
0	14560	4580.461519234584	4
0	14573	4585.943108217794	1
0	14589	4591.789979933764	3
0	14592	4592.518566004704	2
0	14605	4597.355345852676	1
0	14611	4599.546495064404	3
0	14617	4601.354579498296	1
0	14628	4602.816075181824	2
0	14640	4606.412033721226	0
0	14648	4607.999990961284	4
0	14656	4611.455776897728	0
0	14660	4612.093488355637	1
0	14666	4613.750858446586	1
0	14672	4615.766509092539	3
0	14682	4619.341599527284	2
0	14699	4624.88029817981	4
0	14709	4628.251010472308	1
0	14719	4630.842547809708	5
0	14736	4636.450049749811	2
0	14737	4636.45491032326	1
0	14746	4639.594230805768	4
0	14754	4641.539293269629	1
0	14758	4642.982403194421	0
0	14771	4646.79553451203	2
0	14789	4651.971039903119	1
0	14793	4653.412411975328	0
0	14807	4657.174997515047	3
0	14822	4662.366765429268	5
0	14825	4663.247172814689	4
0	14840	4668.230268968504	1
0	14841	4668.576373185034	2
0	14850	4671.318701358523	3
0	14862	4673.363847255709	2
0	14879	4678.292673169521	0
0	14883	4678.658452710372	3
0	14899	4683.956217810048	3
0	14900	4684.206889396077	2
0	14916	4689.465463211296	4
0	14918	4689.691149957597	2
0	14933	4695.14153420157	3
0	14941	4697.629629645613	3
0	14947	4699.850485794023	2
0	14952	4700.585675782759	4
0	14968	4705.660176649692	3
0	14984	4710.68913150742	1
0	14998	4715.486288540649	2
0	15000	4715.574416049883	1
0	15006	4716.57715661661	2
0	15024	4721.777975193575	3
0	15028	4722.171184936308	2
0	15047	4727.339395719707	1
0	15052	4727.83307839744	2
0	15073	4733.383198570462	3
0	15082	4735.617817236463	1
0	15096	4739.12823889917	2
0	15098	4739.580441832194	2
0	15106	4741.752958842091	1
0	15111	4743.276124892058	1
0	15117	4744.380745204401	3
0	15123	4745.821917735276	2
0	15142	4750.30660116277	2
0	15147	4751.921536426409	1
0	15160	4755.667260553458	2
0	15171	4759.269776888899	2
0	15179	4760.671909307598	3
0	15188	4763.579840983854	1
0	15190	4763.787222839431	0
0	15202	4766.508380520626	3
0	15205	4767.993235749074	2
0	15207	4768.518117740991	0
0	15209	4768.760370596779	2
0	15217	4771.604435187767	3
0	15228	4777.196833174213	1
0	15231	4777.999720846417	1
0	15245	4782.291486667472	4
0	15254	4785.788229190398	3
0	15262	4787.91654787306	2
0	15270	4791.434617178167	1
0	15279	4793.865408934423	1
0	15282	4794.838290799405	0
0	15298	4799.489786823516	1
0	15311	4803.596202924618	0
0	15319	4804.97060775501	2
0	15334	4809.974183399699	1
0	15347	4814.489060191322	0
0	15352	4815.040696546671	1
0	15355	4815.704511300084	2
0	15363	4818.102364232066	1
0	15374	4820.386308198332	3
0	15383	4823.517556197943	0
0	15394	4825.658547272909	2
0	15411	4831.128840356137	1
0	15422	4834.944531975555	2
0	15431	4837.03209649795	3
0	15432	4837.107787129821	1
0	15437	4838.111083563069	0
0	15448	4841.490087280168	0
0	15454	4842.051856448877	1
0	15459	4845.113194222802	2
0	15462	4845.374088343352	0
0	15468	4847.26135805948	3
0	15482	4853.169864290862	4
0	15487	4855.375702709082	0
0	15490	4858.258646601469	3
0	15494	4858.399974870498	1
0	15506	4863.682954116028	1
0	15512	4866.114024355548	2
0	15525	4869.485752278708	2
0	15532	4871.868573806953	1
0	15542	4874.517355204329	2
0	15557	4880.031488767361	1
0	15570	4883.793842659683	1
0	15575	4884.942725824664	0
0	15579	4885.488726761659	3
0	15580	4885.550480015694	2
0	15599	4891.108012297425	2
0	15613	4896.612215055853	2
0	15621	4899.985220694799	1
0	15625	4901.06515317841	1
0	15630	4901.73498098436	3
0	15646	4907.10528835701	1
0	15667	4912.327304719716	2
0	15668	4912.54920215183	2
0	15691	4918.19171375828	2
0	15704	4922.28093466384	0
0	15706	4922.310977069429	1
0	15715	4923.992943082705	3
0	15721	4926.068993371331	2
0	15734	4929.941384494074	2
0	15748	4935.298554358074	1
0	15752	4935.577638268939	3
0	15770	4941.075737825132	1
0	15777	4943.121751143714	2
0	15784	4945.332624554402	1
0	15786	4945.567116313615	1
0	15794	4946.709946736696	2
0	15814	4952.462581533243	3
0	15832	4957.706981169296	2
0	15842	4960.506152889577	0
0	15845	4960.993225493002	0
0	15853	4962.747401924341	4
0	15861	4967.103543489708	1
0	15866	4968.151537462606	2
0	15868	4968.735112215748	3
0	15879	4973.814617364437	3
0	15885	4977.137745459919	2
0	15894	4979.144676247847	1
0	15908	4984.152294500035	1
0	15918	4987.264335683549	2
0	15926	4989.342218395791	0
0	15932	4990.105880945924	2
0	15949	4995.485564262609	3
0	15956	4998.023820178237	2
0	15961	4999.299949472543	1
0	15968	5000.915989625038	1
0	15982	5005.314078605737	0
0	15989	5006.431540929948	1
0	15994	5008.333072674932	0
0	16008	5011.910938764692	2
0	16014	5014.322491856296	1
0	16025	5017.836331255504	2
0	16034	5021.401978448385	1
0	16036	5022.259819106435	1
0	16041	5023.101668989522	3
0	16045	5024.187417379585	2
0	16059	5029.019265057988	1
0	16081	5034.561177838364	3
0	16092	5038.168180730429	0
0	16100	5039.960395573176	4
0	16106	5042.023496007783	3
0	16108	5042.546238746846	0
0	16119	5045.395826087337	1
0	16133	5050.779781237016	2
0	16143	5054.743340967925	1
0	16148	5055.752734020121	0
0	16152	5055.858495813333	2
0	16156	5059.012165958531	2
0	16165	5061.661131726349	3
0	16172	5065.344022234322	2
0	16179	5066.722540942956	1
0	16185	5069.067612095973	0
0	16196	5072.689329126155	1
0	16213	5078.650213488847	3
0	16219	5081.092724479736	2
0	16229	5083.929801685739	2
0	16234	5085.210355468447	1
0	16243	5087.944734550665	1
0	16251	5089.493847205773	1
0	16260	5091.841594422939	1
0	16276	5095.426180395767	2
0	16279	5095.94620350632	0
0	16283	5097.265122702583	1
0	16297	5100.962907983227	2
0	16310	5106.467205473224	0
0	16314	5106.725741948005	2
0	16321	5111.948813200933	1
0	16325	5112.303731733006	2
0	16336	5117.411330688283	3
0	16338	5118.47162856651	1
0	16340	5119.074516937607	2
0	16348	5122.428849386754	3
0	16349	5122.442333165212	2
0	16353	5123.685586937708	0
0	16359	5127.826613518879	1
0	16370	5133.310963580389	2
0	16375	5135.925238453904	1
0	16378	5137.113082680971	1
0	16384	5138.62739805249	2
0	16387	5140.583315902277	0
0	16395	5144.310894274157	1
0	16397	5145.654086955945	1
0	16404	5149.397008746284	0
0	16408	5149.780916050779	1
0	16419	5155.504439428453	2
0	16424	5158.469547341815	1
0	16426	5158.544858654269	0
0	16432	5161.259051217935	1
0	16446	5166.576497856998	2
0	16447	5166.780298452828	1
0	16450	5168.0620080384	0
0	16458	5171.8219811176	2
0	16467	5177.63769959915	1
0	16471	5181.016142339681	1
0	16479	5183.260034930664	2
0	16490	5188.727587057282	2
0	16497	5193.600165482033	1
0	16503	5194.573401373583	1
0	16507	5196.546275327801	0
0	16519	5199.967037006286	2
0	16531	5205.658241877803	3
0	16539	5209.792972579602	2
0	16541	5210.366773284391	1
0	16546	5210.665914886403	1
0	16550	5212.534250426224	0
0	16559	5215.668832757981	1
0	16576	5220.996463287627	1
0	16584	5223.615325679076	0
0	16595	5226.71131567122	3
0	16600	5229.066728123234	2
0	16612	5232.131373961228	2
0	16627	5237.336573706712	2
0	16628	5237.947969569363	1
0	16630	5238.06329421583	1
0	16636	5240.252663427152	0
0	16643	5242.648493823135	1
0	16654	5246.376203218247	1
0	16661	5248.104464849462	1
0	16680	5253.551873674388	2
0	16686	5256.28946736374	0
0	16694	5258.926046812913	0
0	16699	5259.541835403074	2
0	16708	5263.623209472867	1
0	16710	5264.674419008899	1
0	16715	5265.095486718933	2
0	16720	5268.260569808776	1
0	16727	5270.561143254633	1
0	16742	5275.671924826461	2
0	16751	5279.673173475433	0
0	16756	5280.962518315069	3
0	16757	5280.992700007514	2
0	16769	5286.361907399963	2
0	16779	5291.315541379391	1
0	16783	5291.750258547492	1
0	16797	5297.15788632725	2
0	16801	5298.788635160894	1
0	16814	5302.534764805581	1
0	16827	5306.693753888369	1
0	16835	5308.391294690087	2
0	16854	5313.764350697869	3
0	16858	5314.612090749903	0
0	16874	5319.74636555417	1
0	16878	5320.665313848881	0
0	16885	5323.185882953467	2
0	16893	5324.945555447606	3
0	16910	5330.920076028449	1
0	16911	5331.09773126117	0
0	16918	5333.245011341996	0
0	16926	5336.234588030265	1
0	16941	5341.701159254888	2
0	16945	5341.84053821839	1
0	16966	5347.762828183599	2
0	16979	5351.708152557493	1
0	16989	5353.513251324656	2
0	16995	5355.409403260451	0
0	17010	5359.165167879087	2
0	17022	5364.238461534965	3
0	17025	5365.2630557149	2
0	17028	5365.752128171627	1
0	17042	5369.868953989825	1
0	17045	5370.968170127021	1
0	17063	5375.380148844101	2
0	17064	5375.714814301003	0
0	17080	5381.126166512497	3
0	17091	5384.530629367342	1
0	17094	5385.563704075762	0
0	17101	5386.677811800275	4
0	17114	5392.321233803878	1
0	17117	5394.058041133457	3
0	17129	5398.028250764829	2
0	17145	5403.300141897757	3
0	17148	5404.853867675416	0
0	17159	5409.162832856184	1
0	17163	5411.039969461045	2
0	17167	5412.303841846186	1
0	17170	5413.032142734161	0
0	17178	5414.683507017331	1
0	17194	5419.865280024247	2
0	17201	5422.022102536059	2
0	17212	5424.909275374613	3
0	17217	5426.563211323817	0
0	17226	5430.514202817115	1
0	17231	5432.049324110275	1
0	17246	5436.49315723428	2
0	17248	5437.400303157637	0
0	17256	5442.131245644417	2
0	17260	5442.323689935268	3
0	17272	5448.11323151412	1
0	17283	5452.946360129053	0
0	17288	5453.926583347847	1
0	17298	5457.52562509792	2
0	17306	5459.226973240036	1
0	17321	5463.41477280879	0
0	17328	5464.932405514415	1
0	17332	5466.357101268025	1
0	17350	5470.19412513427	2
0	17354	5471.180683786171	0
0	17364	5475.063810969704	1
0	17370	5475.96966196178	3
0	17386	5481.09681088245	2
0	17401	5486.47795430385	2
0	17411	5489.75504078216	1
0	17420	5492.467139001474	2
0	17422	5492.645861181672	2
0	17438	5497.83942908538	3
0	17452	5503.224093006462	3
0	17467	5508.381437476961	4
0	17468	5508.610525126803	3
0	17482	5514.210830921314	1
0	17493	5519.59438072681	2
0	17501	5522.598621823128	2
0	17529	5533.2954821263	1
0	17542	5537.372575858382	1
0	17547	5539.130654670888	0
0	17560	5545.037079465582	0
0	17565	5549.969113224187	0
1	27	17.897900200449	12.375984485494
1	45	25.897650343599	9.161142066121
1	91	39.020677830443	27.969319756027
1	109	43.7096728466	21.624656616478
1	137	51.299795874978	23.841842858005
1	154	56.234570135829	23.180759382667
1	163	59.523123348715	3.628399971291
1	178	65.434597025275	26.849633358533
1	197	71.741998190176	10.257291769491
1	200	72.840676937019	28.548238020854
1	242	91.31039859401	41.331448687006
1	276	101.672726410905	34.412500855743
1	283	103.971415065229	13.946315462234
1	287	106.278829058866	27.493051382945
1	303	113.369910410254	40.343170863922
1	311	115.833287448154	31.512765348652
1	335	125.877125646803	13.015567397582
1	354	134.135741232896	38.233387333341
1	363	136.638621773221	18.683903611613
1	374	140.143386933719	10.314412565667
1	401	148.140505736113	46.844429601566
1	421	156.111884977669	15.573961561312
1	437	162.257527927751	26.80133880826
1	476	174.852827117547	67.569683081471
1	479	175.75908815756	12.842844599973
1	492	180.955804937171	57.02548203629
1	515	188.228660315858	19.644123420933
1	529	192.447707072136	7.557374972385
1	536	194.907223974822	48.933724609204
1	558	201.710623015535	22.146022896631
1	579	209.59493237571	9.342197923222
1	583	211.244233753767	59.760382094421
1	590	211.916809700781	21.955242362223
1	642	227.380932088129	15.605370184058
1	653	229.442344959478	11.727457560948
1	659	232.204782790388	26.162433492134
1	664	234.94359382824	11.450625994706
1	677	238.820267425036	81.736841270117
1	695	245.148615659098	70.823641757362
1	708	249.214498609074	14.171351519413
1	725	253.600523866366	13.234029463375
1	729	254.549303081123	2.929600570584
1	745	261.979688409017	32.585229435933
1	756	266.424542853492	71.227589514221
1	772	272.249602285564	26.008184502947
1	794	278.752707155888	21.266927426911
1	816	284.834090548105	16.992051602108
1	818	285.217512314674	22.505355126454
1	834	290.345324084518	16.750721743682
1	896	307.547736496553	17.710356678931
1	898	307.933178777927	12.930354256765
1	907	311.162037588194	32.241319229128
1	916	313.296992031163	7.060209458694
1	918	313.662339847186	29.522144578743
1	925	317.736317533422	16.935475735343
1	929	319.748878302639	2.782184203272
1	940	325.705363162799	14.423393180363
1	993	349.681856138869	11.39530186751
1	1007	355.884158175445	33.725144031926
1	1023	361.298350421947	7.062781969085
1	1025	361.467137098781	28.435085737611
1	1044	367.515418683996	23.66221007693
1	1051	370.133492251863	42.372839914403
1	1053	370.530349128067	10.868792477878
1	1068	376.217247934084	11.226485280088
1	1103	392.539571456265	43.561835942208
1	1133	403.872438032183	27.240827627713
1	1152	411.296506257032	40.585740328999
1	1157	413.107724900709	14.680764473859
1	1180	423.363519534123	41.317469811883
1	1220	438.710837520778	34.699364007102
1	1226	441.064492621228	54.010349739808
1	1272	455.872934411515	62.861242606072
1	1275	456.371625789328	2.697195239482
1	1280	458.651119539054	31.883349464278
1	1283	458.943009531012	49.01910058118
1	1311	467.141100362874	51.499936946432
1	1345	479.511715187927	20.490239941748
1	1357	482.686354119446	50.799599563117
1	1360	484.039845671855	63.163967092404
1	1363	484.45064301824	2.772960294387
1	1391	497.860316874575	54.635813624478
1	1405	503.564823934691	33.393692626265
1	1421	510.911522066335	35.027918828763
1	1426	513.286556295005	75.994911909685
1	1452	521.380868619543	7.071506172884
1	1458	523.742223943818	75.145471624097
1	1487	533.433543640424	68.659084305167
1	1492	534.204199062773	41.506485208979
1	1507	539.088815705736	51.499002848867
1	1526	544.06159416994	3.038582166774
1	1541	547.76426037913	43.9498457252
1	1559	553.991970231406	45.087329881378
1	1561	554.105131616818	29.73232762888
1	1564	554.842893180905	25.320221506058
1	1581	561.179674124928	63.269404626333
1	1601	569.842161341105	23.297810836692
1	1619	577.368575011962	58.046131020758
1	1621	577.63364719495	3.898572665057
1	1664	593.885823359366	8.803239651373
1	1686	601.247025233112	38.985233265322
1	1699	604.909717173085	14.304418264655
1	1706	607.054166543064	71.866073646346
1	1709	608.811535053769	56.753134132475
1	1714	610.108914088107	52.930966749666
1	1716	610.15008385596	42.052073662866
1	1719	611.918966385185	16.28918985568
1	1767	634.712097055743	55.173810612406
1	1787	641.59693127545	29.23671519803
1	1789	642.077967370048	6.727253879071
1	1791	642.298140619298	40.960472998787
1	1837	660.921327554625	3.201389102964
1	1855	665.685771349121	47.604131777537
1	1876	672.033683721557	65.235395910331
1	1911	679.721874631828	16.796434618881
1	1917	681.392046751576	29.50071477343
1	1935	687.04448634701	18.407676474775
1	1942	689.546383005451	66.094557319882
1	1988	706.807982619735	77.456441377403
1	1999	709.773036019294	68.640610152037
1	2001	710.722354674483	36.683162413304
1	2005	712.000017452874	21.801508562058
1	2014	714.39956988255	35.162697595544
1	2017	715.327264321967	68.661342768227
1	2050	727.584517762885	20.335734667839
1	2060	730.166424692031	34.063887104043
1	2097	743.445189368795	58.262982120617
1	2138	754.480337620716	41.412339580244
1	2144	755.579825849621	37.37810584099
1	2147	756.19996940438	26.825804607009
1	2161	759.769011888891	58.431146621705
1	2188	769.246109148725	22.517360906116
1	2199	772.375761593464	48.194366000127
1	2209	775.823360211097	40.550644274444
1	2229	782.454512083906	29.780400091081
1	2267	794.988575793689	30.776037220957
1	2270	796.89387460531	21.606126353728
1	2276	798.855228773093	18.382159163246
1	2278	798.969064487957	57.732569293461
1	2317	816.695094607185	58.231690491657
1	2331	821.401558412596	23.909164202751
1	2365	831.904800790719	17.839539698444
1	2399	843.303599600221	11.89980367222
1	2410	846.328732561666	76.204468084141
1	2416	847.455727282454	44.558113597802
1	2423	848.608728088444	6.092664235039
1	2447	856.908222871608	48.227733901472
1	2465	861.088197527458	7.669347582152
1	2478	865.587536305302	79.18339587945
1	2488	869.673987631575	32.287239967264
1	2539	882.770125132293	18.074760514779
1	2543	883.734502958258	63.884903448287
1	2550	885.268328803704	93.676848210501
1	2564	888.500699664007	18.043512215607
1	2568	889.345455118578	30.18408976251
1	2633	907.139999140179	25.668834491753
1	2636	907.851443210507	20.794143928799
1	2644	909.700739962638	33.634507002428
1	2650	912.100181728725	13.792451543154
1	2652	912.159427486939	86.741358842343
1	2654	912.692078899364	3.243153101299
1	2677	924.083747577035	76.496980330083
1	2713	937.056608243966	21.803659441066
1	2738	943.56232832291	11.222783206146
1	2749	947.392814070455	4.068671238375
1	2758	949.565590059615	56.764144444831
1	2790	959.553881769309	32.661220266487
1	2815	967.887427453888	13.781579240692
1	2818	968.101692111473	8.570771476724
1	2821	968.974136532637	20.62558176124
1	2834	973.13684503338	69.27774179144
1	2846	976.700754191374	55.526678819551
1	2885	990.973175885851	53.177995076163
1	2896	992.876602071683	22.750256206949
1	2898	993.820772329354	29.08178340388
1	2901	994.518265317081	13.242617980693
1	2924	1002.974359630844	15.863216500264
1	2932	1004.261981406603	6.278394255206
1	2939	1006.47458659043	2.686067238683
1	2964	1017.271519129858	41.733411192652
1	2978	1023.093609618726	8.467166752322
1	2981	1024.003283199396	31.761264635021
1	2995	1028.938166377605	2.706958603347
1	3016	1036.45838760515	15.97271010489
1	3025	1039.433762506589	29.858021151743
1	3029	1040.834047344749	9.437148233874
1	3064	1054.371782128005	6.795237058307
1	3108	1066.802752845696	30.187549895843
1	3110	1066.952353597393	24.609087990133
1	3128	1072.567099415936	7.340754801641
1	3141	1077.389194625086	23.98896295426
1	3149	1081.418031845017	22.163715894337
1	3159	1084.780949975252	13.567350077558
1	3199	1098.965940859526	21.855528002491
1	3250	1111.724616596015	23.143920354079
1	3255	1113.203682606815	30.575679022821
1	3260	1114.868599792135	20.495062512929
1	3263	1115.498577221072	5.482378734511
1	3276	1119.492652410299	14.565739015933
1	3292	1124.149272562128	24.739333256498
1	3317	1135.360442235838	14.330792216817
1	3319	1136.322922296129	20.416101244977
1	3378	1159.697808888514	32.767285950017
1	3407	1167.160531066481	7.043067171588
1	3417	1170.84013211716	32.721647650119
1	3440	1178.637995433996	34.554062934123
1	3458	1183.315330630174	50.399757987354
1	3488	1193.348412072874	15.536484890035
1	3497	1196.059252308453	24.033702624494
1	3502	1198.613036636966	9.862443057819
1	3545	1213.030742458766	63.509021248196
1	3550	1214.467365196327	14.850886740603
1	3555	1216.108240704987	11.119715981882
1	3569	1219.136722629197	8.906212867471
1	3584	1223.702713652049	68.938530049281
1	3587	1224.569997235088	30.591865268417
1	3627	1241.080894093729	74.983581764386
1	3657	1250.6798987923	34.52989185939
1	3659	1251.262549821991	14.885275432375
1	3689	1263.148872877592	36.937220499967
1	3695	1264.138850039225	5.779416373116
1	3708	1269.463051948582	86.521569443979
1	3723	1276.867495375222	55.71348597598
1	3736	1282.061074556088	50.714492048136
1	3761	1292.896535063631	51.403788389869
1	3771	1296.279938970812	49.617223269188
1	3829	1314.078657348528	33.822006738627
1	3833	1314.752448449497	62.122084771398
1	3849	1319.386910804553	28.398971944815
1	3853	1320.300807683732	56.869531517614
1	3868	1325.094699799205	39.448283687816
1	3919	1339.594956634454	71.022187826572
1	3957	1349.018543721299	46.671377177235
1	3978	1354.6370691089	57.947820735396
1	3981	1354.837618471129	30.598510022042
1	3994	1358.498470549476	51.065005117794
1	4033	1368.244489207984	93.872444357372
1	4064	1377.627048076836	64.697279299844
1	4096	1385.487561780268	55.509247267154
1	4100	1386.590062211391	28.475515859785
1	4102	1386.754151197855	68.276009845315
1	4116	1390.826750011306	55.705241144053
1	4132	1394.524257249438	47.83509391686
1	4145	1397.267222308907	17.068770873009
1	4163	1402.999477250622	17.776053985928
1	4168	1403.543380134744	62.662131162825
1	4171	1404.21768556396	29.311320947482
1	4189	1410.012447681631	18.850788735666
1	4210	1417.086514509756	53.331826801646
1	4216	1419.331168897804	67.175949740339
1	4261	1432.68823326426	35.531708340857
1	4284	1438.646851236818	29.651994498094
1	4290	1440.508276161508	37.352027911225
1	4292	1440.882527946619	71.846612453114
1	4330	1450.79618505866	36.240860736576
1	4337	1452.896603591975	10.376194420733
1	4345	1453.794648273159	33.807961186165
1	4371	1462.619316628908	31.43653764343
1	4399	1470.040782395985	22.030787115913
1	4409	1473.163051754705	47.865328041601
1	4425	1477.059486540967	7.987105478994
1	4446	1482.438336856087	23.831785712741
1	4467	1487.717750329178	51.053858759927
1	4471	1488.944743924547	35.59286746732
1	4534	1509.906838403787	46.22523827455
1	4537	1511.205422504111	31.746260126819
1	4548	1515.028639617263	40.786111200808
1	4567	1521.347278663892	36.583367851561
1	4593	1528.386503109131	38.067036933149
1	4611	1532.372907163115	13.626373851672
1	4632	1536.878368916577	23.231119228643
1	4644	1540.293466919807	38.108493680136
1	4661	1545.676743527881	16.020242562287
1	4676	1547.926823556775	7.80639883445
1	4694	1553.867412241411	57.552755645241
1	4715	1560.902460181977	26.208632511207
1	4733	1566.369109755623	14.725574587244
1	4748	1571.107826505563	63.19518923946
1	4758	1573.363832928365	49.544709921236
1	4762	1574.863515419073	28.873023098683
1	4785	1582.177097564806	24.866582545226
1	4835	1595.383660146039	27.844112154563
1	4847	1597.890994582795	35.429574801588
1	4855	1599.604126906957	21.352817094186
1	4874	1605.057696520353	21.753545901504
1	4880	1606.150290201427	32.902378490666
1	4920	1620.130228595584	26.099823412724
1	4923	1620.756360913513	31.971033664769
1	4941	1627.367282989089	22.157454364818
1	4946	1628.777008895415	1.887913508457
1	4956	1635.080079240378	35.705425126362
1	4980	1644.066820940822	33.030305013878
1	5021	1654.520636830133	22.419200824691
1	5026	1656.23529911391	39.928075408333
1	5035	1658.352950376579	15.534441558064
1	5050	1662.202317867433	40.405177573676
1	5053	1662.829377575313	14.637725246371
1	5124	1684.230437234397	46.858620613
1	5140	1688.489175629685	24.055263933375
1	5148	1690.423319380383	37.034263637732
1	5168	1696.580872315795	26.827878178444
1	5206	1706.741937698913	31.743078554864
1	5226	1711.832568088434	53.172029192213
1	5236	1713.916143419683	27.692664435828
1	5246	1718.505519059957	26.621865473227
1	5274	1725.017661433434	5.880309460451
1	5282	1727.56180625141	30.048936445381
1	5303	1736.278687850338	55.73470880091
1	5333	1747.527220878057	39.530796736251
1	5340	1749.738279129028	46.953556360559
1	5353	1754.01725504757	13.246283728629
1	5380	1764.783923785552	29.34197896847
1	5382	1765.385384479309	51.501882719578
1	5442	1780.866555341403	29.80658613669
1	5448	1782.718588641146	26.44511051988
1	5452	1783.604896680105	58.769743132057
1	5454	1783.818077978796	21.835215523489
1	5491	1795.498409973576	65.343991542585
1	5522	1804.245550786846	19.940771565307
1	5534	1807.470252972914	34.206859934959
1	5572	1820.718157887462	74.804853657262
1	5600	1828.603496962113	60.659473410691
1	5604	1829.293859637579	34.518808647992
1	5644	1839.979885824259	50.569682195549
1	5647	1840.160931341236	61.371137198177
1	5652	1841.935793399816	19.290005737918
1	5685	1850.219015573386	50.123384879669
1	5690	1851.439913240963	45.74752557953
1	5702	1854.712656616702	26.641092736274
1	5732	1862.027632726824	50.497204869054
1	5740	1864.133143931515	25.244360645885
1	5766	1870.71350870887	37.556767384288
1	5793	1876.696290809665	26.926298278851
1	5795	1876.810067220594	32.422721527517
1	5815	1882.161155108832	27.09852588433
1	5826	1886.136080981584	20.442166354624
1	5834	1888.175103037388	27.669778042473
1	5841	1890.59819253313	73.716163067495
1	5871	1900.181874068804	3.196400241344
1	5889	1905.323165825803	34.317349296762
1	5894	1906.643749803539	25.047763481736
1	5913	1914.928959501793	38.37954463542
1	5939	1926.326090500575	34.501152598183
1	5962	1934.928490811029	27.452878268902
1	5970	1936.735969711682	49.935222436561
1	5977	1939.691778160865	10.008972296259
1	6012	1948.039802812855	7.359702391899
1	6030	1953.092664920493	18.029708549381
1	6033	1953.889016403352	7.553784676828
1	6053	1960.224151776173	36.158032396576
1	6060	1962.687794107249	60.650201915999
1	6080	1969.1016009911	16.998175402175
1	6085	1970.985893486886	2.028292525213
1	6090	1973.27351086773	16.032599211437
1	6099	1977.281625157109	64.594662073653
1	6114	1983.677323619254	8.737245798926
1	6176	2004.726331092067	18.106046232975
1	6191	2008.397303656562	89.973370211551
1	6194	2009.466242196388	28.730667796102
1	6199	2010.531011070707	13.302816195761
1	6220	2016.45541140542	3.41288242524
1	6234	2020.647647402251	57.53546818602
1	6248	2024.563363314841	21.64231638331
1	6304	2040.679926897286	21.913994185279
1	6310	2042.240405672929	34.275442063808
1	6318	2044.486176134786	52.506342822452
1	6378	2063.408179904918	33.508118110359
1	6384	2065.502441888792	41.565038847852
1	6408	2070.637644354488	35.220671026966
1	6425	2074.772200331443	29.012336774379
1	6431	2076.291451481752	35.691572026928
1	6445	2080.008210954837	13.724641291304
1	6469	2089.726701829468	28.666036695823
1	6471	2089.959878653638	39.145677004357
1	6509	2103.491224423286	15.450882472332
1	6522	2107.366394547864	13.487367903233
1	6537	2111.290142339539	39.824494158033
1	6547	2114.709163549356	9.216391236288
1	6561	2120.494009542397	64.531001091119
1	6568	2122.559016693502	40.396877761116
1	6579	2127.028344720488	49.929905355792
1	6586	2128.001364928556	16.764341453674
1	6621	2141.106575467162	41.33372952673
1	6629	2143.678822960592	26.638534447531
1	6668	2154.405142027301	32.020422430358
1	6693	2160.289425886586	27.517605992617
1	6701	2162.524240502853	18.78548384318
1	6707	2165.175826076302	27.02773228183
1	6727	2171.710686085396	44.160729998606
1	6788	2192.36496848031	43.449685668341
1	6793	2193.336594878464	5.61506933719
1	6810	2198.144479788957	32.047787525576
1	6819	2199.196724526701	44.326549963212
1	6825	2201.00788587844	40.619864942972
1	6827	2201.124576930773	7.803691931419
1	6830	2201.802067362705	30.228679906346
1	6906	2226.493225411628	49.873813994811
1	6921	2229.846225583461	47.917895067717
1	6936	2234.083926398887	35.753992409559
1	6987	2248.591651830355	22.058426945935
1	6990	2248.724967238145	33.932606633637
1	7019	2257.163926614915	53.502222996205
1	7041	2263.089507719154	53.49178540113
1	7055	2266.475799614794	29.345618138553
1	7064	2269.134567949805	14.423572471948
1	7101	2279.796838806941	48.144540293607
1	7104	2280.196772718217	37.135982847886
1	7130	2287.119210510628	21.109750144996
1	7141	2289.509241902737	68.737180647908
1	7149	2292.291600875791	32.1703184573
1	7178	2300.515106704669	22.858903029586
1	7185	2303.623209400334	54.800635926424
1	7194	2306.262099570013	23.586000756944
1	7208	2311.336423208121	39.568608829402
1	7211	2312.236571138144	23.97956831509
1	7229	2318.317690137775	19.505034954057
1	7257	2327.16091964964	33.579584604244
1	7274	2332.348246688022	22.9465772619
1	7286	2336.792322028896	32.701056720692
1	7323	2351.74179698422	36.607569067622
1	7342	2358.881388203124	38.604500420508
1	7356	2363.456216409802	31.54861229728
1	7386	2371.17937031004	5.61808995821
1	7419	2381.670942395922	32.723692556375
1	7429	2383.750808965647	29.541657560505
1	7435	2386.082430441746	60.057322740438
1	7449	2390.007606764324	18.865868912545
1	7480	2400.778419871696	18.474595185019
1	7516	2411.692835755995	74.347702945699
1	7526	2416.288009877664	28.342688370845
1	7554	2425.085745468965	31.437345928976
1	7563	2427.451970260007	84.245986202615
1	7587	2435.699361749923	13.226073735858
1	7591	2436.622844912112	31.448363705074
1	7602	2441.637919045401	81.959289556019
1	7612	2445.449440740512	68.613709029507
1	7615	2447.335253424477	19.307764291065
1	7658	2462.824368416914	12.69979465718
1	7674	2466.767463594674	67.47144053923
1	7680	2468.501522705426	35.060551058037
1	7695	2472.518167542528	17.124456622407
1	7722	2480.502493992332	19.868147191476
1	7732	2483.409688642482	17.348574757111
1	7770	2493.203044238032	82.122543955686
1	7798	2499.973481852678	17.053277609754
1	7827	2506.477812791014	34.578449261844
1	7832	2507.711521247055	30.73769481655
1	7869	2520.507416263691	20.327302896188
1	7871	2520.509870181905	103.87470578833
1	7875	2522.212972218986	27.582118737163
1	7937	2542.404846204325	103.34130952262
1	7966	2551.291083572432	28.710258523235
1	7968	2551.902789167713	45.850515424626
1	7976	2553.879029066537	37.033625180603
1	8015	2564.8024528739	120.58814543346
1	8056	2574.308766644909	85.442814932666
1	8062	2576.326552209327	26.401610744068
1	8080	2579.869993962581	45.894298563712
1	8087	2581.604722246646	53.128808649375
1	8106	2586.239212320996	74.465104128346
1	8149	2597.610753822258	30.742430474494
1	8159	2598.875821429074	54.080871257933
1	8174	2603.778938480414	64.45586804882
1	8184	2605.238063412951	43.978048260091
1	8190	2606.81063395075	34.585452165804
1	8199	2609.358170035646	53.808573293152
1	8208	2611.001497637715	22.574515494287
1	8257	2624.461343599013	41.301887455625
1	8299	2634.535776157399	29.999688262819
1	8302	2634.837256792004	56.720129882687
1	8321	2639.396535210655	45.923125934432
1	8327	2640.876265438043	30.631164315624
1	8337	2644.075732213447	22.542212961475
1	8364	2653.622008202015	37.57167505205
1	8384	2658.499278984267	30.996974457521
1	8397	2661.698950698367	28.437760684638
1	8416	2666.498146969354	67.933718489477
1	8438	2672.750555105153	6.39454198826
1	8465	2679.875343805412	35.620270265964
1	8467	2680.285727339795	24.450744578845
1	8481	2684.271673738956	34.307639319681
1	8489	2688.717887066306	49.817866125144
1	8497	2691.629322612536	19.53817750315
1	8540	2705.778108068968	16.870667369564
1	8565	2713.516400638619	52.316291801049
1	8590	2722.469177428517	28.106579572778
1	8603	2725.319567130645	48.177658621919
1	8608	2727.123586596924	21.78171766084
1	8628	2731.920027063811	20.609548473848
1	8651	2737.831497233944	20.734282522347
1	8678	2746.170938291005	17.764406392934
1	8698	2752.785334388024	69.711632978168
1	8700	2753.182192652951	7.862919470295
1	8706	2756.452205016858	33.857804720638
1	8756	2777.191360389462	26.084721370947
1	8767	2779.783952059922	1.583958896575
1	8787	2785.939149504291	85.755274994295
1	8817	2794.715245881231	38.010954877009
1	8819	2795.890940160024	23.044448059052
1	8834	2799.906786434932	65.618732856003
1	8851	2806.437478849197	66.470407375832
1	8863	2809.465525778474	41.761214106109
1	8888	2817.477783442937	55.158300276842
1	8896	2820.860343019013	15.503093474778
1	8904	2823.074151002919	39.395345918719
1	8930	2833.191847799113	6.223629599437
1	8935	2834.73771697329	40.197161978806
1	8945	2837.583238567343	48.12448905979
1	8978	2848.094476991333	15.680208191275
1	8997	2853.963906242977	11.484527216059
1	9031	2865.78916687111	66.146569074249
1	9038	2867.576674896754	46.130933849137
1	9052	2870.30658184446	5.81744868483
1	9066	2875.142244184388	27.241830046985
1	9097	2885.723382397322	74.819064777577
1	9131	2894.274078604179	56.848590978999
1	9151	2898.794445809326	11.565460928598
1	9154	2899.394628263777	29.169796908041
1	9161	2902.965169669827	21.70732106245
1	9171	2905.80390399939	89.575659071445
1	9198	2917.522326361501	63.701056665388
1	9223	2928.872973524149	36.11487394606
1	9235	2933.996261911579	74.829012622005
1	9304	2954.765294421927	33.449953256171
1	9307	2955.240022049869	12.511424454744
1	9328	2961.590648195818	85.853528530681
1	9350	2966.900588347229	34.678439618438
1	9352	2966.950046704031	40.498034910644
1	9404	2984.95505626895	86.576259557152
1	9408	2985.7960597215	31.790372365969
1	9426	2993.012905106997	55.31627364445
1	9439	2997.59985642368	49.391799851785
1	9457	3006.678864056587	102.55086773901
1	9469	3010.827411541599	51.65760144696
1	9477	3013.731327085407	49.541209903661
1	9482	3016.953402705142	41.69857307861
1	9495	3020.976836650866	2.88303438155
1	9505	3024.3964706551	114.5344158163
1	9541	3039.263174345833	53.132299346033
1	9574	3047.434992247496	13.095368422103
1	9584	3050.552928166225	134.87482185987
1	9586	3050.826281536136	59.010336196746
1	9642	3068.199392931883	66.191281523669
1	9646	3069.433191702936	29.64947500499
1	9662	3074.334057447149	66.53935713798
1	9674	3078.716718545644	109.3117049369
1	9690	3082.993475816092	102.63567287719
1	9723	3094.632405773852	81.562957442946
1	9730	3095.432486693378	49.681085969323
1	9734	3097.105674499882	24.038942573361
1	9757	3103.354864443657	24.587821985132
1	9777	3108.121444368147	111.24233282857
1	9823	3120.086085767368	96.766397390862
1	9855	3128.487990987721	27.545054256682
1	9868	3131.660830074578	36.560078016137
1	9888	3135.782019988164	84.113745981356
1	9905	3140.741408414436	83.722761289676
1	9910	3141.974630349777	79.121321751497
1	9916	3143.059746752028	114.41693107877
1	9926	3145.732407034609	22.502992047694
1	9936	3147.775800369915	41.268432060722
1	9954	3152.291579352348	34.513588226287
1	9976	3158.355029650492	90.302902635412
1	10010	3167.864971015259	21.666327190939
1	10037	3175.196251618562	40.737188515603
1	10041	3176.343051644394	64.401067264029
1	10045	3177.44406506117	19.903812538137
1	10089	3191.273011799429	107.2557720039
1	10124	3200.512035757762	111.1775846919
1	10127	3200.862606528217	11.085144433426
1	10134	3203.46522060165	29.505369557884
1	10145	3205.597978865148	36.864089450683
1	10152	3207.882552082537	12.895944712103
1	10156	3208.701391284822	8.368911898929
1	10188	3218.871313711979	13.283524684492
1	10194	3220.398201791572	40.844072403387
1	10204	3223.181474289624	6.816096902359
1	10217	3227.689302173551	98.66324588341
1	10227	3231.614128462845	91.382722212573
1	10246	3236.866553703441	9.817947850913
1	10258	3241.141669017031	3.170722633833
1	10289	3251.214773021523	40.16732957901
1	10293	3252.078090131051	30.193289738382
1	10319	3260.413397097846	17.336826802116
1	10324	3262.498801466419	110.62642208986
1	10348	3273.347926686519	24.59221534268
1	10357	3276.688756313749	113.6398412563
1	10388	3291.108192978535	106.36945636395
1	10409	3298.321613319222	43.916622236839
1	10415	3300.857597005429	68.11798510199
1	10475	3320.644753697914	60.657156666626
1	10499	3328.456087106016	52.590767429084
1	10503	3329.340983949255	26.712092572941
1	10530	3336.829488696303	71.689513384135
1	10534	3337.737794470743	29.126390792198
1	10545	3340.865640425349	54.207481665528
1	10581	3350.116834393812	52.794567696626
1	10597	3354.25152951084	83.836328477605
1	10600	3354.752674499993	24.50387143786
1	10603	3355.232768815944	40.726289542858
1	10610	3356.905683035614	5.050818877875
1	10660	3372.573685413344	47.813007623073
1	10663	3373.150646215066	53.602093635352
1	10676	3376.833645037035	95.714360067744
1	10694	3381.602888756907	89.425831436188
1	10705	3385.45003785752	16.977390949614
1	10744	3400.04156262905	4.678339016507
1	10748	3400.634628546304	54.089163855294
1	10755	3401.813894590015	17.543591766501
1	10781	3410.988735687338	9.779654154204
1	10797	3415.731077942193	79.788596587381
1	10833	3425.985792374946	84.84116774868
1	10838	3427.619086928314	64.420776523295
1	10840	3428.708088041758	71.385354178498
1	10891	3440.125034254862	33.602555023624
1	10905	3443.756866792574	70.241536453721
1	10925	3448.791790850806	70.257126448321
1	10929	3450.426107378563	21.493912375184
1	10976	3466.056039812737	75.967252613504
1	10991	3470.525973747611	52.753526016264
1	11004	3474.810054009667	40.237100840431
1	11008	3476.263485114443	25.097166779103
1	11049	3489.315158267267	76.951076015823
1	11052	3489.564256566113	21.893286118051
1	11056	3490.848248148346	50.95385977417
1	11091	3501.560582746993	55.88748207363
1	11128	3511.136943330059	22.342704349197
1	11135	3513.454534002343	90.320173959941
1	11140	3515.356697939216	53.142608536052
1	11142	3515.358653670995	15.521122075036
1	11172	3525.930798607425	69.338869144917
1	11189	3531.705955625158	52.999828554567
1	11211	3536.92573308352	64.131969260176
1	11218	3537.909050388258	43.811957812163
1	11237	3542.699124879323	10.574488728657
1	11245	3544.57821382955	33.9781089623
1	11258	3548.824556374816	65.036409080851
1	11289	3559.277368717243	37.50909045606
1	11311	3565.53050872149	60.557578776039
1	11313	3566.357363094927	49.981416852097
1	11355	3579.188751609533	20.424109493615
1	11385	3588.217684926468	12.734916205517
1	11388	3588.793208130865	61.85162096796
1	11390	3588.874098615487	51.59271073993
1	11429	3598.620712532076	56.125912723242
1	11436	3600.422416838814	52.519447494758
1	11455	3606.940418100805	20.003500192777
1	11459	3608.273055281489	54.587966503339
1	11465	3609.243136011645	44.819599417616
1	11472	3612.583093966593	31.413748072226
1	11497	3624.556590161288	16.088083627166
1	11550	3642.935663902431	73.440640757087
1	11554	3644.138163322818	1.932350485585
1	11588	3655.475196308925	29.781930877361
1	11594	3658.47021593596	44.423878324216
1	11608	3662.764592286669	14.587370347466
1	11632	3669.812036327786	50.080431706968
1	11653	3676.730533280291	84.233963831904
1	11657	3678.30611875735	41.514176711556
1	11661	3679.639450445426	21.092385708472
1	11665	3680.69918480702	27.233244303614
1	11667	3680.868145886929	11.263330693707
1	11695	3691.764516306225	93.817650910579
1	11715	3700.529562694718	97.288220589743
1	11741	3709.194401382472	33.656551368535
1	11762	3717.110416430051	31.030085612321
1	11771	3718.939671797797	16.554373351973
1	11789	3725.577486372086	94.449367524586
1	11823	3736.17494031857	23.256498820613
1	11837	3741.375591913941	22.955929491903
1	11857	3748.379326284164	84.749917044999
1	11867	3752.137403206319	16.307679542222
1	11897	3764.090158063918	83.097531113072
1	11928	3774.052700224797	82.710286819139
1	11931	3774.53401813924	26.807597218429
1	11942	3777.594031341263	23.94979012979
1	11983	3790.144209368736	93.210040226924
1	12004	3795.148149707591	7.412717418513
1	12018	3799.444979204098	91.764513541243
1	12022	3801.247405406437	77.010992271706
1	12024	3801.600587108057	36.828359564182
1	12026	3801.956234501908	71.941616799912
1	12037	3805.015702939942	23.098770621579
1	12046	3808.322324754326	49.274668384462
1	12100	3823.314296762575	23.997476060057
1	12109	3826.115758053027	21.36927598831
1	12115	3826.599217011595	84.804610512684
1	12146	3837.967046559441	22.57837608701
1	12160	3842.822101037604	72.282384776627
1	12178	3847.95304175525	16.345274042456
1	12196	3853.961320490694	32.878225146209
1	12215	3862.185566545002	86.155593763571
1	12246	3873.61554955261	36.341403102389
1	12269	3880.097653064646	8.411674790316
1	12275	3882.168214962238	88.626792212366
1	12296	3888.104723657601	21.851114675752
1	12317	3897.939587570729	87.856161038391
1	12331	3904.893122422981	61.718012376226
1	12372	3918.385977271247	91.995991040485
1	12418	3933.031058430676	28.121522433824
1	12426	3935.090179354774	86.041602294546
1	12440	3937.977482087214	77.48391767824
1	12453	3940.720669278995	18.814139006542
1	12458	3942.456564126544	87.880587586439
1	12495	3952.246888790051	75.109511995689
1	12498	3953.508122283621	10.61163580406
1	12535	3965.453867648503	33.336787848271
1	12546	3970.454418702175	87.500864126375
1	12572	3979.143708530351	91.181590270251
1	12623	3992.414093028641	16.022546528722
1	12629	3993.565972276041	55.977530173496
1	12657	4003.630049265579	109.83128698182
1	12681	4009.314100790773	5.556207408663
1	12685	4010.715978659809	111.14508632792
1	12688	4011.911953933777	101.57998980582
1	12718	4021.735798564864	56.90571653692
1	12734	4025.911166361192	55.316006273152
1	12753	4030.532748997103	114.55498892872
1	12793	4042.195842268996	82.8043032306
1	12807	4045.058164948838	118.00148362364
1	12812	4046.347358638657	26.660463791107
1	12836	4052.011357026648	58.931579710221
1	12856	4057.028839258711	75.159985683856
1	12869	4059.244152272245	60.767328989347
1	12876	4061.080850515173	112.40729579248
1	12880	4062.36177111429	25.756426409468
1	12906	4068.933730587603	114.58202374028
1	12919	4071.748228559046	62.651570087303
1	12940	4077.349268235269	24.172143920324
1	12971	4085.479313858669	71.16642720543
1	12982	4088.1858560521	18.044948148662
1	13002	4093.407195939806	105.58552766603
1	13023	4098.068914016251	11.460203511878
1	13031	4101.309266713917	36.5301110812
1	13053	4108.16715616012	16.265378004878
1	13076	4118.361148776371	70.38254399446
1	13084	4120.828453555128	95.856914962994
1	13098	4126.465140168445	95.617479569397
1	13119	4133.848775522786	8.618200699565
1	13131	4138.888508763521	96.55530011014
1	13166	4150.822722628717	31.3934176825
1	13170	4151.723803098671	92.753475672687
1	13211	4165.435393779075	23.76532637514
1	13219	4167.888734806913	21.116534230181
1	13245	4176.435967942124	100.495774791
1	13248	4177.483797084428	46.39200668491
1	13264	4181.740480196084	29.087099147146
1	13304	4194.368268977156	3.722681873712
1	13321	4200.249067999196	42.590651395966
1	13323	4200.46245935618	26.608964390007
1	13336	4203.539376884355	122.18655906793
1	13352	4206.881706379592	22.17237509927
1	13376	4214.878961249256	13.361293192719
1	13380	4215.437409104786	52.491510812196
1	13419	4227.365525111214	58.973432090952
1	13428	4229.276871444314	131.53891618585
1	13436	4230.90904903005	127.60707469087
1	13464	4238.297620591826	25.827595734386
1	13499	4247.226438293823	50.824683716409
1	13508	4249.897056274004	141.55935827515
1	13516	4251.198905917471	137.18377950683
1	13524	4253.337722029423	29.698078743299
1	13559	4262.24232492049	27.711263428559
1	13588	4269.698836815079	40.332895137834
1	13590	4269.902764428643	133.3588359016
1	13607	4275.783243295624	96.129707203131
1	13610	4276.870670800221	58.621500051236
1	13624	4280.44956682402	35.530272781738
1	13669	4292.226919243584	85.377802715873
1	13680	4294.277012876706	44.008207454117
1	13709	4301.957704747444	24.354707609278
1	13737	4309.503165743787	48.615655554232
1	13739	4309.829813602038	70.214836097909
1	13741	4309.899608523823	54.265732357748
1	13753	4313.005379999646	46.255232760107
1	13769	4316.38189131744	28.286527841591
1	13771	4316.473609910578	33.751608882563
1	13786	4321.248253402306	48.893485100479
1	13799	4323.827838132971	19.357335753154
1	13809	4326.802075714811	28.040547125513
1	13816	4328.768083160866	35.435407319927
1	13834	4337.597842306835	21.466275755553
1	13851	4341.496250028141	3.473738106317
1	13871	4347.048492790089	25.508725528261
1	13882	4350.523466629564	40.08095238626
1	13912	4365.081061294537	32.388310423122
1	13935	4374.757521053548	47.880079508297
1	13946	4379.876768512073	36.112291362489
1	13978	4394.072232999727	44.811763523965
1	13986	4396.224706337554	29.757123321293
1	14010	4403.92884273664	31.583597111979
1	14053	4417.508875955132	62.310105469778
1	14067	4422.543712441463	61.482434272651
1	14074	4425.171092936073	47.295893435367
1	14079	4426.412438720117	31.997231707559
1	14104	4435.916298958007	52.449839423176
1	14133	4444.271568414758	55.171434957768
1	14160	4453.587408333554	53.303695542506
1	14162	4453.788216539895	4.351135137724
1	14164	4453.827745289773	42.488405280277
1	14172	4455.629618861828	38.769533931158
1	14197	4462.509855739195	29.435375333649
1	14226	4471.79337311501	49.639206828662
1	14235	4474.257783147627	2.94146760169
1	14252	4478.895461405631	73.471396266717
1	14265	4482.830231714997	44.503255787073
1	14268	4483.508019189237	39.721978873131
1	14293	4489.398475862573	62.197776684767
1	14335	4500.450490504507	45.394318214385
1	14370	4510.924816995284	28.932853749374
1	14375	4512.798637256728	47.238774928962
1	14388	4517.397701748883	2.781890675658
1	14398	4520.660980475016	60.604124045575
1	14406	4524.348118195084	25.348077229693
1	14427	4532.042302173792	55.565994775614
1	14429	4532.863712513583	44.96626374148
1	14432	4534.469423089639	41.329661168617
1	14462	4546.544094483027	42.412152849957
1	14477	4550.296905143778	29.907507524482
1	14480	4550.696340664875	14.587756015476
1	14491	4553.949828022739	44.658344097313
1	14495	4556.533497681728	4.360575663275
1	14530	4571.090669439295	13.556388585247
1	14539	4573.844976314696	4.993847207515
1	14555	4579.41069085571	53.873007257009
1	14592	4592.518566004704	29.399245582522
1	14611	4599.546495064404	68.619554656796
1	14617	4601.354579498296	26.698180212639
1	14640	4606.412033721226	14.622053787462
1	14656	4611.455776897728	25.512668679934
1	14660	4612.093488355637	14.738142502961
1	14672	4615.766509092539	74.172768302151
1	14709	4628.251010472308	14.500152025722
1	14737	4636.45491032326	33.638835141436
1	14746	4639.594230805768	92.639365978314
1	14758	4642.982403194421	23.640803667137
1	14793	4653.412411975328	16.962362225517
1	14825	4663.247172814689	82.785653580105
1	14841	4668.576373185034	27.037079915405
1	14850	4671.318701358523	63.318710397239
1	14879	4678.292673169521	26.321633266402
1	14900	4684.206889396077	59.326591216267
1	14918	4689.691149957597	21.460880989093
1	14941	4697.629629645613	50.834095133583
1	14947	4699.850485794023	69.007937984315
1	14998	4715.486288540649	42.12244128494
1	15000	4715.574416049883	53.207650620615
1	15024	4721.777975193575	64.602977678528
1	15047	4727.339395719707	32.197861518137
1	15082	4735.617817236463	24.928685729043
1	15098	4739.580441832194	55.624224022146
1	15106	4741.752958842091	25.175802225481
1	15111	4743.276124892058	53.810661680762
1	15123	4745.821917735276	67.163465024904
1	15147	4751.921536426409	51.33586064365
1	15171	4759.269776888899	37.098591952591
1	15188	4763.579840983854	35.746762586414
1	15190	4763.787222839431	24.658983940261
1	15205	4767.993235749074	17.686634586304
1	15207	4768.518117740991	35.134919170529
1	15209	4768.760370596779	63.100193947087
1	15231	4777.999720846417	22.332460292959
1	15254	4785.788229190398	41.407483985997
1	15270	4791.434617178167	14.237784003954
1	15282	4794.838290799405	28.329910278779
1	15311	4803.596202924618	9.730793990195
1	15347	4814.489060191322	14.999273367806
1	15355	4815.704511300084	55.032601992486
1	15363	4818.102364232066	30.185816359006
1	15383	4823.517556197943	8.476859651272
1	15422	4834.944531975555	63.340096787788
1	15432	4837.107787129821	27.133603730122
1	15437	4838.111083563069	33.140475808059
1	15448	4841.490087280168	15.831540007259
1	15459	4845.113194222802	62.82170755533
1	15462	4845.374088343352	3.322231894475
1	15487	4855.375702709082	24.246862352945
1	15490	4858.258646601469	37.872338403137
1	15512	4866.114024355548	29.081927857598
1	15532	4871.868573806953	24.607215747473
1	15570	4883.793842659683	25.393867789185
1	15575	4884.942725824664	31.772861533802
1	15580	4885.550480015694	21.867525899666
1	15621	4899.985220694799	25.46786549047
1	15625	4901.06515317841	21.033664411049
1	15668	4912.54920215183	43.063449873122
1	15704	4922.28093466384	15.17564630683
1	15706	4922.310977069429	25.698762013576
1	15721	4926.068993371331	40.580266609672
1	15748	4935.298554358074	44.190542060649
1	15777	4943.121751143714	30.794446423998
1	15784	4945.332624554402	15.391240060328
1	15786	4945.567116313615	27.375402555335
1	15842	4960.506152889577	24.928514620638
1	15845	4960.993225493002	37.000282410297
1	15861	4967.103543489708	65.368562505348
1	15868	4968.735112215748	27.659374390616
1	15885	4977.137745459919	30.427798723223
1	15918	4987.264335683549	29.557354514253
1	15926	4989.342218395791	10.197542147944
1	15956	4998.023820178237	13.871525678202
1	15961	4999.299949472543	46.8373679393
1	15982	5005.314078605737	4.398088980699
1	15994	5008.333072674932	45.585670750591
1	16014	5014.322491856296	46.17095439369
1	16034	5021.401978448385	14.970437518437
1	16036	5022.259819106435	32.153938160511
1	16045	5024.187417379585	50.372800015148
1	16092	5038.168180730429	26.257241965737
1	16106	5042.023496007783	24.187164752279
1	16108	5042.546238746846	47.060674484237
1	16143	5054.743340967925	9.347514880588
1	16148	5055.752734020121	26.733468962133
1	16156	5059.012165958531	35.910496969009
1	16172	5065.344022234322	30.782844395958
1	16185	5069.067612095973	2.345071153017
1	16219	5081.092724479736	41.13232890656
1	16234	5085.210355468447	34.430574231431
1	16243	5087.944734550665	26.283602824316
1	16260	5091.841594422939	19.152265296784
1	16279	5095.94620350632	17.295990017473
1	16283	5097.265122702583	7.77127549681
1	16310	5106.467205473224	50.608709659891
1	16321	5111.948813200933	28.019011515194
1	16338	5118.47162856651	17.508720583283
1	16340	5119.074516937607	23.64833654184
1	16349	5122.442333165212	15.716591217207
1	16353	5123.685586937708	11.381855204702
1	16375	5135.925238453904	8.098624935025
1	16378	5137.113082680971	19.701751992688
1	16387	5140.583315902277	18.154466515523
1	16397	5145.654086955945	12.343123375556
1	16404	5149.397008746284	5.086114472127
1	16424	5158.469547341815	8.688631291036
1	16426	5158.544858654269	19.917460601779
1	16447	5166.780298452828	11.275859024375
1	16450	5168.0620080384	1.485510181402
1	16471	5181.016142339681	19.757091121746
1	16497	5193.600165482033	15.962465882883
1	16507	5196.546275327801	1.972873954218
1	16539	5209.792972579602	21.06538552232
1	16541	5210.366773284391	38.544792166791
1	16550	5212.534250426224	29.27421549556
1	16584	5223.615325679076	12.949410792673
1	16600	5229.066728123234	29.099691116948
1	16628	5237.947969569363	32.28972769156
1	16630	5238.06329421583	22.394461457849
1	16636	5240.252663427152	2.91608972044
1	16654	5246.376203218247	25.37973993062
1	16686	5256.28946736374	8.185002514278
1	16694	5258.926046812913	16.277552989778
1	16708	5263.623209472867	36.911893801647
1	16710	5264.674419008899	32.543045047671
1	16720	5268.260569808776	14.708696134388
1	16751	5279.673173475433	9.1120302208
1	16757	5280.992700007514	15.897213288581
1	16779	5291.315541379391	31.773705976317
1	16801	5298.788635160894	23.116710334433
1	16827	5306.693753888369	20.331846488406
1	16858	5314.612090749903	33.649572434834
1	16878	5320.665313848881	23.507427521631
1	16885	5323.185882953467	31.435624405975
1	16911	5331.09773126117	28.562966455589
1	16918	5333.245011341996	13.498645787826
1	16941	5341.701159254888	33.309864564801
1	16979	5351.708152557493	20.788076529044
1	16995	5355.409403260451	7.646575076852
1	17025	5365.2630557149	29.028467684635
1	17028	5365.752128171627	51.987777473758
1	17045	5370.968170127021	29.127631908631
1	17064	5375.714814301003	5.845860311178
1	17091	5384.530629367342	59.585073919736
1	17094	5385.563704075762	26.398536196675
1	17117	5394.058041133457	40.544789808801
1	17148	5404.853867675416	29.473718831315
1	17163	5411.039969461045	18.718735657167
1	17167	5412.303841846186	14.275591081357
1	17170	5413.032142734161	9.732000836404
1	17201	5422.022102536059	57.783641001094
1	17217	5426.563211323817	17.400378467633
1	17231	5432.049324110275	50.923157597778
1	17248	5437.400303157637	50.722491357362
1	17256	5442.131245644417	27.447738627086
1	17283	5452.946360129053	4.833128614933
1	17298	5457.52562509792	27.011422280805
1	17321	5463.41477280879	4.187799568754
1	17332	5466.357101268025	29.863944033745
1	17354	5471.180683786171	17.254100438324
1	17364	5475.063810969704	55.198530945457
1	17411	5489.75504078216	24.822635267745
1	17422	5492.645861181672	50.322171246404
1	17468	5508.610525126803	83.70124975219
1	17482	5514.210830921314	44.016705787044
1	17493	5519.59438072681	38.49756984436
1	17501	5522.598621823128	36.120667519278
1	17529	5533.2954821263	30.071389119838
1	17542	5537.372575858382	44.905436856908
1	17547	5539.130654670888	63.160992709108
1	17560	5545.037079465582	47.197650380202
1	17565	5549.969113224187	41.587675747226

