version 3
run General-11-20240430-20:30:43-5481
attr configname General
attr datetime 20240430-20:30:43
attr datetimef 20240430-203043
attr experiment General
attr inifile omnetpp.ini
attr iterationvars $0=false
attr iterationvarsd false
attr iterationvarsf false-
attr measurement $0=false
attr network Supermarket
attr processid 5481
attr repetition 1
attr replication #1
attr resultdir results
attr runnumber 11
attr seedset 11
config network Supermarket
config repeat 10
config num-rngs 10
config **.use_random_strategy false

vector 0 Supermarket queueSizeOverTime:vector ETV
attr recordingmode vector
attr source updateQueue
attr title queueSizeOverTime
vector 1 Supermarket customerWaitingTime:vector ETV
attr interpolationmode none
attr recordingmode vector
attr source customerFinished
attr title "cust waiting time"
0	7	5.196092311759	1
0	9	8.036656238023	0
0	13	11.008945581736	1
0	20	16.384534564335	1
0	32	22.238867220003	1
0	45	27.395622238982	1
0	57	31.33140305709	0
0	65	33.043648668564	1
0	79	37.562801074004	0
0	86	38.680871608899	1
0	87	38.871068766457	0
0	103	43.761611651164	0
0	108	44.193815211997	1
0	112	45.815397451864	0
0	114	46.348344945697	0
0	121	49.279991546644	1
0	127	52.455013578872	0
0	133	54.6674600034	1
0	144	59.957903656641	1
0	159	65.093304722102	1
0	167	68.120042242691	0
0	178	70.506136604583	1
0	183	72.093450902493	0
0	198	75.998727507422	1
0	199	76.776952898826	0
0	201	77.361352821926	0
0	208	79.918409174889	0
0	213	81.020125085254	1
0	223	86.346235655247	1
0	226	87.686997353564	0
0	237	91.753902015508	1
0	250	96.809172311098	1
0	263	100.645926312424	0
0	272	102.629947392734	1
0	278	104.28474713594	0
0	288	107.387674514086	0
0	292	107.94674158003	1
0	293	109.032268238369	0
0	296	109.312696716513	0
0	302	113.238135055171	1
0	315	119.188183844553	1
0	316	119.630232544032	0
0	330	125.106684552736	1
0	345	130.688113317822	1
0	360	135.738334210005	0
0	364	136.434489699311	1
0	379	141.137891873248	0
0	384	141.723567357052	1
0	399	146.338340610962	0
0	405	147.484840285497	1
0	411	149.810339864924	0
0	425	153.02507325867	1
0	428	154.282250186892	0
0	430	154.643584913804	0
0	441	158.410688678266	1
0	443	158.768953833495	0
0	454	164.054762762736	1
0	470	169.226431582121	1
0	491	174.935617224311	2
0	500	177.855191083507	1
0	511	179.975833369417	2
0	525	183.765061126206	0
0	527	184.024635483625	0
0	533	185.575758619698	1
0	543	190.009255872104	0
0	549	190.779104797634	1
0	564	196.028044570935	1
0	575	199.266693748764	1
0	578	199.834140786783	0
0	586	201.427153436233	1
0	599	205.612005506175	0
0	608	207.141013772226	1
0	624	211.830140447244	0
0	630	212.933455858379	1
0	638	215.148689282358	0
0	649	218.828327504452	1
0	665	223.649764817208	0
0	670	224.048877056455	1
0	689	229.061850426486	2
0	700	232.337347757305	0
0	710	234.822671258124	1
0	718	237.824131315572	0
0	724	239.441260703491	1
0	728	240.005333417561	1
0	749	245.798888190417	2
0	769	251.749640720431	2
0	778	254.426057162347	0
0	787	256.75352452416	1
0	791	258.295347739478	1
0	800	260.747754052515	0
0	809	262.651807290037	1
0	810	262.909205539618	0
0	814	264.388119374869	0
0	817	265.879083601991	1
0	825	268.538206416416	1
0	836	272.831953226821	0
0	843	274.525146654342	1
0	852	278.956583449501	0
0	859	280.384017956444	1
0	875	285.67422522069	1
0	887	289.471180196153	0
0	896	291.566880531144	1
0	912	296.227005910129	0
0	918	297.053847114789	1
0	929	300.521877540513	0
0	938	302.545245994814	1
0	958	308.451430319576	2
0	960	309.213511651615	0
0	969	311.754822949415	0
0	978	314.22450824501	1
0	995	319.886237567756	1
0	1012	325.067987621297	0
0	1016	325.286980210337	1
0	1017	325.292605671798	0
0	1031	331.025742087395	0
0	1035	331.125630265799	1
0	1046	335.289250760805	1
0	1052	336.530838530044	1
0	1061	339.340998077997	0
0	1068	341.59751755814	1
0	1075	342.854288173954	0
0	1085	345.654576185508	0
0	1091	347.231904425192	1
0	1101	351.474127631865	0
0	1107	352.401836918434	1
0	1117	356.372091127092	0
0	1125	358.281393029028	1
0	1128	359.591261166263	0
0	1138	363.50869884598	1
0	1151	368.590627479832	1
0	1159	371.192204732448	0
0	1170	374.147134257014	1
0	1190	379.998285702196	2
0	1194	380.487036157397	1
0	1209	385.045623466372	2
0	1219	388.407308368593	0
0	1225	390.484654951842	0
0	1230	390.740586444735	1
0	1246	396.252354486612	1
0	1249	396.94879647286	0
0	1263	401.303175205597	1
0	1273	404.80695723288	1
0	1283	407.010368681512	2
0	1288	408.97145906405	0
0	1302	412.924628193722	1
0	1322	418.620672390097	2
0	1331	421.584830315083	0
0	1342	424.468383993953	1
0	1353	427.533171711725	0
0	1356	427.86682145111	1
0	1363	429.730497886193	1
0	1374	433.119558156117	0
0	1377	433.765429512943	0
0	1383	435.189134714426	1
0	1384	435.348646383966	1
0	1397	440.469622490345	0
0	1401	440.702330398606	1
0	1416	445.762449902715	1
0	1420	447.068322051783	0
0	1424	447.980335456436	0
0	1432	450.869046211243	1
0	1438	453.365186365086	0
0	1446	456.336972967722	1
0	1453	458.9662948529	0
0	1461	462.268287744374	1
0	1475	467.579118175666	1
0	1489	471.63761113165	0
0	1492	472.189096101793	0
0	1497	473.532974942821	1
0	1499	474.435950199958	0
0	1503	475.864452932613	0
0	1509	479.014376183274	1
0	1510	479.362525001986	0
0	1520	484.719437304419	1
0	1524	487.158117814223	0
0	1532	490.717943568016	1
0	1543	496.698334670859	1
0	1547	498.856686743559	0
0	1559	501.789494619007	1
0	1574	507.564747849713	1
0	1595	512.902993206634	2
0	1599	514.226010989516	0
0	1603	515.398392001048	0
0	1612	518.698470911245	1
0	1627	524.64298058278	1
0	1632	526.439402952558	1
0	1640	527.889642741066	0
0	1649	530.035406061449	1
0	1650	531.03176005534	0
0	1668	535.837839646033	1
0	1670	536.438908954152	0
0	1686	541.059331705795	1
0	1706	546.570958243917	2
0	1722	552.318101604005	0
0	1727	552.433637766169	1
0	1730	553.678459392629	0
0	1733	554.386850273119	1
0	1745	557.461714437	1
0	1761	562.063691310237	0
0	1767	563.161390237046	1
0	1776	565.385470066568	0
0	1788	568.907534982545	1
0	1790	568.989285279186	0
0	1807	574.369214828128	1
0	1828	579.937951292612	2
0	1830	580.028925110122	0
0	1836	581.899507645169	1
0	1840	583.376139399481	0
0	1846	584.994101546474	1
0	1847	585.13446653646	0
0	1860	590.260728639553	1
0	1864	591.427103322467	0
0	1876	595.936507781039	1
0	1892	601.627605312507	1
0	1895	602.562964200625	0
0	1905	606.536437716687	0
0	1911	607.310821912953	1
0	1919	611.159013056315	0
0	1925	612.397049803988	1
0	1935	616.905000964995	0
0	1941	618.107823950008	1
0	1947	620.707211742413	0
0	1956	623.435066032226	1
0	1972	629.418142651909	1
0	1973	629.724382175835	0
0	1983	632.659526191538	0
0	1990	635.19859220763	1
0	1999	638.783024547042	0
0	2005	640.612329544968	1
0	2021	645.69198293146	1
0	2030	648.645475705737	0
0	2041	651.267730550377	1
0	2064	657.207692421276	2
0	2067	657.810792124946	0
0	2081	662.569149427816	1
0	2097	667.692448509044	1
0	2103	668.03990960424	2
0	2123	673.325974578971	2
0	2134	676.350815217713	0
0	2140	678.242324863095	1
0	2144	678.435699041702	1
0	2153	681.312228356604	0
0	2164	683.539142759053	1
0	2173	686.657190102154	0
0	2180	688.315292887392	0
0	2185	688.788437224926	1
0	2197	694.176757356737	1
0	2201	694.320314333077	1
0	2213	698.162410317457	0
0	2217	699.397384431913	1
0	2239	705.266040767777	2
0	2247	708.297466807768	0
0	2254	710.630087851316	1
0	2259	711.211190664909	1
0	2274	716.107319140111	0
0	2278	716.507126824931	1
0	2279	716.637454767248	0
0	2284	717.808752771467	0
0	2287	718.9494041187	0
0	2292	721.509032542352	1
0	2303	727.42864711117	1
0	2312	731.433472651057	0
0	2318	732.890703600133	1
0	2332	738.315992379328	1
0	2336	739.172879541177	0
0	2353	744.053683351958	1
0	2360	746.267001734	0
0	2371	749.359508530237	1
0	2383	752.749580291216	0
0	2387	754.147972658044	0
0	2391	754.379306146177	1
0	2404	758.559889167782	0
0	2407	759.974088174409	0
0	2411	760.261960378616	1
0	2415	763.231983501	0
0	2419	765.284329891089	0
0	2423	765.411326505245	1
0	2429	770.791605329142	1
0	2437	774.745169537493	0
0	2440	775.699134973112	0
0	2444	776.651890432929	1
0	2446	779.653993217974	0
0	2450	781.677694104147	1
0	2458	787.166244192748	1
0	2467	792.454709250481	1
0	2477	796.400052022306	0
0	2483	798.277821172496	1
0	2484	799.012676375802	0
0	2490	800.914668707176	0
0	2496	804.151239411674	1
0	2509	809.159793481931	1
0	2513	810.854278093905	0
0	2517	811.528185383185	0
0	2520	813.768110121952	0
0	2524	814.734161803966	1
0	2526	816.866889026018	0
0	2530	820.440513280222	1
0	2537	826.182478158038	1
0	2549	831.835448344473	1
0	2563	837.332411012382	1
0	2568	838.187910925483	0
0	2580	841.807815076318	0
0	2585	842.423547881658	1
0	2597	847.597749069453	0
0	2602	848.161919788693	1
0	2604	848.526217324895	0
0	2617	853.765005857919	1
0	2620	854.327935661771	0
0	2632	859.41781596048	1
0	2635	860.731654537264	0
0	2646	865.031502801927	1
0	2661	869.941243987183	0
0	2665	870.103451669451	1
0	2672	873.611634217786	0
0	2679	876.01995201572	1
0	2687	879.510803092157	0
0	2695	881.955272449182	1
0	2712	887.453093216989	1
0	2733	893.349585473772	2
0	2740	895.143292519033	1
0	2742	895.566665804017	0
0	2744	896.409839906732	0
0	2751	898.519958119143	1
0	2759	901.945280981717	0
0	2767	904.30699125468	1
0	2782	909.603370365689	1
0	2793	913.07202176459	0
0	2801	915.329304235524	1
0	2803	916.287965314113	0
0	2820	920.535402697048	1
0	2821	920.697940747024	0
0	2839	925.955523816173	1
0	2852	930.00125503284	0
0	2855	930.995809412448	0
0	2861	931.516941226789	1
0	2867	934.686531097863	0
0	2875	936.874302251966	1
0	2881	939.281161609807	0
0	2889	942.135629408996	1
0	2907	947.686937510272	1
0	2931	953.54698090535	2
0	2934	954.365153729685	0
0	2946	958.101735351842	0
0	2950	958.583993279844	1
0	2955	960.986330760761	1
0	2959	962.05478785129	0
0	2966	963.893331533767	1
0	2982	969.640446971407	1
0	3002	975.532108011892	2
0	3014	978.41804227559	0
0	3025	981.393412955342	1
0	3042	986.838473801039	2
0	3046	987.714242610965	1
0	3051	989.189171244044	1
0	3055	990.232140147014	0
0	3064	991.915696059124	1
0	3075	995.872575334161	0
0	3081	997.471092238325	0
0	3085	997.520421302182	1
0	3086	997.790175815931	0
0	3099	1003.518319662663	1
0	3108	1006.500583732621	0
0	3117	1008.947949358265	1
0	3132	1014.738465723119	1
0	3149	1019.890863576674	2
0	3150	1019.985811431548	0
0	3152	1020.077234792758	1
0	3167	1025.211646370127	1
0	3181	1029.388549896775	0
0	3187	1030.268532281977	1
0	3193	1031.954829277474	0
0	3205	1036.193464348095	1
0	3215	1038.790175204285	0
0	3217	1039.441888166943	0
0	3225	1041.244038626088	1
0	3232	1044.884937986501	0
0	3240	1046.890027062271	1
0	3255	1052.079486627599	1
0	3266	1055.532514543273	0
0	3274	1057.560019731058	1
0	3292	1063.082854367795	2
0	3312	1068.864461571446	2
0	3326	1073.22349546652	0
0	3334	1074.777256662494	1
0	3340	1076.933537397186	1
0	3352	1079.966894351414	2
0	3359	1082.069915596747	0
0	3372	1085.685928809925	1
0	3390	1091.083880129391	1
0	3396	1091.500945639799	2
0	3417	1097.375870991501	2
0	3420	1098.39509713324	0
0	3423	1098.681149180052	1
0	3427	1099.98843600345	1
0	3438	1102.995568419577	1
0	3449	1106.920555801713	1
0	3458	1108.50167330704	2
0	3469	1112.111978885951	0
0	3477	1114.26730270428	1
0	3482	1116.254976055935	1
0	3497	1119.965086480606	2
0	3520	1125.544797719692	2
0	3522	1126.268265042341	0
0	3537	1130.969599954088	1
0	3538	1131.457098292889	1
0	3556	1136.186818616234	2
0	3563	1138.109789876152	1
0	3576	1141.794316783549	2
0	3582	1143.746380506783	1
0	3594	1147.222912814007	0
0	3598	1147.388819130372	1
0	3614	1152.462739708835	2
0	3633	1157.49334262754	2
0	3644	1160.776682375466	1
0	3651	1162.077719047667	1
0	3653	1162.612967191385	1
0	3657	1162.797670106172	2
0	3658	1163.429929904642	0
0	3668	1167.09216171154	0
0	3670	1167.570885546161	0
0	3676	1168.520545294742	1
0	3687	1174.24698978942	1
0	3700	1179.618066284341	1
0	3722	1185.055211755914	2
0	3737	1189.499452385354	1
0	3746	1190.779760133709	2
0	3750	1192.039711003891	0
0	3767	1195.981041153894	1
0	3772	1197.532819111948	1
0	3779	1199.185141022783	0
0	3787	1201.700188310585	1
0	3796	1204.03761609411	0
0	3799	1204.457845925588	0
0	3808	1206.806605022867	1
0	3814	1210.506995186559	0
0	3821	1212.03846598696	1
0	3826	1214.233424393926	0
0	3834	1217.092022515135	1
0	3840	1218.775197372655	1
0	3853	1222.498894228134	1
0	3855	1223.428287644056	0
0	3868	1227.891743809217	1
0	3877	1230.913188658305	0
0	3881	1231.762680391315	0
0	3887	1232.973793892422	1
0	3895	1236.146749571897	0
0	3904	1238.631151614244	1
0	3905	1239.239738600909	0
0	3909	1240.49817788077	0
0	3915	1243.788375412579	1
0	3927	1249.785871977219	1
0	3933	1252.16218734486	0
0	3943	1255.425851137843	1
0	3949	1257.967591036226	0
0	3959	1261.31242707721	1
0	3974	1266.719252136071	1
0	3986	1271.2764248827	0
0	3990	1271.721541720676	1
0	3993	1272.326731028967	0
0	4000	1274.165572904168	0
0	4008	1277.665382890031	1
0	4024	1283.161263181828	1
0	4029	1284.511570093106	0
0	4033	1285.730494663702	0
0	4042	1288.297512822785	1
0	4053	1293.184383820278	0
0	4059	1294.041367256083	1
0	4075	1299.774741537171	1
0	4080	1300.916360905276	0
0	4089	1304.549494208651	0
0	4095	1305.466328605312	1
0	4111	1311.364002890187	1
0	4118	1314.076153371136	0
0	4129	1316.526086015395	1
0	4151	1321.895224331414	2
0	4154	1322.93079073902	1
0	4166	1326.063021344134	0
0	4169	1326.953799534007	0
0	4175	1327.727087568493	1
0	4185	1332.695886750008	0
0	4189	1333.207091825084	1
0	4200	1338.312197313878	0
0	4206	1338.973372614012	1
0	4218	1343.814263320993	0
0	4224	1344.924832006684	1
0	4239	1350.312290679198	1
0	4248	1352.942193683123	0
0	4250	1353.073025028572	0
0	4259	1355.584558318369	1
0	4274	1361.196106111398	1
0	4293	1366.787396569504	2
0	4297	1367.941263571615	0
0	4302	1370.198774610296	1
0	4310	1372.154208129971	1
0	4332	1377.989070255543	2
0	4333	1378.524705553659	0
0	4348	1383.267954413314	1
0	4349	1383.487493523049	0
0	4361	1388.076952295959	1
0	4365	1388.314447686077	1
0	4368	1388.959280427661	0
0	4371	1390.014949680889	0
0	4382	1393.734629668762	1
0	4397	1398.928399188911	1
0	4405	1400.935040366371	0
0	4414	1403.547081273167	0
0	4419	1404.305209748448	1
0	4420	1404.392234297354	0
0	4434	1410.240893837066	1
0	4445	1414.087720717536	0
0	4453	1415.907833568288	1
0	4456	1417.682792969981	0
0	4465	1421.040777243443	1
0	4468	1422.276708986611	0
0	4473	1424.723743583193	0
0	4478	1426.542077983033	1
0	4490	1432.456922939282	1
0	4493	1433.260989903591	0
0	4503	1438.1558133245	1
0	4518	1443.749573157171	1
0	4531	1447.690263440371	0
0	4540	1449.524288469695	1
0	4559	1454.726193321173	2
0	4573	1459.214845462704	0
0	4579	1460.118079784096	1
0	4585	1461.582789703273	0
0	4598	1466.103754764193	1
0	4602	1467.445244823003	0
0	4611	1470.730578565159	1
0	4618	1471.592270341472	1
0	4631	1475.886433664828	0
0	4637	1477.27020885167	1
0	4656	1482.378814270956	2
0	4675	1487.853243801048	2
0	4680	1489.038035862734	1
0	4692	1491.89714849403	0
0	4698	1493.646258581666	1
0	4699	1493.649547077252	0
0	4709	1496.481415434975	1
0	4720	1499.390311436498	1
0	4743	1505.297419264683	2
0	4749	1507.283961804003	1
0	4752	1507.905088785574	0
0	4762	1510.382180877266	1
0	4779	1514.896213347329	0
0	4785	1515.871284079043	1
0	4792	1518.353025444319	0
0	4799	1520.805083881252	0
0	4805	1521.865589187251	1
0	4806	1522.38209323376	0
0	4810	1523.52085080359	0
0	4816	1527.177164709897	0
0	4820	1527.611180226089	1
0	4828	1533.500876649286	1
0	4832	1536.417152017242	0
0	4837	1538.628766317622	1
0	4841	1540.276145049956	0
0	4848	1544.056318767372	1
0	4857	1549.274469960717	1
0	4872	1555.036646660421	1
0	4876	1556.24321838853	0
0	4892	1560.6522773332	1
0	4894	1560.940719520908	0
0	4914	1566.610310653228	1
0	4916	1567.706105051218	0
0	4931	1572.094174118949	1
0	4955	1577.184954991335	2
0	4963	1579.783884333217	0
0	4965	1579.81360703218	1
0	4974	1582.722424416108	1
0	4990	1587.14294342441	0
0	4996	1587.754789553586	1
0	5000	1589.135493257205	0
0	5012	1592.938570935747	0
0	5017	1593.628538587134	1
0	5026	1596.709597784331	0
0	5028	1596.822354574691	0
0	5034	1599.361404811501	1
0	5039	1603.211302346553	0
0	5045	1605.009312497455	1
0	5057	1610.696378223135	1
0	5069	1615.578985428209	0
0	5075	1616.531199427324	1
0	5084	1620.258456095707	0
0	5091	1622.460782103243	1
0	5099	1624.397062879525	0
0	5109	1628.027329228355	1
0	5125	1633.806943061065	1
0	5128	1634.540556482623	0
0	5135	1637.072425491876	0
0	5142	1639.132110089298	1
0	5156	1644.177707017401	1
0	5163	1646.299843502118	0
0	5173	1649.853962450057	1
0	5186	1653.689334575787	0
0	5193	1655.104089976523	1
0	5211	1660.313040547075	2
0	5215	1661.359466896161	0
0	5226	1665.05234227225	0
0	5231	1665.630645631116	1
0	5234	1666.684711677607	0
0	5246	1671.532543995187	1
0	5248	1672.407384881054	0
0	5259	1677.024882963861	1
0	5278	1682.763107065114	1
0	5286	1685.585472058388	1
0	5291	1686.464540968765	0
0	5300	1688.02903957153	1
0	5309	1690.755117731172	0
0	5319	1693.55343496823	1
0	5324	1695.41678888409	0
0	5338	1699.433231352365	1
0	5339	1700.486372415794	0
0	5353	1705.048657857815	1
0	5359	1706.562295482845	0
0	5366	1709.388740801837	0
0	5371	1710.385568290951	1
0	5379	1713.768366731124	0
0	5385	1715.582201247106	1
0	5400	1720.854787834457	1
0	5418	1725.747246095564	0
0	5420	1725.87974167464	0
0	5422	1726.224678766101	0
0	5426	1726.429444566139	1
0	5440	1732.315779707164	1
0	5456	1738.198705063902	1
0	5471	1742.539124123056	0
0	5477	1743.409937888386	1
0	5496	1749.064657980578	2
0	5498	1749.775560389623	0
0	5500	1750.031366596466	0
0	5510	1754.473444257632	1
0	5524	1759.844892255965	1
0	5528	1760.211784247311	1
0	5530	1760.411251807355	0
0	5545	1765.446106147489	1
0	5552	1767.653868315278	0
0	5566	1770.817602689846	1
0	5584	1776.075869266645	2
0	5585	1776.467330013171	0
0	5602	1781.64937288198	1
0	5603	1782.264419045534	0
0	5605	1782.539970513435	0
0	5610	1784.20593637857	0
0	5616	1787.548316632401	1
0	5617	1787.6644114143	1
0	5627	1792.962737674596	1
0	5642	1798.315118979899	1
0	5663	1803.952547987228	2
0	5673	1806.516867018424	0
0	5677	1806.992612164468	1
0	5680	1807.957940165425	0
0	5686	1809.072978007145	1
0	5687	1809.468720718874	0
0	5697	1814.182072368221	1
0	5712	1819.353939182827	1
0	5730	1824.3654104122	2
0	5750	1830.229451457042	2
0	5753	1831.058481365791	1
0	5759	1832.94394176768	1
0	5774	1835.847322716847	2
0	5776	1836.676786817964	0
0	5786	1840.556782333417	0
0	5790	1841.554322942397	1
0	5802	1846.160957773104	0
0	5808	1846.897516912319	1
0	5821	1852.27627170389	1
0	5834	1856.962079119634	1
0	5840	1857.667586792963	2
0	5863	1863.328043678081	2
0	5883	1868.537300388099	0
0	5888	1869.044931444809	1
0	5890	1869.641693269256	0
0	5904	1874.779368748077	1
0	5908	1875.044219235893	1
0	5932	1880.853688006293	2
0	5944	1884.008378774973	1
0	5956	1886.77382016811	2
0	5960	1887.760372243361	1
0	5962	1887.901527180923	0
0	5966	1888.90544407861	1
0	5973	1891.389874597784	0
0	5978	1891.894928232305	1
0	5981	1893.543799288459	0
0	5986	1895.706421740698	0
0	5992	1897.743289669747	1
0	6001	1902.752872620713	1
0	6014	1907.753296559913	1
0	6035	1913.582091855355	2
0	6057	1919.42540229252	2
0	6061	1920.589182220869	0
0	6074	1924.571494209817	1
0	6078	1926.10254834814	1
0	6080	1926.330530839279	1
0	6096	1930.301800322024	2
0	6097	1930.328618339384	0
0	6114	1935.568820998775	1
0	6116	1935.635629951957	0
0	6132	1941.239029443827	1
0	6134	1941.473200682438	0
0	6148	1946.777240317205	0
0	6152	1946.974469680576	1
0	6159	1950.165093376654	1
0	6168	1952.968339914926	1
0	6189	1958.269436991545	2
0	6195	1959.902603240106	0
0	6205	1963.55966787483	1
0	6206	1964.35228426522	0
0	6223	1968.696452425564	1
0	6238	1973.242294206868	0
0	6242	1973.73867448769	1
0	6247	1974.844160275305	0
0	6253	1976.756153890983	1
0	6262	1978.992595581575	1
0	6281	1984.195453088502	2
0	6289	1986.334018311817	0
0	6291	1986.843128924612	0
0	6300	1990.082458856054	1
0	6315	1995.179092225856	1
0	6336	2000.614676377275	2
0	6339	2001.090481185708	1
0	6344	2002.545310531398	1
0	6352	2004.137197939218	0
0	6354	2004.756126750615	0
0	6361	2006.506748289806	1
0	6367	2009.449913486959	0
0	6374	2012.306279325397	1
0	6380	2014.967726989071	0
0	6385	2017.868445984908	0
0	6389	2018.151004283694	1
0	6394	2022.386240706086	0
0	6399	2024.013834813615	1
0	6409	2029.31667061267	1
0	6420	2033.778905938268	0
0	6422	2033.947935526265	0
0	6427	2035.225699430802	1
0	6437	2040.501876802188	1
0	6453	2046.471325927185	1
0	6475	2052.288568186345	2
0	6491	2056.73756528716	0
0	6498	2057.751768261664	1
0	6499	2058.38850717503	1
0	6502	2058.875451617648	0
0	6516	2063.170902719027	1
0	6536	2068.636578978044	2
0	6553	2073.917582478146	2
0	6557	2074.98687767331	1
0	6559	2075.059777428051	1
0	6570	2078.969085469613	0
0	6575	2079.131959526339	1
0	6584	2081.720591836265	0
0	6598	2084.911127379868	1
0	6615	2090.177738349652	0
0	6622	2090.648814274935	1
0	6641	2095.740600598982	2
0	6646	2097.077431247226	0
0	6650	2097.709667706284	1
0	6660	2100.833079495939	1
0	6667	2102.951880599728	0
0	6673	2105.422730954371	0
0	6679	2106.12364725094	1
0	6680	2106.624305059904	0
0	6692	2111.132171747514	1
0	6707	2116.315546037869	1
0	6708	2116.677287411296	0
0	6724	2121.702863859252	1
0	6744	2127.012970549294	2
0	6753	2129.748344689266	0
0	6757	2131.505385478846	0
0	6764	2132.789884374484	1
0	6779	2138.072231404258	1
0	6780	2138.239883395151	1
0	6783	2138.789486877746	0
0	6797	2143.141616549816	1
0	6800	2143.514970155324	0
0	6816	2148.799197147841	1
0	6822	2150.511162665678	0
0	6825	2150.850361340804	0
0	6834	2154.536424355589	1
0	6838	2156.129897668033	0
0	6848	2160.522354325287	1
0	6853	2162.465545631138	0
0	6861	2165.564750273487	1
0	6868	2168.840567415821	0
0	6877	2170.736749548706	1
0	6895	2176.613000639024	1
0	6901	2178.056074541303	0
0	6916	2182.423887685182	1
0	6923	2184.49595763768	0
0	6936	2188.096523638357	1
0	6937	2188.177002629621	0
0	6946	2192.050048321959	0
0	6952	2193.239178601428	1
0	6959	2195.846068147928	0
0	6968	2198.894322216054	1
0	6969	2199.376767717192	0
0	6983	2204.765459297234	1
0	6990	2207.740291579052	0
0	6997	2209.826911930935	1
0	7005	2212.512642740748	0
0	7008	2213.355585881401	0
0	7013	2215.363416679445	1
0	7024	2221.028544956594	1
0	7039	2226.900721483872	1
0	7060	2232.814470791499	2
0	7063	2234.127197800096	1
0	7067	2234.703351162034	0
0	7076	2237.832504382831	1
0	7079	2238.818346159658	0
0	7092	2243.1034416915	1
0	7113	2248.734929661042	2
0	7126	2252.533469018185	0
0	7132	2253.842163985836	1
0	7133	2253.889893871157	1
0	7137	2254.832253952286	0
0	7152	2259.139144182446	1
0	7155	2260.108719589545	0
0	7169	2264.444278912161	1
0	7179	2267.63958830655	0
0	7187	2269.611542951556	1
0	7189	2270.475352986957	0
0	7206	2275.44923602511	1
0	7225	2280.952292677721	2
0	7243	2286.453993348645	2
0	7254	2289.433978893801	0
0	7263	2292.20495955251	1
0	7272	2294.69340417337	1
0	7287	2298.074362903375	2
0	7293	2299.714939926525	1
0	7302	2301.526995630361	0
0	7310	2303.096908975167	1
0	7325	2307.714431162931	0
0	7329	2308.222977196339	1
0	7333	2309.153685770354	0
0	7348	2313.859850959626	1
0	7365	2318.868338619602	1
0	7372	2319.842958856846	2
0	7387	2323.86073811574	0
0	7390	2324.534774737555	0
0	7393	2325.609206425148	0
0	7397	2325.759252807597	1
0	7403	2328.941487580897	1
0	7406	2329.749065107672	0
0	7412	2331.592392125406	1
0	7424	2336.937605696271	1
0	7426	2337.632395434087	0
0	7428	2338.120265038573	0
0	7435	2342.792714779039	1
0	7440	2345.495674339711	0
0	7446	2348.56252330356	1
0	7458	2353.684993580223	1
0	7467	2356.962282734815	0
0	7474	2359.520587318816	1
0	7489	2364.858586133697	1
0	7496	2366.729493292287	0
0	7498	2366.822190547019	0
0	7509	2370.621850805596	1
0	7524	2376.507345273166	1
0	7531	2378.790461744187	0
0	7546	2382.443352046895	1
0	7547	2382.601256850415	0
0	7563	2387.729933832313	1
0	7585	2392.743538820191	2
0	7586	2393.097215166437	0
0	7591	2394.015941926748	1
0	7603	2397.947186367592	1
0	7610	2399.627971825893	0
0	7621	2402.990330358507	1
0	7624	2404.232860859608	0
0	7638	2408.053835143341	1
0	7648	2411.537122121203	0
0	7657	2413.629747544188	1
0	7674	2418.744354797999	0
0	7680	2419.341968154075	1
0	7698	2424.745405996224	2
0	7712	2429.298513191061	0
0	7717	2429.987600199418	1
0	7719	2430.593591144197	0
0	7734	2435.219726794638	1
0	7737	2436.670813709503	1
0	7742	2437.551945706951	0
0	7754	2440.625446537748	1
0	7755	2440.814337864408	0
0	7758	2441.27731631918	0
0	7764	2443.463636825566	0
0	7770	2446.392218483385	1
0	7780	2452.031261636183	1
0	7798	2457.194091212709	1
0	7800	2458.323072450357	0
0	7816	2462.348136790103	1
0	7825	2465.036133686671	0
0	7835	2468.038126640028	1
0	7836	2468.374995785305	0
0	7839	2469.381138183183	0
0	7853	2474.032896930358	1
0	7862	2478.398068311165	0
0	7867	2479.28770259163	1
0	7881	2484.752185329568	1
0	7890	2487.771762102266	0
0	7898	2490.025036501937	1
0	7910	2493.006747144632	0
0	7919	2495.030525950488	1
0	7939	2500.253424565779	2
0	7961	2506.153159506159	2
0	7969	2508.443111047854	1
0	7972	2509.302373074002	1
0	7978	2510.943199372274	0
0	7983	2511.475076088455	1
0	8003	2516.614341300918	2
0	8017	2521.420751073521	1
0	8019	2521.978208324994	0
0	8025	2522.592470225418	1
0	8045	2528.077294287976	2
0	8046	2528.126899808302	0
0	8053	2530.303783675313	0
0	8061	2533.462218396604	1
0	8077	2539.195713138213	1
0	8085	2542.308986991416	0
0	8087	2542.602547880851	1
0	8096	2545.055141245719	1
0	8102	2547.115548258771	0
0	8116	2551.050060761632	1
0	8119	2552.294180831761	0
0	8136	2556.436762572737	1
0	8146	2559.992700227194	0
0	8156	2561.91588687385	1
0	8164	2563.998484644113	0
0	8174	2567.098059886839	1
0	8195	2572.915266760397	2
0	8204	2575.38984995464	1
0	8218	2578.810724282409	2
0	8224	2580.793997757143	0
0	8236	2584.263169414834	1
0	8239	2585.160673235548	0
0	8254	2589.712610799824	1
0	8262	2591.924341896553	0
0	8274	2595.079505214472	1
0	8288	2600.240653197289	1
0	8292	2600.450939910724	2
0	8293	2600.480311254159	0
0	8310	2605.638202434643	1
0	8328	2611.342205041093	2
0	8351	2617.337142186943	2
0	8361	2620.152858711087	1
0	8373	2623.15795921302	2
0	8374	2623.22184176243	1
0	8379	2624.493670540516	1
0	8391	2627.514724630753	1
0	8397	2628.291088324045	2
0	8412	2632.95479674079	0
0	8416	2633.482328600721	1
0	8428	2637.488013128986	0
0	8437	2639.369150593416	1
0	8444	2642.319619859577	1
0	8458	2645.040409976621	2
0	8462	2645.506300719344	0
0	8476	2650.709174593449	1
0	8486	2653.476838857872	0
0	8493	2655.880595467758	0
0	8497	2656.276770176603	1
0	8514	2662.269764538626	1
0	8516	2662.924935348458	1
0	8534	2667.350309116072	2
0	8541	2669.28907254851	0
0	8547	2671.03121312417	0
0	8550	2672.004119204943	0
0	8554	2672.594325719406	1
0	8567	2678.381938825133	1
0	8571	2680.820697566151	0
0	8579	2683.781330291186	1
0	8594	2689.189539734511	1
0	8613	2694.757214805115	2
0	8625	2698.653272111559	1
0	8634	2700.6138308798	2
0	8638	2701.558231970532	1
0	8640	2702.293402043992	0
0	8649	2704.125252609496	0
0	8655	2706.29224580713	1
0	8673	2712.174782973718	1
0	8694	2717.798338475874	2
0	8705	2721.234109518354	1
0	8714	2723.270505292345	2
0	8715	2723.302222905801	0
0	8727	2728.182689473967	1
0	8731	2728.756952516971	1
0	8733	2729.041154848305	1
0	8737	2730.093660927031	0
0	8747	2734.163279462725	0
0	8751	2734.699401421476	1
0	8769	2739.829680480765	1
0	8789	2745.538120558722	2
0	8806	2750.693267980129	2
0	8808	2751.062134364738	1
0	8813	2752.624517963737	0
0	8826	2756.228885174035	1
0	8835	2759.108814118673	1
0	8843	2761.125723969659	0
0	8849	2761.922432743716	1
0	8863	2765.67472263997	0
0	8872	2767.14789243625	1
0	8880	2769.037839018393	0
0	8893	2772.337851334601	1
0	8897	2773.203815882681	0
0	8899	2773.269040206569	0
0	8902	2774.683274282147	0
0	8909	2777.68377778051	1
0	8918	2782.753788175998	1
0	8927	2785.952827686797	0
0	8935	2788.582304899586	1
0	8936	2788.73087450746	0
0	8946	2793.661515956983	1
0	8960	2798.445643536635	0
0	8965	2799.387137730612	1
0	8970	2800.946036164654	0
0	8981	2805.025803425355	1
0	8997	2810.600479142513	1
0	9014	2816.265420973772	2
0	9016	2816.408326151088	0
0	9032	2821.792677797615	1
0	9043	2824.862502271896	0
0	9046	2825.690198521019	0
0	9048	2825.934631142305	1
0	9054	2827.616234829654	1
0	9058	2828.686316493205	0
0	9069	2832.968227381124	1
0	9083	2838.082708658655	1
0	9090	2839.664826194878	0
0	9097	2842.579090086167	0
0	9104	2844.019518665508	1
0	9119	2849.22501118924	1
0	9137	2854.353026860516	0
0	9142	2854.833654359686	1
0	9149	2857.482773538102	0
0	9162	2860.715326156239	1
0	9163	2861.060930149519	0
0	9167	2862.4269878252	0
0	9179	2866.618769134167	1
0	9184	2869.111463169456	0
0	9194	2872.344899110035	1
0	9201	2875.561656846902	0
0	9209	2877.614561358937	1
0	9226	2882.935307468059	1
0	9246	2888.585416817576	2
0	9250	2889.253926775889	0
0	9255	2890.94960702281	1
0	9266	2894.012303254571	1
0	9275	2896.643640813772	0
0	9286	2899.783653255789	1
0	9304	2905.213125961138	2
0	9312	2907.118125077226	0
0	9325	2910.613166946922	1
0	9333	2913.111025889525	0
0	9345	2916.550033023818	1
0	9351	2918.865748197659	1
0	9358	2921.245020350329	0
0	9364	2921.941197002777	1
0	9373	2924.640348217688	0
0	9382	2927.071570583391	1
0	9391	2930.114322652463	0
0	9400	2932.45242835931	1
0	9402	2933.164691203043	0
0	9418	2938.314612759282	1
0	9420	2938.83949290007	0
0	9437	2944.26989371493	1
0	9438	2944.682293148366	0
0	9451	2949.294904124695	1
0	9453	2949.605649041248	0
0	9468	2954.871549455919	1
0	9472	2956.330580657236	0
0	9486	2960.569772198102	1
0	9487	2960.73170273088	0
0	9489	2960.787084322894	0
0	9495	2963.879861831786	0
0	9497	2965.275683350401	0
0	9501	2965.851180134345	1
0	9508	2971.531091066547	1
0	9517	2976.955475860629	0
0	9522	2977.284436680381	1
0	9535	2983.044776487634	1
0	9549	2988.508397587812	1
0	9557	2990.470605560119	0
0	9568	2993.61546119885	1
0	9580	2997.88421518484	0
0	9588	2999.335375162777	1
0	9592	3000.676500592966	0
0	9598	3002.920628238008	0
0	9600	3003.375029490916	0
0	9605	3004.787321442742	1
0	9611	3007.652297045575	0
0	9618	3009.80359246815	1
0	9630	3015.695293754576	1
0	9631	3015.955252736926	0
0	9644	3020.99543410703	1
0	9654	3026.297510777836	0
0	9658	3026.396815986376	1
0	9674	3031.730138949355	1
0	9689	3036.76939552464	2
0	9709	3042.000317654577	2
0	9716	3043.884402547735	1
0	9722	3045.408671487244	0
0	9724	3045.994731600516	0
0	9727	3047.056869125115	1
0	9731	3047.201644478836	1
0	9741	3052.341134252964	0
0	9743	3052.381708716862	0
0	9747	3052.973870287887	1
0	9751	3055.445577087118	0
0	9757	3058.880554480716	1
0	9768	3064.029560943838	1
0	9777	3067.177833184023	0
0	9783	3069.417957297532	1
0	9798	3075.092176693265	1
0	9817	3080.661860221072	2
0	9829	3084.276501743361	1
0	9838	3085.94253721764	2
0	9839	3086.244696350658	0
0	9844	3087.429433609247	0
0	9850	3090.685706910567	0
0	9855	3091.811942455365	1
0	9867	3097.458746721276	1
0	9884	3102.943605454878	1
0	9891	3105.11968802475	1
0	9900	3107.657699361798	0
0	9902	3107.803921960883	0
0	9908	3108.78815827985	1
0	9923	3114.478556434165	1
0	9927	3115.636921580654	0
0	9934	3118.412499878912	0
0	9940	3119.596292324837	1
0	9945	3122.116179273704	0
0	9954	3124.728754925316	1
0	9968	3130.391756473349	0
0	9972	3130.536936926197	1
0	9975	3132.083033183247	0
0	9982	3134.833487414879	0
0	9987	3136.433954285931	1
0	10000	3141.93169034832	1
0	10004	3143.226724361311	0
0	10015	3147.680602886256	1
0	10016	3148.575337666793	0
0	10028	3153.669423917316	1
0	10041	3159.234606588034	1
0	10042	3159.5167239121	0
0	10062	3165.205713543816	1
0	10070	3167.01295346104	0
0	10080	3170.296677863466	1
0	10099	3175.719537793201	2
0	10105	3177.862938565792	0
0	10108	3178.360998402592	1
0	10120	3181.497313862442	1
0	10125	3183.033715192471	0
0	10134	3186.198414443998	0
0	10141	3187.169648960474	1
0	10147	3189.793107007756	0
0	10149	3190.326302823386	0
0	10153	3192.512473792311	0
0	10157	3192.752258825823	1
0	10159	3195.460087321824	0
0	10163	3197.986586610097	1
0	10169	3203.577092145578	1
0	10182	3209.2305418884	1
0	10191	3214.126674184934	0
0	10196	3214.714533624713	1
0	10211	3220.137368306991	1
0	10233	3225.772660261726	2
0	10235	3226.14590198466	0
0	10241	3228.236487618305	0
0	10249	3230.986983030576	1
0	10257	3233.761495238645	0
0	10267	3236.867634115515	1
0	10275	3240.533821648693	1
0	10277	3241.170738536173	0
0	10284	3242.199387478417	1
0	10297	3247.345893801314	0
0	10301	3247.446223277839	1
0	10316	3253.07282608236	1
0	10333	3258.335187397672	2
0	10350	3263.437622618869	2
0	10359	3266.254477854127	0
0	10370	3269.1840582355	1
0	10384	3273.327235198818	1
0	10391	3274.428185683683	2
0	10395	3275.184734267422	1
0	10397	3275.998666338513	0
0	10405	3278.37888623449	0
0	10411	3279.46588381823	1
0	10428	3285.19720281964	1
0	10430	3285.769973725899	1
0	10440	3288.314809043899	0
0	10451	3290.819421266446	1
0	10470	3296.634838300066	2
0	10482	3300.766049086706	0
0	10488	3301.949642433094	1
0	10506	3307.624967813034	2
0	10515	3310.469297512676	1
0	10519	3311.227675232807	1
0	10526	3312.652540744057	2
0	10543	3318.11889004289	2
0	10554	3320.984877318967	0
0	10561	3322.818311835643	1
0	10568	3324.060797339779	1
0	10576	3326.473409580773	0
0	10579	3327.04149205355	1
0	10587	3329.293879500831	1
0	10595	3332.25323787879	0
0	10600	3333.640788475178	0
0	10605	3334.68644856057	1
0	10621	3340.675113178099	1
0	10635	3345.486792085584	0
0	10638	3346.31962555147	0
0	10642	3346.393706132666	1
0	10654	3351.419898187517	1
0	10673	3356.666662073237	2
0	10692	3362.010386150339	2
0	10693	3362.055589963808	1
0	10705	3365.280374707313	0
0	10711	3367.100717432571	0
0	10715	3367.541089563872	1
0	10729	3372.894299909482	1
0	10735	3373.430843863645	1
0	10737	3374.939482610914	0
0	10755	3379.224674025792	1
0	10766	3382.445412552459	0
0	10768	3382.453586894213	0
0	10776	3384.765017926469	1
0	10786	3388.931274151788	0
0	10792	3390.72321138951	1
0	10800	3393.068815989545	0
0	10809	3396.071133250613	1
0	10825	3401.608530385895	1
0	10846	3407.05073466246	2
0	10864	3412.319788339091	2
0	10884	3417.482203508736	2
0	10888	3418.234854614955	1
0	10898	3421.217575471278	1
0	10904	3422.318473284607	1
0	10909	3422.913147358931	2
0	10926	3428.410657003065	2
0	10941	3433.09353343433	0
0	10947	3433.8780313111	1
0	10950	3434.878277077817	1
0	10961	3437.757959575521	1
0	10970	3439.163753024777	2
0	10991	3444.67594326917	2
0	10994	3445.390248013902	0
0	11007	3449.676529626836	1
0	11016	3451.954100749929	0
0	11020	3452.435810061648	1
0	11026	3454.420613967126	0
0	11031	3454.943570389188	1
0	11034	3456.297803349222	1
0	11037	3456.465904966122	0
0	11042	3458.800985403949	0
0	11048	3460.857376938229	1
0	11059	3466.794692166857	1
0	11076	3472.43971404504	1
0	11095	3478.436978159714	2
0	11108	3482.22537016439	0
0	11110	3482.244322230817	0
0	11116	3484.134189594779	1
0	11117	3484.144324652976	0
0	11129	3489.841838980801	1
0	11133	3491.309915003722	1
0	11147	3495.412324093291	1
0	11168	3501.370251914495	2
0	11171	3501.806323391859	0
0	11188	3506.558064999766	1
0	11209	3512.13566782955	2
0	11229	3517.755311108901	2
0	11243	3522.116510121046	0
0	11246	3522.6955672385	1
0	11250	3523.252629059608	1
0	11256	3524.79476351234	1
0	11261	3526.53629707674	1
0	11273	3528.693398102661	2
0	11288	3533.471417111816	1
0	11292	3534.179458174398	2
0	11301	3537.278773777899	0
0	11313	3540.017453952702	1
0	11317	3541.371601572617	0
0	11323	3544.026189357862	1
0	11328	3545.452825609134	0
0	11332	3545.484979599724	1
0	11344	3550.751883474654	1
0	11354	3553.554745198353	0
0	11363	3556.189888141359	0
0	11367	3556.412593680676	1
0	11368	3556.546737310837	0
0	11380	3561.985996792335	1
0	11394	3567.702190242717	1
0	11406	3571.988205798444	0
0	11415	3573.423668325189	1
0	11434	3579.000201895376	2
0	11455	3584.978764690235	2
0	11457	3585.488880114755	0
0	11461	3586.415393295474	0
0	11466	3588.907639560532	1
0	11471	3590.298372845873	1
0	11481	3595.457142555628	1
0	11487	3595.76586393943	1
0	11505	3601.427654243549	2
0	11512	3603.32184431761	0
0	11514	3603.610839615701	1
0	11524	3606.680587254939	1
0	11533	3609.822830082973	0
0	11542	3611.703102612411	1
0	11561	3617.680482139587	2
0	11570	3619.817906355261	1
0	11576	3621.07366539667	0
0	11581	3622.641419525497	0
0	11585	3623.591675287587	1
0	11586	3623.709079212169	0
0	11588	3624.031880523556	0
0	11593	3628.711215370576	0
0	11597	3629.076958077968	1
0	11604	3634.378973473105	1
0	11615	3640.048353485539	1
0	11626	3644.961037259208	0
0	11631	3645.237478816658	1
0	11648	3651.190706669362	1
0	11656	3653.959868341925	0
0	11662	3656.14856482682	0
0	11667	3656.49114512397	1
0	11673	3659.840299524142	0
0	11681	3661.588391389009	1
0	11696	3666.992641453175	1
0	11702	3668.872487726047	0
0	11715	3672.52061018372	1
0	11725	3675.532185394211	0
0	11730	3677.706567439145	0
0	11734	3677.878679786586	1
0	11739	3679.669587115184	0
0	11745	3682.179488797915	0
0	11750	3683.377506881031	1
0	11760	3689.296793222903	1
0	11766	3691.03769216024	0
0	11777	3694.413779625213	1
0	11790	3699.644096684885	1
0	11808	3704.792172807046	2
0	11810	3705.735326331584	0
0	11824	3710.391764968877	1
0	11830	3711.934383414464	0
0	11845	3716.35469285004	1
0	11861	3721.290153779566	0
0	11866	3721.646459218126	1
0	11867	3721.75773580641	0
0	11870	3722.412920037759	1
0	11885	3726.692570523603	1
0	11904	3731.702743017359	2
0	11924	3736.819161637465	2
0	11931	3738.877833836488	1
0	11936	3740.164869184733	1
0	11941	3741.649231375552	0
0	11945	3741.905055646098	1
0	11952	3744.180387747488	0
0	11962	3747.152150501509	1
0	11981	3753.025985142926	2
0	11987	3754.406338032696	0
0	11991	3755.855573842428	0
0	11993	3756.634172470089	0
0	11998	3758.341448360367	1
0	12010	3763.432881300116	1
0	12023	3769.275150626907	1
0	12027	3769.367763105093	1
0	12047	3775.236479169701	2
0	12052	3776.771303293537	1
0	12062	3779.560847328173	0
0	12070	3780.970688372862	1
0	12075	3783.088952098401	0
0	12082	3785.43727130153	0
0	12089	3786.718661201664	1
0	12102	3791.941834806594	0
0	12106	3792.633780578396	1
0	12114	3795.340695936708	0
0	12123	3798.408673340699	1
0	12136	3803.564361478214	1
0	12155	3809.27610759415	2
0	12164	3811.319283565166	0
0	12174	3814.468982718431	1
0	12193	3820.042481959343	2
0	12211	3825.163716840103	2
0	12212	3825.258749019713	1
0	12219	3826.49657692156	1
0	12229	3829.576398448331	0
0	12234	3830.18619855541	1
0	12250	3835.143745973947	0
0	12257	3835.768256403517	1
0	12274	3840.548988075356	0
0	12278	3840.848734442389	1
0	12294	3845.617855594389	0
0	12298	3846.206255560054	1
0	12300	3846.318881771538	1
0	12320	3850.914032483949	0
0	12324	3851.277885811881	1
0	12347	3856.924408076809	2
0	12358	3860.630908474221	0
0	12365	3862.446781154269	1
0	12371	3864.187202135578	0
0	12375	3865.652046723535	0
0	12381	3868.064031615633	1
0	12382	3868.081918227147	1
0	12399	3873.42278258853	1
0	12408	3876.599486910981	0
0	12418	3879.034615909228	1
0	12433	3884.042289717834	2
0	12452	3889.535359961808	0
0	12457	3889.805719794485	1
0	12465	3892.4408802261	0
0	12473	3895.037962312357	1
0	12478	3896.665365823672	0
0	12481	3897.200219558331	0
0	12492	3900.791907722143	1
0	12493	3901.26440253634	0
0	12499	3903.436718247262	0
0	12501	3903.469481279622	1
0	12508	3906.725226812543	1
0	12514	3910.923977050593	0
0	12520	3912.661035081384	1
0	12525	3915.847218014778	0
0	12532	3918.059024437576	1
0	12545	3923.869392313774	1
0	12560	3929.40558840941	1
0	12566	3931.071267519859	0
0	12580	3934.892717627588	1
0	12599	3940.060086510389	2
0	12617	3945.224137166993	2
0	12630	3949.215231452148	1
0	12634	3950.067894584162	1
0	12638	3950.493774612912	2
0	12644	3952.123045356724	0
0	12651	3955.087281824102	0
0	12656	3955.501684731117	1
0	12658	3956.242743312975	1
0	12673	3961.418927880714	1
0	12681	3963.207454978499	0
0	12695	3967.232867773168	1
0	12713	3973.069634782627	2
0	12723	3975.82881081641	0
0	12734	3978.143028337287	1
0	12754	3983.450612790428	2
0	12756	3984.304865213356	1
0	12766	3986.688784663111	0
0	12770	3987.708027791244	1
0	12777	3988.63647021657	1
0	12778	3989.179042185551	0
0	12793	3993.82351445431	1
0	12806	3998.437646290415	0
0	12812	3998.858658827619	1
0	12829	4003.955955290013	2
0	12841	4007.872765929566	0
0	12844	4007.957271952427	0
0	12849	4009.073819503897	1
0	12859	4012.889862070337	0
0	12863	4014.371620869273	0
0	12868	4014.521425765717	1
0	12878	4019.717871821263	1
0	12893	4024.957818622478	1
0	12894	4025.364570215005	1
0	12910	4030.541776386798	0
0	12914	4030.635848585526	1
0	12927	4034.582629527092	0
0	12933	4035.669123739014	1
0	12949	4039.97950451671	0
0	12958	4041.660694617555	1
0	12970	4046.29135745951	0
0	12977	4047.658326827931	1
0	12979	4048.269210993555	0
0	12983	4049.68117873034	0
0	12992	4053.399284416587	1
0	12999	4056.471242729235	0
0	13007	4059.160234039892	1
0	13016	4062.532685576252	0
0	13023	4064.577878898951	1
0	13037	4069.907638841086	1
0	13051	4074.564988159003	0
0	13058	4075.636166505759	1
0	13064	4077.326757977379	0
0	13077	4081.053886943275	1
0	13084	4083.876995983193	0
0	13096	4086.077779243711	1
0	13106	4089.656205504912	0
0	13111	4091.1498531215	0
0	13116	4091.820081490336	1
0	13132	4097.053351754101	1
0	13153	4102.148936291004	2
0	13156	4102.671030339331	0
0	13165	4106.271218670775	1
0	13167	4106.363818073656	0
0	13173	4108.078144145675	1
0	13178	4110.303633226792	0
0	13181	4111.217376017836	0
0	13188	4113.362147687014	1
0	13199	4118.732693279406	1
0	13214	4124.341440822009	1
0	13230	4129.999738380091	0
0	13232	4130.180613207758	0
0	13237	4130.283659139426	1
0	13250	4135.44992920315	0
0	13254	4136.03036975396	1
0	13255	4136.181219955451	0
0	13266	4141.144712082587	1
0	13273	4143.111291136952	0
0	13282	4146.378177860064	1
0	13297	4152.148969157377	1
0	13316	4157.425113148533	2
0	13328	4161.274308447272	1
0	13331	4162.132802424032	0
0	13337	4162.94319574373	1
0	13354	4167.48114718172	0
0	13360	4168.839585623482	1
0	13364	4169.890825245424	0
0	13366	4169.945641451991	0
0	13376	4174.068139028746	1
0	13390	4179.136448729095	1
0	13409	4184.343892196902	2
0	13421	4187.478165529911	0
0	13431	4189.791052429714	1
0	13436	4191.030522848258	1
0	13441	4192.344833372404	0
0	13444	4192.744149073388	0
0	13451	4195.398907322447	1
0	13452	4195.575383146538	0
0	13456	4197.911640657471	0
0	13462	4200.7747155293	1
0	13472	4206.680023119097	1
0	13481	4210.406190761608	0
0	13488	4211.972705430362	1
0	13496	4215.45948685311	0
0	13502	4217.045033515675	1
0	13520	4222.837739468331	1
0	13529	4225.282556218223	0
0	13533	4226.64224933112	0
0	13540	4227.995410003478	1
0	13555	4233.294703632605	1
0	13577	4238.83740491235	2
0	13590	4241.945456459082	0
0	13599	4244.161142563693	1
0	13602	4245.196807312206	0
0	13616	4249.870380924329	1
0	13631	4254.163332751848	1
0	13638	4255.633484047385	2
0	13644	4257.01930525027	0
0	13658	4261.078495670123	1
0	13662	4262.694247028221	0
0	13670	4266.014518806489	1
0	13676	4266.986670821452	1
0	13677	4267.118345210575	0
0	13696	4272.429726159911	1
0	13702	4273.769140758215	0
0	13711	4277.383971110696	0
0	13715	4277.554034915299	1
0	13731	4282.874906102207	1
0	13734	4283.47430518457	0
0	13748	4288.07185119252	1
0	13749	4288.466919132053	0
0	13755	4290.062678350963	0
0	13763	4293.325770823996	1
0	13780	4299.054220839416	1
0	13802	4304.608478863736	2
0	13818	4309.554892613563	0
0	13826	4310.484380406806	1
0	13837	4314.223108104908	0
0	13841	4315.37844110142	0
0	13847	4316.026864398749	1
0	13853	4319.347626695886	1
0	13864	4321.78774654331	1
0	13879	4326.310694040044	0
0	13883	4327.093001357525	1
0	13892	4330.127241027669	0
0	13901	4333.067459927884	1
0	13904	4333.859554909882	0
0	13917	4338.23825018924	1
0	13937	4344.097470945458	2
0	13940	4344.752341858587	1
0	13957	4349.331820695906	2
0	13976	4354.645385193418	2
0	13997	4359.715513515764	2
0	14002	4361.429488019799	0
0	14004	4361.509517684126	1
0	14007	4362.805916027644	1
0	14015	4364.857330493874	1
0	14028	4368.975531170156	0
0	14030	4369.45565050213	0
0	14036	4370.263521795406	1
0	14046	4374.072284574167	0
0	14049	4374.681652840935	1
0	14053	4376.058690503252	1
0	14066	4381.139146391315	1
0	14070	4382.219087356596	0
0	14084	4386.582571232238	1
0	14102	4391.692360165076	2
0	14124	4397.130302895572	2
0	14139	4400.925579646611	1
0	14150	4403.070178180713	2
0	14152	4403.7626608587	0
0	14162	4407.079141503096	0
0	14168	4409.059869359493	1
0	14174	4411.512875697586	1
0	14182	4414.389041832195	1
0	14185	4415.282363755172	1
0	14189	4416.473594748308	0
0	14200	4419.654816438689	1
0	14213	4423.603932633659	0
0	14217	4424.628602130932	0
0	14222	4425.289748402325	1
0	14237	4430.350794781943	1
0	14256	4435.862117874216	2
0	14260	4436.765334250067	1
0	14280	4441.713149434667	2
0	14289	4445.041110844826	0
0	14299	4447.339391322587	1
0	14306	4449.491809671408	0
0	14318	4452.496924602673	1
0	14334	4457.65666562716	0
0	14339	4458.267759625115	1
0	14348	4461.002223012284	0
0	14357	4463.660920733367	1
0	14360	4464.636811296815	0
0	14369	4467.371835066949	1
0	14376	4468.92950293656	1
0	14386	4472.500622536651	0
0	14396	4474.07257655148	1
0	14409	4478.771685823929	0
0	14415	4479.847878653338	1
0	14436	4485.235191220665	2
0	14438	4485.701771938606	0
0	14448	4489.200073297848	0
0	14452	4490.615981345195	0
0	14456	4490.703720682315	1
0	14461	4494.449416997972	1
0	14467	4495.970285295523	1
0	14484	4501.413427942679	1
0	14506	4507.324572875877	2
0	14509	4508.44930355648	0
0	14524	4512.543122348855	1
0	14532	4514.739567119407	1
0	14539	4516.652359174344	0
0	14545	4517.555022623869	1
0	14546	4517.703739734148	0
0	14548	4517.828689732835	0
0	14559	4522.711434378302	1
0	14571	4528.221340113098	0
0	14575	4528.280570877962	1
0	14589	4533.394181038266	1
0	14609	4538.51540695947	2
0	14618	4540.954554778652	0
0	14624	4543.347418867298	1
0	14630	4544.257327580372	1
0	14649	4549.739422332043	2
0	14654	4551.2198447853	0
0	14661	4554.527846808326	0
0	14667	4555.087901022764	1
0	14679	4559.832313352163	1
0	14681	4559.978118834332	0
0	14686	4560.389136245953	1
0	14699	4565.959193568457	1
0	14707	4568.438270870027	0
0	14709	4568.739839542438	0
0	14718	4571.137485026395	1
0	14734	4576.207519522416	1
0	14735	4576.717740241918	0
0	14742	4579.488979006547	0
0	14748	4581.92562277989	1
0	14751	4582.689276168951	0
0	14756	4584.724051961573	0
0	14764	4587.696773298332	1
0	14775	4593.185667056372	1
0	14777	4593.930289279916	0
0	14788	4598.387178938618	1
0	14791	4599.474130336908	0
0	14801	4604.122365314296	1
0	14806	4606.893269017355	0
0	14815	4609.298563521138	1
0	14816	4609.463445180577	0
0	14821	4612.43942696754	0
0	14826	4614.852738206756	1
0	14838	4619.873230009821	1
0	14850	4625.40323985032	0
0	14854	4625.584744320034	1
0	14860	4628.477231974263	0
0	14867	4631.001235484161	1
0	14883	4636.370365104421	1
0	14884	4636.550818801058	0
0	14901	4642.038705782981	1
0	14907	4643.885610497456	0
0	14911	4645.104555530489	0
0	14919	4647.620342645112	1
0	14926	4651.171952363585	0
0	14933	4652.763257533561	1
0	14950	4658.690793502627	1
0	14971	4664.068482289336	0
0	14975	4664.137590938963	1
0	14987	4668.47198422185	0
0	14994	4669.464774737384	1
0	15004	4672.721107389795	0
0	15009	4674.850529580164	0
0	15013	4675.290202596707	1
0	15017	4677.31963742724	0
0	15026	4681.116623755561	1
0	15043	4686.749617241805	1
0	15057	4690.666645411418	0
0	15065	4692.266104127064	1
0	15069	4693.424446713661	0
0	15080	4696.769857942958	0
0	15086	4697.67480604585	1
0	15097	4702.595924145907	0
0	15102	4702.834906908001	1
0	15117	4708.038158509198	1
0	15118	4708.632199608153	0
0	15133	4713.515052733726	1
0	15143	4716.530112229071	0
0	15155	4718.849464728047	1
0	15160	4720.749858765644	0
0	15176	4724.085394287265	1
0	15183	4726.836368547653	0
0	15195	4729.520255944242	1
0	15196	4729.829651965892	0
0	15206	4733.266615448535	0
0	15212	4734.939143872137	1
0	15226	4740.75777254814	1
0	15231	4742.255437413828	0
0	15235	4743.487937157175	0
0	15242	4746.561452215553	1
0	15260	4752.163783058074	1
0	15282	4757.884064649014	2
0	15294	4761.364109611157	0
0	15301	4763.733012938771	1
0	15303	4763.830949594285	0
0	15307	4763.847032861566	1
0	15311	4765.782270851329	0
0	15322	4769.027296083761	1
0	15337	4774.213405912524	1
0	15353	4779.328384483714	2
0	15369	4784.076597937514	0
0	15375	4784.964062598316	1
0	15388	4789.094671458836	1
0	15397	4790.490000961829	2
0	15399	4791.237737475094	0
0	15404	4793.08254893335	0
0	15412	4796.185455553714	1
0	15428	4802.110315921033	1
0	15443	4806.138757412337	1
0	15451	4807.696785571767	2
0	15454	4808.372740317618	0
0	15459	4809.315749326968	0
0	15468	4813.516574962312	1
0	15487	4819.371161537958	1
0	15495	4821.699507804602	0
0	15497	4821.915663281005	0
0	15503	4824.129299498294	0
0	15508	4825.179998749649	1
0	15509	4825.520651617685	1
0	15519	4830.635343571907	1
0	15535	4836.219970399063	1
0	15556	4841.706273132484	2
0	15560	4842.740630463361	1
0	15576	4847.476656223895	2
0	15591	4851.565092287858	0
0	15598	4852.591152462425	1
0	15601	4853.763844952816	1
0	15608	4855.567618155052	0
0	15611	4855.887322089999	0
0	15614	4856.508110531969	0
0	15618	4858.0247295499	1
0	15622	4859.905078826604	0
0	15629	4863.643459317755	1
0	15638	4868.314114499968	0
0	15643	4868.94233899565	1
0	15653	4874.23667709624	1
0	15667	4879.387958084015	1
0	15681	4883.459895557622	0
0	15688	4885.155725718723	1
0	15692	4886.107152415222	0
0	15706	4891.07523944696	1
0	15710	4892.146075896001	0
0	15724	4896.905399631025	1
0	15742	4902.443556118306	2
0	15763	4907.762812558344	2
0	15775	4911.014914604384	1
0	15779	4911.675646581586	0
0	15781	4911.681848676424	0
0	15788	4913.613385500402	1
0	15805	4918.666899378893	1
0	15808	4919.804452449216	0
0	15810	4919.894306914547	1
0	15825	4924.41158704275	1
0	15848	4929.657736448587	2
0	15865	4934.82097192506	2
0	15875	4937.495832698434	1
0	15884	4939.872454365613	1
0	15888	4940.147691936946	2
0	15894	4942.022336510375	0
0	15908	4946.094271569062	1
0	15924	4950.674740551057	0
0	15930	4951.566715377165	1
0	15939	4954.155794990498	0
0	15942	4954.495110246133	1
0	15944	4955.127262765557	0
0	15952	4957.361463001711	1
0	15954	4958.135665118244	0
0	15958	4960.275005232907	0
0	15964	4963.248118126081	1
0	15977	4968.90351790424	1
0	15991	4974.549313399955	1
0	16002	4978.138799544789	0
0	16012	4980.277398346006	1
0	16031	4985.88819958108	2
0	16035	4987.273096726288	0
0	16049	4991.447477924651	1
0	16069	4997.043410395984	2
0	16081	5000.64093394963	0
0	16091	5002.252034818069	1
0	16092	5002.923924799325	1
0	16095	5003.789295879442	0
0	16098	5004.434896466221	0
0	16101	5005.651452785257	1
0	16108	5007.981402491	1
0	16109	5008.159182951103	0
0	16122	5013.361431353972	1
0	16130	5016.785564397825	0
0	16138	5019.282388035454	1
0	16155	5025.082826611599	1
0	16162	5027.367522978939	0
0	16177	5030.83582004324	1
0	16197	5036.538423421107	2
0	16210	5040.645245761158	0
0	16217	5042.110196562264	1
0	16226	5045.211167041109	0
0	16235	5047.283929862561	1
0	16237	5047.408639175946	1
0	16252	5051.109446876229	0
0	16259	5052.671808732685	0
0	16263	5053.114790302715	1
0	16280	5058.947047606357	1
0	16287	5061.420301717487	0
0	16297	5064.935019957148	1
0	16317	5070.258693759809	2
0	16323	5071.25053907699	1
0	16330	5073.770514151441	0
0	16341	5076.038538194275	1
0	16360	5081.801772712743	2
0	16374	5086.421771628447	0
0	16377	5086.774143615868	0
0	16381	5086.901967176017	1
0	16390	5090.327749020901	0
0	16398	5092.449066661079	1
0	16412	5097.707969699069	1
0	16416	5099.43576672721	0
0	16431	5103.243471342619	1
0	16441	5106.366324743504	1
0	16452	5109.126334074899	2
0	16468	5113.559251757004	0
0	16472	5114.551061488936	1
0	16476	5115.018354296931	1
0	16484	5117.833132327548	0
0	16488	5119.077082561926	0
0	16491	5120.15674163193	0
0	16496	5120.712020440274	1
0	16507	5126.42462975021	1
0	16519	5131.129240044525	0
0	16524	5131.885552395149	1
0	16540	5137.466579725048	1
0	16560	5143.134606671067	2
0	16579	5148.274028555969	2
0	16592	5152.557540529419	0
0	16598	5153.573594526634	1
0	16600	5154.549030501524	1
0	16611	5157.441320607917	0
0	16613	5157.73208937062	0
0	16617	5158.867354556581	0
0	16621	5159.215652183177	1
0	16629	5163.608173641624	1
0	16633	5164.29797469756	1
0	16646	5168.999288470497	0
0	16650	5169.761258943951	1
0	16657	5172.090124879161	0
0	16668	5175.173431560876	1
0	16675	5178.531738715725	0
0	16684	5181.07940870129	1
0	16686	5181.716740692279	0
0	16693	5185.083361992279	0
0	16698	5186.235552709563	1
0	16702	5189.211994329481	0
0	16710	5192.203157545546	1
0	16722	5197.23490965973	1
0	16730	5199.993548121201	0
0	16739	5202.56932471787	1
0	16750	5206.899130579447	0
0	16757	5208.543627141289	1
0	16770	5213.794484462834	1
0	16772	5214.634444895795	0
0	16774	5214.770642986418	0
0	16776	5214.812578888972	0
0	16783	5219.794218790031	1
0	16787	5222.358313342103	0
0	16791	5224.713807320583	0
0	16795	5225.469763584214	1
0	16803	5230.860481204477	1
0	16814	5236.071722253005	1
0	16829	5241.139069086884	1
0	16841	5244.889641569124	0
0	16852	5246.989035252726	1
0	16857	5249.229220137245	0
0	16866	5251.766338153523	0
0	16870	5252.198292647733	1
0	16874	5254.106879184031	0
0	16886	5258.173305230925	1
0	16892	5260.866236415121	0
0	16901	5263.928422526933	1
0	16905	5265.687584729528	0
0	16912	5268.886111752608	0
0	16916	5269.745699759351	1
0	16924	5274.330124422801	0
0	16926	5274.765649516962	0
0	16930	5275.242252195964	1
0	16933	5278.23724694074	0
0	16937	5281.012511163729	1
0	16944	5286.903607720288	1
0	16956	5291.916091348056	1
0	16960	5293.257110940071	0
0	16970	5297.6106710625	1
0	16982	5302.179928990676	0
0	16988	5303.152827036346	1
0	16996	5307.203650302383	0
0	17004	5308.856279066776	1
0	17014	5312.984242412041	0
0	17019	5313.980757236959	1
0	17035	5319.676829024929	1
0	17040	5321.017829861969	0
0	17053	5325.003642524372	1
0	17066	5328.605852561315	0
0	17073	5330.787848819059	1
0	17083	5333.571089732473	0
0	17089	5335.072086937272	0
0	17094	5335.875458488485	1
0	17099	5338.186332671101	0
0	17105	5341.020080801461	0
0	17109	5341.769345797377	1
0	17120	5346.853771154082	1
0	17130	5350.964733702608	0
0	17136	5352.019439131499	1
0	17149	5357.193735094753	1
0	17166	5362.513819968573	2
0	17187	5367.70186053986	2
0	17201	5371.423495746812	1
0	17210	5373.450478332595	2
0	17211	5373.651358496176	1
0	17215	5374.687660859676	0
0	17228	5378.70349031362	1
0	17245	5383.23994386139	0
0	17251	5384.21939529503	1
0	17273	5390.061428900587	2
0	17284	5393.579838563351	1
0	17291	5395.399452461291	1
0	17298	5396.004190057761	2
0	17314	5400.690717364325	1
0	17317	5401.01439142764	0
0	17321	5401.177368300048	1
0	17323	5401.994986937976	0
0	17338	5406.713845585951	1
0	17341	5407.982458962374	0
0	17346	5409.37270191802	0
0	17354	5412.238141651976	1
0	17370	5417.72841600423	1
0	17371	5417.754083227961	0
0	17383	5422.89388788353	1
0	17404	5428.609095689853	2
0	17422	5433.435407390946	1
0	17425	5434.172098577385	0
0	17429	5434.232110399998	1
0	17441	5437.909941563277	0
0	17449	5440.230094637501	1
0	17471	5445.749240451039	2
0	17479	5447.409929858766	0
0	17490	5450.768322367233	1
0	17499	5453.695041113429	0
0	17507	5456.159792632575	0
0	17511	5456.528904521384	1
0	17525	5461.243674701438	1
0	17529	5461.579527915933	1
0	17532	5462.794706869301	0
0	17549	5467.263585721155	1
0	17568	5472.65218316113	2
0	17570	5473.147886111182	0
0	17581	5476.715834974438	1
0	17583	5477.185008523882	0
0	17589	5477.998608157284	1
0	17591	5479.264541024585	0
0	17595	5480.783557253902	0
0	17597	5480.892346332327	0
0	17601	5483.898134778266	1
0	17608	5489.292690030777	1
0	17622	5495.220902303944	1
0	17637	5500.549742507527	1
0	17654	5505.699454095226	2
0	17658	5507.027941202293	0
0	17670	5511.900212108401	1
0	17675	5513.647419934288	0
0	17683	5517.383901025763	0
0	17698	5536.724259895983	0
1	9	8.036656238023	2.840563926264
1	57	31.33140305709	20.322457475354
1	79	37.562801074004	10.167178835022
1	87	38.871068766457	22.486534202122
1	103	43.761611651164	10.7179629826
1	112	45.815397451864	23.576530231861
1	114	46.348344945697	7.667473336798
1	127	52.455013578872	3.175022032228
1	167	68.120042242691	23.926227030694
1	183	72.093450902493	12.135547245852
1	199	76.776952898826	11.683648176724
1	201	77.361352821926	22.693892818526
1	208	79.918409174889	3.919681667467
1	226	87.686997353564	6.66687226831
1	263	100.645926312424	30.139789707841
1	278	104.28474713594	7.475574824842
1	288	107.387674514086	15.633772498578
1	293	109.032268238369	6.402320845635
1	296	109.312696716513	22.966461061266
1	316	119.630232544032	6.392097488861
1	360	135.738334210005	27.791592629975
1	379	141.137891873248	21.949708028695
1	399	146.338340610962	9.903850911651
1	411	149.810339864924	8.086772507872
1	428	154.282250186892	29.175565634156
1	430	154.643584913804	23.955471595982
1	443	158.768953833495	11.284113547998
1	500	177.855191083507	19.444502405241
1	525	183.765061126206	30.739987867536
1	527	184.024635483625	14.798203901504
1	543	190.009255872104	25.954493109368
1	575	199.266693748764	24.331076524453
1	578	199.834140786783	14.258382167085
1	599	205.612005506175	9.58396093524
1	624	211.830140447244	21.05103564961
1	638	215.148689282358	35.172855912941
1	665	223.649764817208	22.222611380975
1	700	232.337347757305	19.403891898926
1	718	237.824131315572	30.683117543346
1	724	239.441260703491	20.612933199039
1	778	254.426057162347	30.377180105892
1	791	258.295347739478	29.233497312992
1	800	260.747754052515	20.742420634954
1	810	262.909205539618	6.155681015458
1	814	264.388119374869	18.589231184452
1	817	265.879083601991	31.056412343867
1	836	272.831953226821	21.08231250639
1	852	278.956583449501	16.304776159464
1	887	289.471180196153	14.946033541811
1	912	296.227005910129	15.842987953685
1	929	300.521877540513	31.983671124097
1	960	309.213511651615	17.646631120471
1	969	311.754822949415	26.080597728725
1	1012	325.067987621297	28.014140506508
1	1017	325.292605671798	5.406368104042
1	1031	331.025742087395	5.738761877058
1	1046	335.289250760805	32.744004765991
1	1061	339.340998077997	25.116489832987
1	1075	342.854288173954	34.402857854378
1	1085	345.654576185508	9.123737655464
1	1101	351.474127631865	20.348497366066
1	1117	356.372091127092	14.774573568952
1	1128	359.591261166263	7.189424247829
1	1159	371.192204732448	7.683505886468
1	1194	380.487036157397	33.255131732205
1	1219	388.407308368593	30.125915339565
1	1225	390.484654951842	21.89402747201
1	1249	396.94879647286	22.801662215846
1	1273	404.80695723288	24.808671530684
1	1288	408.97145906405	18.230872619315
1	1331	421.584830315083	20.281655109486
1	1353	427.533171711725	31.280817225113
1	1356	427.86682145111	42.821197984738
1	1374	433.119558156117	8.651174162164
1	1377	433.765429512943	26.755060831431
1	1384	435.348646383966	22.424018190244
1	1397	440.469622490345	5.280487775919
1	1420	447.068322051783	28.447649661686
1	1424	447.980335456436	2.217885553721
1	1438	453.365186365086	23.634688478893
1	1453	458.9662948529	18.263964454294
1	1489	471.63761113165	9.369323387276
1	1492	472.189096101793	4.609977926127
1	1499	474.435950199958	23.566903988715
1	1503	475.864452932613	2.331477989792
1	1510	479.362525001986	23.025552034264
1	1524	487.158117814223	8.143741630949
1	1547	498.856686743559	8.138743175543
1	1599	514.226010989516	17.527676318657
1	1603	515.398392001048	30.678954696629
1	1632	526.439402952558	24.649908333551
1	1640	527.889642741066	20.324894891353
1	1650	531.03176005534	12.333289144095
1	1670	536.438908954152	11.795928371372
1	1722	552.318101604005	16.480261957972
1	1730	553.678459392629	23.64305333118
1	1733	554.386850273119	41.483857066485
1	1761	562.063691310237	4.601976873237
1	1776	565.385470066568	18.814511822651
1	1790	568.989285279186	27.929953573391
1	1830	580.028925110122	27.595287343953
1	1836	581.899507645169	12.991972662624
1	1840	583.376139399481	20.214749162435
1	1847	585.13446653646	5.196515243848
1	1864	591.427103322467	1.166374682914
1	1895	602.562964200625	28.193749372497
1	1905	606.536437716687	4.90883240418
1	1919	611.159013056315	15.222505275276
1	1935	616.905000964995	31.910899418521
1	1947	620.707211742413	2.599387792405
1	1973	629.724382175835	22.413560262882
1	1983	632.659526191538	9.224460159312
1	1999	638.783024547042	26.385974743054
1	2030	648.645475705737	13.446883498107
1	2067	657.810792124946	28.392649473037
1	2097	667.692448509044	27.080118964076
1	2134	676.350815217713	30.658832286253
1	2140	678.242324863095	26.974594312718
1	2153	681.312228356604	7.986253777633
1	2173	686.657190102154	3.118047343101
1	2180	688.315292887392	25.746143459576
1	2197	694.176757356737	36.969064935461
1	2213	698.162410317457	19.726711275755
1	2247	708.297466807768	8.900082375855
1	2254	710.630087851316	42.590178247076
1	2274	716.107319140111	10.841278372334
1	2279	716.637454767248	5.426264102339
1	2284	717.808752771467	29.020315546541
1	2287	718.9494041187	24.629089785623
1	2312	731.433472651057	9.924440108705
1	2336	739.172879541177	6.282175941044
1	2360	746.267001734	29.759874909069
1	2383	752.749580291216	8.695896939258
1	2387	754.147972658044	15.831980278716
1	2404	758.559889167782	31.131242056612
1	2407	759.974088174409	10.614579644172
1	2415	763.231983501	2.970023122384
1	2419	765.284329891089	10.905023744912
1	2437	774.745169537493	9.333843032248
1	2440	775.699134973112	4.90752964397
1	2446	779.653993217974	3.002102785045
1	2477	796.400052022306	9.233807829558
1	2484	799.012676375802	17.334982271655
1	2490	800.914668707176	8.459959456695
1	2513	810.854278093905	6.703038682231
1	2517	811.528185383185	2.368391901254
1	2520	813.768110121952	15.490288949456
1	2526	816.866889026018	2.132727222052
1	2568	838.187910925483	17.747397645261
1	2580	841.807815076318	15.62533691828
1	2597	847.597749069453	10.265338057071
1	2604	848.526217324895	6.102669443237
1	2620	854.327935661771	22.492487317298
1	2635	860.731654537264	12.569734748571
1	2661	869.941243987183	4.909741185256
1	2672	873.611634217786	19.846628359867
1	2687	879.510803092157	20.092987131677
1	2740	895.143292519033	19.123340503313
1	2742	895.566665804017	25.463214134566
1	2744	896.409839906732	3.06025443296
1	2759	901.945280981717	14.492187764728
1	2793	913.07202176459	14.552063645447
1	2803	916.287965314113	34.332692864931
1	2821	920.697940747024	16.390949492344
1	2852	930.00125503284	9.465852335792
1	2855	930.995809412448	5.040285596275
1	2867	934.686531097863	19.357226862339
1	2881	939.281161609807	29.677791244118
1	2934	954.365153729685	22.848212502896
1	2946	958.101735351842	15.966105942846
1	2955	960.986330760761	24.112028508795
1	2959	962.05478785129	8.50780694594
1	3014	978.41804227559	30.731104765318
1	3046	987.714242610965	29.130249331121
1	3051	989.189171244044	25.295839710277
1	3055	990.232140147014	8.838727191672
1	3075	995.872575334161	26.232128362754
1	3081	997.471092238325	10.632618437286
1	3086	997.790175815931	22.258067804039
1	3108	1006.500583732621	14.584887673497
1	3150	1019.985811431548	22.465390129366
1	3152	1020.077234792758	16.558915130095
1	3181	1029.388549896775	9.497686320101
1	3193	1031.954829277474	17.216363554355
1	3215	1038.790175204285	29.84222584602
1	3217	1039.441888166943	3.248423818848
1	3232	1044.884937986501	14.616405704524
1	3266	1055.532514543273	30.320868173146
1	3326	1073.22349546652	31.979456840432
1	3340	1076.933537397186	30.043510334915
1	3359	1082.069915596747	29.990428969148
1	3390	1091.083880129391	33.523860398333
1	3420	1098.39509713324	12.709168323315
1	3423	1098.681149180052	29.816687608606
1	3427	1099.98843600345	25.211179340956
1	3449	1106.920555801713	43.837701433918
1	3469	1112.111978885951	14.73610789445
1	3482	1116.254976055935	36.288081704521
1	3522	1126.268265042341	23.272696622764
1	3538	1131.457098292889	39.95615265309
1	3563	1138.109789876152	29.608116569112
1	3582	1143.746380506783	23.781294026177
1	3594	1147.222912814007	32.955610109727
1	3644	1160.776682375466	13.387863245094
1	3651	1162.077719047667	20.283402264118
1	3653	1162.612967191385	37.068169471693
1	3658	1163.429929904642	32.460329950554
1	3668	1167.09216171154	9.598819084
1	3670	1167.570885546161	31.384066929927
1	3737	1189.499452385354	20.978907090612
1	3750	1192.039711003891	12.42164471955
1	3772	1197.532819111948	45.070079403113
1	3779	1199.185141022783	36.387470916611
1	3796	1204.03761609411	8.056574940216
1	3799	1204.457845925588	30.210856136168
1	3814	1210.506995186559	3.700390163692
1	3826	1214.233424393926	12.533236083341
1	3840	1218.775197372655	33.719985616741
1	3855	1223.428287644056	32.648527510347
1	3877	1230.913188658305	18.874722671345
1	3881	1231.762680391315	9.263786163181
1	3895	1236.146749571897	8.25500576268
1	3905	1239.239738600909	6.265944708487
1	3909	1240.49817788077	23.406155365635
1	3933	1252.16218734486	2.376315367641
1	3949	1257.967591036226	19.336439421982
1	3986	1271.2764248827	27.488049470121
1	3993	1272.326731028967	16.900879891124
1	4000	1274.165572904168	7.446320768097
1	4029	1284.511570093106	23.199143015896
1	4033	1285.730494663702	14.008952943026
1	4053	1293.184383820278	15.519000930247
1	4080	1300.916360905276	17.755097723448
1	4089	1304.549494208651	4.77475267148
1	4118	1314.076153371136	25.778640548351
1	4154	1322.93079073902	6.404704723625
1	4166	1326.063021344134	32.021654088051
1	4169	1326.953799534007	21.487470928695
1	4185	1332.695886750008	10.800662418594
1	4200	1338.312197313878	5.105105488794
1	4218	1343.814263320993	32.450260430806
1	4248	1352.942193683123	25.21510611463
1	4250	1353.073025028572	14.09965241456
1	4297	1367.941263571615	23.016431564931
1	4302	1370.198774610296	14.614216291927
1	4333	1378.524705553659	17.328599442261
1	4349	1383.487493523049	33.175202843851
1	4361	1388.076952295959	21.289555726455
1	4368	1388.959280427661	10.970210172118
1	4371	1390.014949680889	1.700501994812
1	4405	1400.935040366371	17.667085953057
1	4414	1403.547081273167	4.618682084256
1	4420	1404.392234297354	32.238026167383
1	4445	1414.087720717536	20.353091048774
1	4456	1417.682792969981	7.441899132915
1	4468	1422.276708986611	6.368875418323
1	4473	1424.723743583193	20.418533834745
1	4493	1433.260989903591	6.718911920558
1	4531	1447.690263440371	26.649486196928
1	4573	1459.214845462704	9.690556993009
1	4585	1461.582789703273	17.833216546102
1	4602	1467.445244823003	34.988321883721
1	4611	1470.730578565159	32.574765240659
1	4631	1475.886433664828	15.768353880732
1	4680	1489.038035862734	17.445765521262
1	4692	1491.89714849403	25.793393729837
1	4699	1493.649547077252	16.379338225582
1	4709	1496.481415434975	41.755222113802
1	4749	1507.283961804003	24.905147533047
1	4752	1507.905088785574	20.051844984526
1	4779	1514.896213347329	21.249954765663
1	4792	1518.353025444319	13.055606179636
1	4799	1520.805083881252	21.414772444754
1	4806	1522.38209323376	6.510809154717
1	4810	1523.52085080359	13.138669926324
1	4816	1527.177164709897	5.311575522646
1	4832	1536.417152017242	2.916275367956
1	4841	1540.276145049956	1.647378732334
1	4876	1556.24321838853	28.632038162441
1	4894	1560.940719520908	16.884400753536
1	4916	1567.706105051218	12.669458390797
1	4963	1579.783884333217	30.5094143725
1	4965	1579.81360703218	19.16132969898
1	4990	1587.14294342441	4.420519008302
1	5000	1589.135493257205	22.525182603977
1	5012	1592.938570935747	15.753615944412
1	5026	1596.709597784331	8.954808230745
1	5028	1596.822354574691	24.728180455742
1	5039	1603.211302346553	3.849897535052
1	5069	1615.578985428209	21.950446841075
1	5084	1620.258456095707	3.727256668383
1	5099	1624.397062879525	19.38775038207
1	5128	1634.540556482623	6.513227254268
1	5135	1637.072425491876	26.376047268741
1	5163	1646.299843502118	23.839061398875
1	5186	1653.689334575787	3.83537212573
1	5215	1661.359466896161	27.552523835096
1	5226	1665.05234227225	20.874635254849
1	5234	1666.684711677607	27.552601588309
1	5248	1672.407384881054	6.776739249938
1	5286	1685.585472058388	30.481382081865
1	5291	1686.464540968765	26.15150042169
1	5309	1690.755117731172	19.222573735985
1	5324	1695.41678888409	18.391905920229
1	5339	1700.486372415794	17.72326535068
1	5359	1706.562295482845	7.12906413048
1	5366	1709.388740801837	21.359701230307
1	5379	1713.768366731124	8.719708873309
1	5418	1725.747246095564	15.361677804613
1	5420	1725.87974167464	10.297540427534
1	5422	1726.224678766101	32.671243797871
1	5471	1742.539124123056	4.340419059154
1	5498	1749.775560389623	28.920772555166
1	5500	1750.031366596466	17.715586889302
1	5524	1759.844892255965	33.415447689826
1	5530	1760.411251807355	17.001313918969
1	5552	1767.653868315278	13.180424057646
1	5585	1776.467330013171	5.649727323325
1	5603	1782.264419045534	22.052634798223
1	5605	1782.539970513435	17.093864365946
1	5610	1784.20593637857	2.55656349659
1	5617	1787.6644114143	38.599753433722
1	5673	1806.516867018424	18.968550386023
1	5677	1806.992612164468	30.916742897823
1	5680	1807.957940165425	14.995202490829
1	5687	1809.468720718874	11.153601738975
1	5753	1831.058481365791	27.105933378563
1	5759	1832.94394176768	23.870963760535
1	5776	1836.676786817964	17.322847635137
1	5786	1840.556782333417	10.327330876375
1	5802	1846.160957773104	31.978885404883
1	5834	1856.962079119634	32.596668707434
1	5883	1868.537300388099	21.63978347578
1	5890	1869.641693269256	17.365421565366
1	5904	1874.779368748077	33.22504580568
1	5944	1884.008378774973	48.161056058126
1	5960	1887.760372243361	24.43232856528
1	5962	1887.901527180923	12.85730794503
1	5966	1888.90544407861	31.237857285647
1	5973	1891.389874597784	10.536186591491
1	5981	1893.543799288459	24.49886784365
1	5986	1895.706421740698	8.932601572588
1	6061	1920.589182220869	12.835885660956
1	6078	1926.10254834814	34.207620115835
1	6080	1926.330530839279	28.587241169532
1	6097	1930.328618339384	10.903216046864
1	6116	1935.635629951957	32.882757331244
1	6134	1941.473200682438	5.904379683663
1	6148	1946.777240317205	22.205746107388
1	6159	1950.165093376654	36.583001521299
1	6195	1959.902603240106	18.663573796279
1	6206	1964.35228426522	11.383944350294
1	6238	1973.242294206868	26.267824526292
1	6247	1974.844160275305	11.284492400475
1	6253	1976.756153890983	46.454353568959
1	6289	1986.334018311817	12.595343824127
1	6291	1986.843128924612	18.146676499048
1	6339	2001.090481185708	11.008022329654
1	6344	2002.545310531398	44.275873539853
1	6352	2004.137197939218	3.522521561943
1	6354	2004.756126750615	25.76353116904
1	6367	2009.449913486959	14.270821261103
1	6380	2014.967726989071	30.772273900569
1	6385	2017.868445984908	11.361697695102
1	6394	2022.386240706086	10.079961380689
1	6420	2033.778905938268	15.627901654574
1	6422	2033.947935526265	9.93410071265
1	6491	2056.73756528716	16.235688484972
1	6499	2058.38850717503	23.162807744228
1	6502	2058.875451617648	29.558781004978
1	6557	2074.98687767331	17.235109411646
1	6559	2075.059777428051	22.771209241706
1	6570	2078.969085469613	32.497759542428
1	6584	2081.720591836265	7.803009358119
1	6615	2090.177738349652	27.006835630625
1	6646	2097.077431247226	12.166303867358
1	6650	2097.709667706284	29.07308872824
1	6667	2102.951880599728	2.118801103789
1	6673	2105.422730954371	14.773916679436
1	6680	2106.624305059904	27.492345533565
1	6708	2116.677287411296	20.936686812314
1	6753	2129.748344689266	23.624697438326
1	6757	2131.505385478846	20.373213731332
1	6780	2138.239883395151	16.537019535899
1	6783	2138.789486877746	22.473940839877
1	6800	2143.514970155324	5.442738751066
1	6822	2150.511162665678	23.498192116384
1	6825	2150.850361340804	7.708744790988
1	6838	2156.129897668033	23.340013293549
1	6853	2162.465545631138	7.929121275549
1	6868	2168.840567415821	3.275817142334
1	6901	2178.056074541303	29.256877393462
1	6923	2184.49595763768	13.759208088974
1	6937	2188.177002629621	27.654648304334
1	6946	2192.050048321959	3.953524683602
1	6959	2195.846068147928	19.233067508904
1	6969	2199.376767717192	16.95288003201
1	6990	2207.740291579052	14.501112977624
1	7005	2212.512642740748	13.618320524694
1	7008	2213.355585881401	8.590126584167
1	7063	2234.127197800096	24.300285869161
1	7067	2234.703351162034	13.67480620544
1	7079	2238.818346159658	23.454929480213
1	7126	2252.533469018185	25.632747534313
1	7133	2253.889893871157	21.075423079658
1	7137	2254.832253952286	16.999749569455
1	7155	2260.108719589545	11.373789928503
1	7179	2267.63958830655	24.53614661505
1	7189	2270.475352986957	16.633189001121
1	7254	2289.433978893801	30.294834711355
1	7272	2294.69340417337	30.249125261209
1	7293	2299.714939926525	30.103396974969
1	7302	2301.526995630361	9.322036077851
1	7325	2307.714431162931	32.265195137821
1	7333	2309.153685770354	6.056776795187
1	7365	2318.868338619602	37.916045941881
1	7387	2323.86073811574	10.000887156114
1	7390	2324.534774737555	16.311797541216
1	7393	2325.609206425148	39.155213076503
1	7403	2328.941487580897	30.867124677522
1	7406	2329.749065107672	3.989812300075
1	7426	2337.632395434087	17.789436577241
1	7428	2338.120265038573	6.527872913167
1	7440	2345.495674339711	8.55806864344
1	7467	2356.962282734815	14.169567955776
1	7496	2366.729493292287	7.208905973471
1	7498	2366.822190547019	18.259667243459
1	7531	2378.790461744187	13.93187561049
1	7547	2382.601256850415	28.916263270192
1	7586	2393.097215166437	16.589869893271
1	7591	2394.015941926748	23.394091121152
1	7610	2399.627971825893	6.884433005702
1	7624	2404.232860859608	16.502927027295
1	7648	2411.537122121203	29.093770074308
1	7674	2418.744354797999	15.754024439492
1	7712	2429.298513191061	31.351326823469
1	7719	2430.593591144197	16.963843600009
1	7737	2436.670813709503	17.328845555428
1	7742	2437.551945706951	2.332218912313
1	7755	2440.814337864408	32.760502721067
1	7758	2441.27731631918	11.289716119762
1	7764	2443.463636825566	18.718230829342
1	7800	2458.323072450357	6.291810814174
1	7825	2465.036133686671	24.410687148923
1	7836	2468.374995785305	21.98277730192
1	7839	2469.381138183183	7.03300139308
1	7862	2478.398068311165	4.365171380807
1	7890	2487.771762102266	30.577670889557
1	7910	2493.006747144632	24.968620504604
1	7969	2508.443111047854	29.155408456224
1	7972	2509.302373074002	24.550187744434
1	7978	2510.943199372274	15.912673421786
1	8017	2521.420751073521	21.167326507742
1	8019	2521.978208324994	31.953171823057
1	8046	2528.126899808302	16.651823719847
1	8053	2530.303783675313	24.150624169154
1	8085	2542.308986991416	19.716516765998
1	8087	2542.602547880851	25.988206579933
1	8102	2547.115548258771	19.038253970795
1	8119	2552.294180831761	18.831962435157
1	8146	2559.992700227194	14.937558981475
1	8164	2563.998484644113	24.8027715059
1	8204	2575.38984995464	24.339789193008
1	8224	2580.793997757143	18.878110883293
1	8239	2585.160673235548	28.723910662811
1	8262	2591.924341896553	7.661172481719
1	8288	2600.240653197289	27.325386436892
1	8293	2600.480311254159	33.38225136732
1	8361	2620.152858711087	41.342134428678
1	8374	2623.22184176243	33.509230962606
1	8379	2624.493670540516	29.414165326044
1	8391	2627.514724630753	27.063784720029
1	8412	2632.95479674079	27.316594306147
1	8428	2637.488013128986	20.150870942043
1	8444	2642.319619859577	19.161660646557
1	8462	2645.506300719344	34.164095678251
1	8486	2653.476838857872	14.107688264456
1	8493	2655.880595467758	22.398266867037
1	8516	2662.924935348458	34.633847024413
1	8541	2669.28907254851	7.019308009884
1	8547	2671.03121312417	20.322038530721
1	8550	2672.004119204943	15.72734902834
1	8571	2680.820697566151	8.226371846745
1	8625	2698.653272111559	53.612862134938
1	8638	2701.558231970532	17.776901679346
1	8640	2702.293402043992	23.911463218859
1	8649	2704.125252609496	14.935712874985
1	8705	2721.234109518354	26.476894713239
1	8715	2723.302222905801	17.009977098671
1	8727	2728.182689473967	10.384350998093
1	8733	2729.041154848305	61.690845732233
1	8737	2730.093660927031	17.918877953313
1	8747	2734.163279462725	5.406326945754
1	8808	2751.062134364738	27.791629072393
1	8813	2752.624517963737	12.794837482972
1	8835	2759.108814118673	58.494983238873
1	8843	2761.125723969659	26.426322548183
1	8863	2765.67472263997	20.136602081248
1	8880	2769.037839018393	18.344571038264
1	8897	2773.203815882681	16.974930708646
1	8899	2773.269040206569	11.346607462853
1	8902	2774.683274282147	2.345422947546
1	8927	2785.952827686797	8.269049906287
1	8936	2788.73087450746	5.977086331462
1	8960	2798.445643536635	31.297751100385
1	8970	2800.946036164654	12.363731265068
1	9016	2816.408326151088	22.746810194105
1	9043	2824.862502271896	19.836698846541
1	9046	2825.690198521019	3.897520723404
1	9048	2825.934631142305	26.547493411693
1	9058	2828.686316493205	12.420895519433
1	9090	2839.664826194878	12.048591365224
1	9097	2842.579090086167	31.978610943654
1	9137	2854.353026860516	16.270318201861
1	9149	2857.482773538102	24.514546156978
1	9163	2861.060930149519	17.041411484011
1	9167	2862.4269878252	7.593333465514
1	9184	2869.111463169456	8.396137013217
1	9201	2875.561656846902	26.336645657662
1	9250	2889.253926775889	22.635157641722
1	9255	2890.94960702281	18.604707912775
1	9275	2896.643640813772	8.058223996196
1	9312	2907.118125077226	29.503563718289
1	9333	2913.111025889525	30.175718421466
1	9351	2918.865748197659	19.08209494187
1	9358	2921.245020350329	27.232717095758
1	9373	2924.640348217688	14.027181270766
1	9391	2930.114322652463	8.173125649686
1	9402	2933.164691203043	27.951565241905
1	9420	2938.83949290007	22.289459876252
1	9438	2944.682293148366	6.367680389084
1	9453	2949.605649041248	17.153220681938
1	9472	2956.330580657236	7.035676532541
1	9487	2960.73170273088	33.660132147489
1	9489	2960.787084322894	5.915534866975
1	9495	2963.879861831786	3.310089633684
1	9497	2965.275683350401	21.005789635471
1	9517	2976.955475860629	11.104295726284
1	9557	2990.470605560119	18.939514493572
1	9580	2997.88421518484	14.839438697206
1	9592	3000.676500592966	7.061039394116
1	9598	3002.920628238008	25.636191557627
1	9600	3003.375029490916	14.866631903104
1	9611	3007.652297045575	8.316921882798
1	9631	3015.955252736926	11.167931294184
1	9654	3026.297510777836	16.493918309686
1	9716	3043.884402547735	17.487586561359
1	9722	3045.408671487244	3.408353832667
1	9724	3045.994731600516	30.29943784594
1	9727	3047.056869125115	26.061435018085
1	9741	3052.341134252964	20.610995303609
1	9743	3052.381708716862	5.180064238026
1	9751	3055.445577087118	18.676181562478
1	9777	3067.177833184023	8.297278703307
1	9829	3084.276501743361	14.858544445829
1	9839	3086.244696350658	33.270826062771
1	9844	3087.429433609247	23.399872665409
1	9850	3090.685706910567	15.593530217302
1	9891	3105.11968802475	24.457827803678
1	9900	3107.657699361798	15.845756906433
1	9902	3107.803921960883	10.345175239607
1	9927	3115.636921580654	29.694384363014
1	9934	3118.412499878912	9.624341599062
1	9945	3122.116179273704	2.519886948867
1	9968	3130.391756473349	5.663001548033
1	9975	3132.083033183247	29.139427728369
1	9982	3134.833487414879	4.296550488682
1	10004	3143.226724361311	28.748167927146
1	10016	3148.575337666793	12.141383380862
1	10042	3159.5167239121	11.836121025844
1	10070	3167.01295346104	25.08126311272
1	10105	3177.862938565792	7.566260702326
1	10108	3178.360998402592	24.691574485276
1	10125	3183.033715192471	7.31417739927
1	10134	3186.198414443998	20.992700900182
1	10147	3189.793107007756	30.558500419722
1	10149	3190.326302823386	8.828988960944
1	10153	3192.512473792311	5.342824831837
1	10159	3195.460087321824	2.707828496001
1	10191	3214.126674184934	16.140087574837
1	10235	3226.14590198466	6.008533677669
1	10241	3228.236487618305	24.659395472727
1	10257	3233.761495238645	24.530953350245
1	10275	3240.533821648693	25.81928802398
1	10277	3241.170738536173	10.183755505597
1	10297	3247.345893801314	5.146506322897
1	10359	3266.254477854127	29.386843738612
1	10384	3273.327235198818	25.881011920979
1	10395	3275.184734267422	49.412074005696
1	10397	3275.998666338513	17.663478940841
1	10405	3278.37888623449	25.30606015213
1	10430	3285.769973725899	22.33235110703
1	10440	3288.314809043899	19.130750808399
1	10482	3300.766049086706	9.94662782026
1	10515	3310.469297512676	31.003413694446
1	10519	3311.227675232807	36.799489549124
1	10554	3320.984877318967	35.787674499327
1	10561	3322.818311835643	15.193344022609
1	10576	3326.473409580773	2.412612240994
1	10579	3327.04149205355	30.406653753484
1	10595	3332.25323787879	30.303595445696
1	10600	3333.640788475178	20.988247731121
1	10635	3345.486792085584	16.192912584753
1	10638	3346.31962555147	28.20073550858
1	10693	3362.055589963808	27.369141403238
1	10705	3365.280374707313	13.860476519796
1	10711	3367.100717432571	26.425604254472
1	10729	3372.894299909482	26.500593776816
1	10737	3374.939482610914	18.272820537677
1	10766	3382.445412552459	20.43502640212
1	10768	3382.453586894213	3.228912868421
1	10786	3388.931274151788	15.500430288143
1	10800	3393.068815989545	25.527726425673
1	10888	3418.234854614955	33.469836688486
1	10898	3421.217575471278	30.494364081768
1	10904	3422.318473284607	26.247340033994
1	10941	3433.09353343433	31.485003048435
1	10950	3434.878277077817	22.558488738726
1	10961	3437.757959575521	30.707224913061
1	10994	3445.390248013902	27.908044505166
1	11016	3451.954100749929	18.076069438829
1	11020	3452.435810061648	29.522662702717
1	11026	3454.420613967126	15.256860942349
1	11034	3456.297803349222	27.887146346157
1	11037	3456.465904966122	1.522334576934
1	11042	3458.800985403949	9.124455777113
1	11108	3482.22537016439	37.54942689522
1	11110	3482.244322230817	15.44963006396
1	11117	3484.144324652976	11.704610607936
1	11133	3491.309915003722	30.452538065493
1	11171	3501.806323391859	17.67213379708
1	11243	3522.116510121046	26.704186027755
1	11246	3522.6955672385	44.258589078786
1	11256	3524.79476351234	34.952924531539
1	11261	3526.53629707674	19.978232076974
1	11288	3533.471417111816	32.101165197321
1	11301	3537.278773777899	19.523462668998
1	11317	3541.371601572617	18.118972513009
1	11323	3544.026189357862	15.332791255201
1	11328	3545.452825609134	11.273367434736
1	11354	3553.554745198353	8.069765598629
1	11363	3556.189888141359	44.054220311809
1	11368	3556.546737310837	16.529283358135
1	11406	3571.988205798444	21.23632232379
1	11457	3585.488880114755	12.065211789566
1	11461	3586.415393295474	18.713203052757
1	11466	3588.907639560532	32.495045879856
1	11481	3595.457142555628	33.471145763293
1	11512	3603.32184431761	7.55598037818
1	11514	3603.610839615701	24.610637720325
1	11533	3609.822830082973	8.395175839424
1	11570	3619.817906355261	8.11480374285
1	11576	3621.07366539667	30.775292550797
1	11581	3622.641419525497	37.662654835262
1	11586	3623.709079212169	6.028597072582
1	11588	3624.031880523556	17.351293268617
1	11593	3628.711215370576	5.119540082989
1	11626	3644.961037259208	4.912683773669
1	11656	3653.959868341925	8.722389525267
1	11662	3656.14856482682	21.769591353715
1	11673	3659.840299524142	30.763341446174
1	11702	3668.872487726047	17.681781056685
1	11725	3675.532185394211	3.011575210491
1	11730	3677.706567439145	21.215422315175
1	11739	3679.669587115184	12.676945662009
1	11745	3682.179488797915	20.591097408906
1	11766	3691.03769216024	7.660185279209
1	11810	3705.735326331584	6.091229646699
1	11830	3711.934383414464	34.055703627878
1	11861	3721.290153779566	4.935460929526
1	11867	3721.75773580641	32.460942583507
1	11870	3722.412920037759	27.999140412546
1	11931	3738.877833836488	34.085661029442
1	11936	3740.164869184733	18.518409966607
1	11941	3741.649231375552	31.257466406675
1	11952	3744.180387747488	17.487817223885
1	11987	3754.406338032696	7.254187531187
1	11991	3755.855573842428	19.036412204963
1	11993	3756.634172470089	14.729116823991
1	12023	3769.275150626907	37.572407609548
1	12052	3776.771303293537	23.745318150611
1	12062	3779.560847328173	21.219398967806
1	12075	3783.088952098401	19.656070798285
1	12082	3785.43727130153	16.069508196437
1	12102	3791.941834806594	5.22317360493
1	12114	3795.340695936708	20.104216767007
1	12164	3811.319283565166	30.348595192304
1	12212	3825.258749019713	32.624968441317
1	12219	3826.49657692156	28.087903580861
1	12229	3829.576398448331	26.012036970117
1	12250	3835.143745973947	9.980029133844
1	12274	3840.548988075356	10.362789519946
1	12294	3845.617855594389	36.341748000239
1	12300	3846.318881771538	31.849899053107
1	12320	3850.914032483949	15.145776080432
1	12358	3860.630908474221	40.588426514878
1	12371	3864.187202135578	12.909316323697
1	12375	3865.652046723535	24.803312281146
1	12382	3868.081918227147	21.875662667093
1	12408	3876.599486910981	19.675078834172
1	12452	3889.535359961808	27.088578807539
1	12465	3892.4408802261	19.01809763757
1	12478	3896.665365823672	6.859646029187
1	12481	3897.200219558331	2.162257245974
1	12493	3901.26440253634	33.200370920707
1	12499	3903.436718247262	2.644810525119
1	12501	3903.469481279622	24.434865370394
1	12514	3910.923977050593	4.19875023805
1	12525	3915.847218014778	3.186182933394
1	12566	3931.071267519859	47.028977802025
1	12630	3949.215231452148	31.156207014572
1	12634	3950.067894584162	15.175176956574
1	12644	3952.123045356724	28.25365304295
1	12651	3955.087281824102	25.681693414692
1	12658	3956.242743312975	16.182656802586
1	12681	3963.207454978499	17.983317811506
1	12723	3975.82881081641	20.327126085293
1	12756	3984.304865213356	33.811090600444
1	12766	3986.688784663111	8.545756325824
1	12770	3987.708027791244	20.475160018076
1	12778	3989.179042185551	27.760114304837
1	12806	3998.437646290415	25.368011507788
1	12841	4007.872765929566	24.422153139138
1	12844	4007.957271952427	19.320801735857
1	12859	4012.889862070337	19.066347616027
1	12863	4014.371620869273	5.297801365376
1	12894	4025.364570215005	26.505911387386
1	12910	4030.541776386798	5.58395776432
1	12927	4034.582629527092	3.946780941566
1	12949	4039.97950451671	25.458078750993
1	12970	4046.29135745951	42.335402169497
1	12979	4048.269210993555	28.551339172292
1	12983	4049.68117873034	8.020484112785
1	12999	4056.471242729235	8.812915901304
1	13016	4062.532685576252	26.863561837238
1	13051	4074.564988159003	15.404754119111
1	13064	4077.326757977379	12.748879078428
1	13084	4083.876995983193	30.477711566606
1	13106	4089.656205504912	8.602318561637
1	13111	4091.1498531215	21.242214280414
1	13156	4102.671030339331	5.61767858523
1	13165	4106.271218670775	30.635052165016
1	13167	4106.363818073656	20.286038829945
1	13178	4110.303633226792	18.483551736456
1	13181	4111.217376017836	9.068439726832
1	13230	4129.999738380091	11.267045100685
1	13232	4130.180613207758	22.102469062083
1	13250	4135.44992920315	22.087781516136
1	13255	4136.181219955451	5.897560816025
1	13273	4143.111291136952	18.769850314943
1	13328	4161.274308447272	25.243938693312
1	13331	4162.132802424032	20.988090341445
1	13354	4167.48114718172	10.056034033187
1	13364	4169.890825245424	23.51264738536
1	13366	4169.945641451991	17.796672294614
1	13421	4187.478165529911	8.341716800816
1	13436	4191.030522848258	22.190937224776
1	13441	4192.344833372404	2.55378094269
1	13444	4192.744149073388	8.400256876486
1	13452	4195.575383146538	32.632187402808
1	13456	4197.911640657471	23.843501628725
1	13481	4210.406190761608	3.726167642511
1	13496	4215.45948685311	14.68477132381
1	13529	4225.282556218223	13.309850787861
1	13533	4226.64224933112	31.243342008673
1	13590	4241.945456459082	24.900422943407
1	13602	4245.196807312206	11.902103679601
1	13631	4254.163332751848	26.16792274837
1	13644	4257.01930525027	34.181565781939
1	13662	4262.694247028221	18.533104464528
1	13670	4266.014518806489	27.177113894139
1	13677	4267.118345210575	17.247964286246
1	13702	4273.769140758215	1.339414598304
1	13711	4277.383971110696	16.305475440573
1	13734	4283.47430518457	27.840821137185
1	13749	4288.466919132053	21.480248310601
1	13755	4290.062678350963	12.508643435664
1	13818	4309.554892613563	26.679986511356
1	13837	4314.223108104908	3.738727698102
1	13841	4315.37844110142	22.052670277424
1	13853	4319.347626695886	31.275775503366
1	13879	4326.310694040044	27.256473200628
1	13892	4330.127241027669	14.10037662892
1	13904	4333.859554909882	12.071808366572
1	13940	4344.752341858587	40.143862994851
1	14002	4361.429488019799	23.191237830559
1	14004	4361.509517684126	28.442057756242
1	14007	4362.805916027644	35.712914670119
1	14028	4368.975531170156	9.260017654392
1	14030	4369.45565050213	14.810265308712
1	14046	4374.072284574167	9.214954080293
1	14049	4374.681652840935	30.584181895477
1	14070	4382.219087356596	11.95556556119
1	14139	4400.925579646611	51.593758950705
1	14152	4403.7626608587	22.623514467385
1	14162	4407.079141503096	31.020450999844
1	14174	4411.512875697586	24.930304465348
1	14185	4415.282363755172	23.590003590096
1	14189	4416.473594748308	13.403416567595
1	14213	4423.603932633659	14.544063274166
1	14217	4424.628602130932	10.239560298737
1	14260	4436.765334250067	17.110517811378
1	14289	4445.041110844826	47.910807949254
1	14306	4449.491809671408	24.202061269083
1	14334	4457.65666562716	5.159741024487
1	14348	4461.002223012284	2.734463387169
1	14360	4464.636811296815	34.286016514872
1	14369	4467.371835066949	31.509717192733
1	14386	4472.500622536651	25.161231214064
1	14409	4478.771685823929	15.110765090562
1	14438	4485.701771938606	5.853893285268
1	14448	4489.200073297848	15.127496746368
1	14452	4490.615981345195	21.686478408635
1	14461	4494.449416997972	52.736267563305
1	14509	4508.44930355648	17.745582874165
1	14532	4514.739567119407	29.504375898742
1	14539	4516.652359174344	9.327786298467
1	14546	4517.703739734148	21.733454438625
1	14548	4517.828689732835	5.28556738398
1	14571	4528.221340113098	26.807912170419
1	14618	4540.954554778652	7.560373740386
1	14624	4543.347418867298	25.792396243429
1	14654	4551.2198447853	22.939273907338
1	14661	4554.527846808326	31.816412430024
1	14679	4559.832313352163	21.316906392693
1	14681	4559.978118834332	15.72079125396
1	14707	4568.438270870027	13.350369847263
1	14709	4568.739839542438	8.350703296485
1	14735	4576.717740241918	26.978317909875
1	14742	4579.488979006547	8.351493980152
1	14751	4582.689276168951	16.730082600494
1	14756	4584.724051961573	8.516532439157
1	14777	4593.930289279916	6.233515981584
1	14791	4599.474130336908	17.548507557018
1	14806	4606.893269017355	8.506090078737
1	14816	4609.463445180577	16.277778124205
1	14821	4612.43942696754	8.317061653244
1	14850	4625.40323985032	5.530009840499
1	14860	4628.477231974263	19.178668453125
1	14884	4636.550818801058	21.698080594302
1	14907	4643.885610497456	18.300866177422
1	14911	4645.104555530489	8.734190426068
1	14926	4651.171952363585	20.170716879424
1	14971	4664.068482289336	22.029776506355
1	14987	4668.47198422185	9.781190719223
1	15004	4672.721107389795	8.583516450832
1	15009	4674.850529580164	27.230186935052
1	15017	4677.31963742724	24.556379893679
1	15057	4690.666645411418	3.917028169613
1	15069	4693.424446713661	23.959671976277
1	15080	4696.769857942958	21.479655346251
1	15097	4702.595924145907	4.921118100057
1	15118	4708.632199608153	27.515575852592
1	15143	4716.530112229071	24.264008102007
1	15160	4720.749858765644	17.914951857643
1	15183	4726.836368547653	18.798210038455
1	15196	4729.829651965892	16.314599232166
1	15206	4733.266615448535	9.18122116127
1	15231	4742.255437413828	7.316293541691
1	15235	4743.487937157175	24.638472429128
1	15294	4761.364109611157	31.843853666915
1	15301	4763.733012938771	17.171560723218
1	15303	4763.830949594285	23.073177046145
1	15311	4765.782270851329	13.618487793255
1	15369	4784.076597937514	15.049301853753
1	15388	4789.094671458836	31.210606809822
1	15399	4791.237737475094	6.273674876778
1	15404	4793.08254893335	29.235516071784
1	15443	4806.138757412337	26.810372928623
1	15454	4808.372740317618	34.159334405094
1	15459	4809.315749326968	13.130293773254
1	15495	4821.699507804602	2.328346266644
1	15497	4821.915663281005	8.399088318693
1	15503	4824.129299498294	22.018983577261
1	15509	4825.520651617685	35.030650655856
1	15560	4842.740630463361	35.043844891594
1	15591	4851.565092287858	26.385093538209
1	15601	4853.763844952816	12.057571820332
1	15608	4855.567618155052	19.347647755989
1	15611	4855.887322089999	25.251978518092
1	15614	4856.508110531969	9.031454308074
1	15622	4859.905078826604	1.880349276704
1	15638	4868.314114499968	15.722962037543
1	15681	4883.459895557622	9.223218461382
1	15692	4886.107152415222	22.463693097467
1	15710	4892.146075896001	23.203736900351
1	15775	4911.014914604384	14.109514973359
1	15779	4911.675646581586	26.519920862863
1	15781	4911.681848676424	32.293890592409
1	15808	4919.804452449216	6.191066948814
1	15810	4919.894306914547	28.819067467587
1	15875	4937.495832698434	35.052276580128
1	15884	4939.872454365613	32.109641807269
1	15894	4942.022336510375	23.355437131482
1	15924	4950.674740551057	26.263153508307
1	15939	4954.155794990498	19.334823065438
1	15942	4954.495110246133	24.837373797546
1	15944	4955.127262765557	9.032991196495
1	15954	4958.135665118244	6.568949741079
1	15958	4960.275005232907	2.913542231196
1	16002	4978.138799544789	37.991107607843
1	16035	4987.273096726288	24.024978600207
1	16081	5000.64093394963	26.091620549675
1	16092	5002.923924799325	11.476446874674
1	16095	5003.789295879442	34.885777975202
1	16098	5004.434896466221	7.391486070237
1	16101	5005.651452785257	25.374054439251
1	16109	5008.159182951103	22.270983370023
1	16130	5016.785564397825	3.424133043853
1	16162	5027.367522978939	25.11548816087
1	16210	5040.645245761158	32.663843270158
1	16226	5045.211167041109	20.12834042951
1	16237	5047.408639175946	28.126251140492
1	16252	5051.109446876229	3.825517013668
1	16259	5052.671808732685	21.835988689445
1	16287	5061.420301717487	19.310105155223
1	16323	5071.25053907699	34.712115655883
1	16330	5073.770514151441	3.511820391632
1	16374	5086.421771628447	27.47472402209
1	16377	5086.774143615868	33.659353313153
1	16390	5090.327749020901	25.392729063753
1	16416	5099.43576672721	12.533799551193
1	16441	5106.366324743504	30.327786549229
1	16468	5113.559251757004	15.851282057935
1	16472	5114.551061488936	32.749288776193
1	16484	5117.833132327548	25.384065666469
1	16488	5119.077082561926	15.833611219307
1	16491	5120.15674163193	5.138387334999
1	16519	5131.129240044525	22.002905969626
1	16592	5152.557540529419	15.090960804371
1	16600	5154.549030501524	33.83701006125
1	16611	5157.441320607917	9.167292051948
1	16613	5157.73208937062	4.158494843986
1	16617	5158.867354556581	32.442724806371
1	16629	5163.608173641624	31.722621246475
1	16646	5168.999288470497	4.701313772937
1	16657	5172.090124879161	12.874472695984
1	16675	5178.531738715725	3.358307154849
1	16686	5181.716740692279	11.955481748328
1	16693	5185.083361992279	41.948755321212
1	16702	5189.211994329481	2.976441619918
1	16730	5199.993548121201	18.914139419911
1	16750	5206.899130579447	9.664220919717
1	16772	5214.634444895795	6.090817754506
1	16774	5214.770642986418	22.567485440872
1	16776	5214.812578888972	12.243254171102
1	16787	5222.358313342103	2.564094552072
1	16791	5224.713807320583	10.919322857749
1	16841	5244.889641569124	8.817919316119
1	16857	5249.229220137245	8.090151050361
1	16866	5251.766338153523	26.296574569309
1	16874	5254.106879184031	23.246397979554
1	16892	5260.866236415121	8.667943767388
1	16905	5265.687584729528	18.698549476802
1	16912	5268.886111752608	10.712806521683
1	16924	5274.330124422801	10.401701895868
1	16926	5274.765649516962	5.019949757611
1	16933	5278.23724694074	2.994994744776
1	16960	5293.257110940071	1.341019592015
1	16982	5302.179928990676	21.167417826947
1	16996	5307.203650302383	9.592979239883
1	17014	5312.984242412041	26.080634691753
1	17040	5321.017829861969	7.03707262501
1	17066	5328.605852561315	25.453025524969
1	17083	5333.571089732473	8.567447208101
1	17089	5335.072086937272	26.215807870496
1	17099	5338.186332671101	18.509503646172
1	17105	5341.020080801461	10.232231982402
1	17130	5350.964733702608	15.089275214123
1	17201	5371.423495746812	29.654149949435
1	17211	5373.651358496176	21.631919364677
1	17215	5374.687660859676	27.833889705594
1	17245	5383.23994386139	26.046208766637
1	17284	5393.579838563351	25.877978023491
1	17291	5395.399452461291	32.885632492718
1	17314	5400.690717364325	27.24023903173
1	17317	5401.01439142764	22.31090111402
1	17323	5401.994986937976	11.933558037389
1	17341	5407.982458962374	23.763063667344
1	17346	5409.37270191802	8.195333617972
1	17371	5417.754083227961	11.04023764201
1	17422	5433.435407390946	37.431217333185
1	17425	5434.172098577385	21.933956925409
1	17441	5437.909941563277	15.016053679747
1	17479	5447.409929858766	29.681513854536
1	17499	5453.695041113429	2.926718746196
1	17507	5456.159792632575	21.927682232577
1	17525	5461.243674701438	32.634579011585
1	17532	5462.794706869301	22.5646122318
1	17570	5473.147886111182	16.618981589798
1	17581	5476.715834974438	30.966594523399
1	17583	5477.185008523882	9.921422802727
1	17591	5479.264541024585	6.612357863455
1	17595	5480.783557253902	2.784949096618
1	17597	5480.892346332327	19.312818416394
1	17658	5507.027941202293	17.735251171516
1	17670	5511.900212108401	28.002077330135
1	17675	5513.647419934288	7.947965839062
1	17683	5517.383901025763	22.162998721819
1	17698	5536.724259895983	36.174517388456

