version 3
run General-3-20240430-20:30:43-5480
attr configname General
attr datetime 20240430-20:30:43
attr datetimef 20240430-203043
attr experiment General
attr inifile omnetpp.ini
attr iterationvars $0=true
attr iterationvarsd true
attr iterationvarsf true-
attr measurement $0=true
attr network Supermarket
attr processid 5480
attr repetition 3
attr replication #3
attr resultdir results
attr runnumber 3
attr seedset 3
config network Supermarket
config repeat 10
config num-rngs 10
config **.use_random_strategy true

vector 0 Supermarket queueSizeOverTime:vector ETV
attr recordingmode vector
attr source updateQueue
attr title queueSizeOverTime
vector 1 Supermarket customerWaitingTime:vector ETV
attr interpolationmode none
attr recordingmode vector
attr source customerFinished
attr title "cust waiting time"
0	7	5.458054946968	1
0	14	11.375032927375	1
0	21	16.019193224959	0
0	26	17.038080834318	1
0	38	22.681142681278	1
0	53	28.281213496346	2
0	56	29.298090248019	0
0	67	33.516271388391	2
0	79	38.539870219771	1
0	92	43.607061276093	1
0	96	43.716887078248	2
0	97	44.847623396199	1
0	112	49.235063422471	2
0	113	49.236521039974	1
0	120	51.683495351231	0
0	129	54.307647310197	1
0	131	54.717424322732	0
0	144	59.503418567823	1
0	157	64.738599068485	3
0	169	69.351250676553	2
0	175	70.603704640874	2
0	187	75.450269312716	1
0	189	76.035167384659	0
0	194	76.338657222688	1
0	199	78.954923910091	0
0	207	81.515499001834	1
0	219	87.3628271498	1
0	223	87.418012846959	1
0	243	93.349344026762	2
0	244	94.098847240907	0
0	260	98.72576426505	2
0	269	101.87750433653	0
0	272	102.473570393398	1
0	275	104.219836139935	1
0	279	104.219913385807	2
0	289	109.595907095585	1
0	295	112.711056405561	0
0	303	115.11128921178	3
0	308	118.055528869734	0
0	313	120.497441296697	1
0	317	123.08936908585	2
0	324	125.554143696556	3
0	331	128.387390555581	0
0	336	130.760694971539	1
0	347	135.979367477352	1
0	361	141.677317646098	4
0	376	147.019024387466	1
0	396	152.592112896264	5
0	403	154.081652129768	0
0	406	154.638700486858	4
0	409	155.821684333959	0
0	417	157.680195571155	5
0	429	162.84337646095	1
0	431	163.42624858976	0
0	442	168.628030087798	6
0	445	170.406724116998	0
0	452	173.967397149419	1
0	463	179.433248966932	7
0	473	184.92681060289	8
0	476	186.196913594613	7
0	485	190.594991049962	8
0	487	191.28753409267	0
0	495	195.642821948277	9
0	503	200.953832170461	10
0	506	203.960312297219	9
0	512	206.647187229479	10
0	519	212.109724018257	1
0	530	217.522869602078	1
0	533	218.36053378426	9
0	547	222.846903427736	10
0	562	227.620409524535	0
0	566	227.855899064335	1
0	581	233.452360727125	2
0	596	239.047705993638	0
0	600	239.069848045473	1
0	614	244.563311733537	1
0	623	247.481414479669	9
0	630	249.354616491473	8
0	635	249.66434993944	2
0	638	250.626262998558	1
0	657	255.603505670557	9
0	678	261.209559236651	2
0	682	262.056085941034	1
0	693	265.907241001958	8
0	697	266.337400561196	2
0	700	266.852616395684	1
0	703	267.819971660152	1
0	709	269.382090440953	0
0	720	272.276991199234	2
0	736	278.27009433368	1
0	739	278.864858387271	1
0	744	280.124326803604	7
0	756	283.447001974329	2
0	775	288.608720206886	3
0	777	289.075574537856	2
0	782	289.996129130246	6
0	794	293.825395541151	0
0	796	294.263165164852	0
0	801	294.476306421214	3
0	812	299.817169666055	1
0	820	302.810530961954	0
0	825	304.641318235315	5
0	829	305.141762397482	6
0	834	308.125964095118	2
0	840	310.192416404604	3
0	852	315.640050682236	7
0	864	321.171689729203	1
0	875	326.450774992347	0
0	879	326.801603445082	1
0	893	332.615872982654	2
0	900	335.03214552661	6
0	902	336.112263714312	2
0	911	338.528254482427	3
0	928	343.845375169765	4
0	942	348.909225841754	5
0	946	349.652405283412	6
0	950	350.598983318891	3
0	966	355.523325786458	7
0	982	360.674932078689	4
0	989	362.866619046548	6
0	999	366.257654769344	3
0	1000	366.804835792747	2
0	1016	371.636668009681	7
0	1029	376.03360534343	1
0	1032	376.832299764964	3
0	1037	377.335197763748	4
0	1053	383.272920907938	8
0	1063	387.199329518826	3
0	1070	388.952706637324	2
0	1074	391.054098963157	1
0	1081	393.760826874293	7
0	1085	394.802529600679	8
0	1102	400.337773606178	9
0	1109	403.889479669977	0
0	1117	405.957260051972	1
0	1131	411.681368832473	10
0	1144	416.68281530577	2
0	1150	417.584415145913	11
0	1156	419.708892267431	10
0	1158	420.335958142765	0
0	1165	422.730187694771	1
0	1179	428.321469220562	1
0	1181	429.398041061006	0
0	1195	433.942003300876	0
0	1199	434.310127762375	1
0	1200	435.106180714791	1
0	1216	440.211117306254	11
0	1225	444.172092102464	0
0	1230	445.916289119977	1
0	1231	445.985311534953	0
0	1238	449.312187039879	10
0	1246	451.476603488201	1
0	1251	453.646047858518	0
0	1259	457.346023044079	11
0	1271	462.552506688978	1
0	1286	467.649753370551	2
0	1295	471.171374490603	10
0	1300	472.315231627201	1
0	1307	473.550009559836	1
0	1326	479.37902863626	2
0	1332	481.306317951299	9
0	1347	485.24603320425	10
0	1367	490.521824281892	2
0	1377	493.165393255996	1
0	1381	494.211720604329	0
0	1388	495.529742398063	2
0	1406	501.226723882133	3
0	1409	502.135201057299	1
0	1411	502.878594359495	2
0	1417	504.774860430275	9
0	1425	506.337216474578	2
0	1431	508.495787649994	1
0	1442	511.581953727637	10
0	1454	516.568008734378	9
0	1460	517.532989831871	10
0	1475	523.38246799749	11
0	1478	524.213265818542	10
0	1482	525.548587335155	0
0	1492	528.782660104564	11
0	1497	530.962883160444	1
0	1499	531.157321067758	10
0	1503	533.082978224729	9
0	1509	534.680224487089	10
0	1520	539.783251440615	1
0	1529	542.673980719753	0
0	1535	545.072458556383	0
0	1539	545.712779422287	1
0	1551	551.4259805656	1
0	1552	551.714685046227	9
0	1566	556.692992463238	10
0	1577	560.931401051344	0
0	1583	562.569280611813	1
0	1598	568.358494154407	1
0	1612	572.455534599021	9
0	1619	573.777014670657	2
0	1621	574.616876019512	0
0	1636	579.314825484991	3
0	1649	584.826955610299	0
0	1654	585.278418313708	10
0	1665	590.953130734848	1
0	1668	592.675996750008	9
0	1683	596.743142232062	4
0	1699	601.977630031757	2
0	1702	602.310062437315	3
0	1710	605.507139831078	1
0	1717	607.526242602147	10
0	1730	612.743772888204	9
0	1735	613.371624292336	2
0	1749	619.140158824153	1
0	1770	624.430742925029	10
0	1789	630.237853469556	3
0	1794	631.669387941708	2
0	1798	632.61250674596	2
0	1802	633.059298509261	0
0	1805	634.122286150343	1
0	1807	634.52252319839	9
0	1814	635.547441685568	10
0	1826	640.607814564831	2
0	1833	644.206527512981	1
0	1843	646.377993807192	1
0	1848	647.887755288152	1
0	1864	651.401485056612	2
0	1878	655.170204013232	0
0	1882	656.644209644172	9
0	1887	656.747299061152	1
0	1907	662.122788360338	10
0	1915	664.537872508164	9
0	1928	667.414428821295	10
0	1945	672.450464147253	1
0	1949	672.462135029952	2
0	1951	673.2716925065	0
0	1967	678.20818225224	3
0	1983	683.900684260758	4
0	1994	688.134933681105	3
0	2000	688.909302284237	2
0	2002	689.634265309426	1
0	2017	694.046354666114	1
0	2019	694.656366440228	9
0	2037	699.4847562015	2
0	2050	702.986540174804	2
0	2062	705.449833678076	3
0	2082	711.165755960153	3
0	2102	716.347350097954	2
0	2106	717.583683957687	1
0	2108	718.116760334695	2
0	2124	721.47902663261	3
0	2132	724.208615957635	8
0	2147	727.390893956873	2
0	2152	728.967823188045	2
0	2168	733.260832929978	3
0	2190	738.710700853024	9
0	2194	739.444068757696	2
0	2196	739.862569238283	1
0	2213	744.260070402403	2
0	2214	744.437976546344	2
0	2227	747.84321206423	8
0	2237	749.920396698168	3
0	2256	755.598094967534	1
0	2260	755.60534388036	2
0	2270	758.616008571811	1
0	2275	759.933599606153	0
0	2282	761.456635421603	9
0	2289	763.51702349993	2
0	2301	767.418011719822	10
0	2318	773.231266496698	1
0	2335	778.501741072504	9
0	2341	778.93328743963	2
0	2342	779.162047204091	1
0	2348	780.653018631731	1
0	2351	781.411071168014	1
0	2353	781.897140674982	8
0	2359	783.484444260006	0
0	2365	784.917735430407	1
0	2386	790.374080314063	9
0	2406	795.95679167937	2
0	2409	796.955394866865	0
0	2421	800.963044026862	1
0	2422	801.17990587593	0
0	2428	803.295327364927	1
0	2438	805.980316752331	1
0	2452	810.405642701075	0
0	2458	811.815852817842	2
0	2462	813.31510812823	8
0	2473	817.338286981913	2
0	2474	817.465822952445	1
0	2478	818.605488567724	0
0	2490	822.799990921509	3
0	2502	828.257076992648	4
0	2511	833.326125085464	3
0	2515	833.866760113737	9
0	2517	834.720916432201	8
0	2529	839.060082790437	9
0	2536	843.93636816739	8
0	2541	844.91624652687	1
0	2552	849.475129027265	0
0	2558	850.286421027263	1
0	2566	853.390155811551	7
0	2574	855.672475076975	2
0	2576	856.081031540286	2
0	2593	861.600872843522	3
0	2610	866.652818361759	1
0	2619	869.306341533771	6
0	2624	870.349851372059	5
0	2627	871.205693618738	2
0	2635	872.261771324785	6
0	2645	875.230110529457	1
0	2657	877.303628579244	7
0	2661	878.805706456991	6
0	2677	882.423871110888	7
0	2683	884.34771985991	0
0	2691	887.643431167928	1
0	2696	888.223980255887	1
0	2706	890.471461092701	0
0	2718	893.960627520453	2
0	2722	895.209178160058	0
0	2725	896.377671477023	6
0	2733	899.226225858318	7
0	2737	901.234665849706	1
0	2747	905.058991445691	8
0	2759	910.601503507464	9
0	2760	911.249453725869	0
0	2768	915.93802465568	1
0	2776	920.643812917976	8
0	2780	921.835835478731	1
0	2797	927.833181132792	2
0	2815	933.514761183408	9
0	2825	937.508396039123	8
0	2831	939.093342033678	3
0	2848	944.547782224833	9
0	2849	944.587694751096	2
0	2865	950.409524314103	2
0	2868	950.8795801755	1
0	2883	956.22906772373	1
0	2884	956.350927395858	0
0	2894	960.786287315538	1
0	2899	962.03725124813	8
0	2903	962.125142581991	2
0	2908	963.585824195177	1
0	2923	967.817769746061	2
0	2937	973.281066140158	3
0	2938	973.375923626355	2
0	2957	979.138727280076	3
0	2958	979.63114663353	0
0	2972	984.449888507135	1
0	2988	990.167290883835	1
0	2993	991.691506880906	7
0	3006	994.759276299852	2
0	3013	995.644870328249	8
0	3020	997.853884891025	0
0	3030	1000.664125447392	3
0	3041	1004.429195639676	2
0	3045	1005.712541841192	7
0	3050	1005.999345516318	1
0	3058	1008.612274225681	0
0	3069	1011.405173888195	2
0	3086	1016.674006480023	3
0	3087	1017.321470545954	1
0	3099	1021.799627957863	1
0	3104	1023.127334865857	2
0	3107	1023.878589677041	1
0	3117	1026.231182285226	6
0	3123	1027.412032573016	2
0	3142	1032.672442957291	7
0	3145	1033.110878101548	0
0	3158	1037.47860869602	1
0	3162	1038.269649255087	8
0	3177	1043.940595732068	2
0	3183	1045.562090953462	1
0	3188	1047.844481946434	0
0	3190	1047.947624602694	7
0	3196	1049.59894045186	2
0	3206	1054.652259184278	1
0	3215	1058.378506322854	0
0	3220	1059.968991829426	1
0	3224	1060.544129397718	8
0	3232	1064.811236516329	7
0	3238	1066.021919148041	1
0	3253	1071.990709896896	8
0	3262	1076.187448198086	0
0	3268	1077.36897246423	1
0	3282	1082.513354821595	9
0	3284	1082.757217424221	0
0	3295	1087.61613752623	1
0	3306	1092.693413297762	0
0	3311	1092.997168750268	1
0	3312	1094.062849771219	8
0	3326	1098.163389716529	2
0	3330	1099.351434611713	0
0	3332	1099.375290271592	1
0	3339	1102.88518944719	7
0	3343	1103.769922834354	2
0	3354	1108.961379243525	1
0	3371	1114.607480719218	1
0	3377	1116.822462123224	6
0	3394	1120.510449624153	2
0	3397	1121.176824254567	1
0	3407	1124.368788554679	1
0	3413	1125.469987641541	5
0	3418	1125.787664830683	2
0	3428	1128.67439073266	0
0	3436	1130.938737769377	1
0	3453	1135.980721853672	2
0	3466	1140.280544141537	0
0	3468	1140.297038075393	1
0	3473	1141.130685715469	1
0	3494	1147.083190735195	3
0	3497	1147.723312703538	0
0	3499	1148.30373078106	4
0	3506	1150.684425603352	3
0	3512	1152.296872321747	1
0	3519	1154.075873228601	2
0	3535	1158.249350146156	2
0	3550	1163.386630825103	2
0	3556	1163.75833979179	2
0	3558	1163.97133228717	1
0	3572	1168.171875989993	1
0	3578	1169.153184371999	2
0	3586	1171.100303047567	1
0	3599	1174.254021435964	0
0	3606	1175.033931785727	3
0	3607	1175.484293679238	2
0	3612	1176.916002275071	1
0	3624	1180.75159072643	2
0	3642	1186.176664415745	3
0	3652	1190.289402086055	1
0	3656	1191.467441162909	0
0	3661	1191.749002514871	4
0	3662	1192.317168670122	0
0	3670	1197.297125387935	5
0	3671	1197.854512784977	4
0	3678	1202.870035165686	1
0	3689	1208.841040076686	1
0	3706	1214.255026309749	1
0	3727	1219.919479948932	2
0	3733	1221.890888961963	1
0	3735	1221.912635865501	3
0	3741	1223.450210835202	0
0	3748	1225.413776646133	1
0	3769	1230.758377488933	2
0	3792	1236.670391981022	3
0	3793	1236.940832442371	0
0	3807	1241.89611890353	2
0	3821	1247.042756263164	4
0	3823	1247.473822483325	3
0	3834	1251.342592637055	2
0	3836	1251.57484266476	2
0	3842	1252.984306706113	3
0	3852	1257.39561072958	2
0	3858	1258.730516999259	3
0	3873	1263.847683660684	4
0	3882	1267.820857804849	1
0	3889	1268.878916539483	3
0	3891	1269.194491818546	0
0	3894	1270.297330835833	2
0	3905	1274.625161163274	5
0	3914	1279.485508851588	4
0	3918	1279.768871855454	1
0	3937	1285.484838354632	2
0	3939	1286.325471651738	1
0	3954	1290.884703554211	1
0	3974	1296.009325301738	3
0	3979	1297.902727621955	2
0	3997	1301.932201015528	5
0	4005	1303.44601098797	1
0	4009	1304.720825616151	4
0	4017	1307.330715463029	0
0	4023	1307.644269599111	2
0	4042	1313.275438053996	3
0	4047	1314.47571389924	2
0	4052	1316.08225634426	0
0	4054	1316.99933940917	1
0	4061	1319.257761559446	1
0	4068	1322.749651985706	0
0	4074	1324.315466827477	1
0	4089	1330.05246647773	2
0	4103	1335.112675318724	1
0	4115	1339.364461549439	3
0	4118	1340.227131738556	0
0	4123	1340.463241058864	4
0	4139	1345.960266423175	1
0	4146	1347.963574301913	0
0	4154	1350.719656084894	1
0	4156	1351.315094780174	3
0	4161	1351.410060293503	2
0	4166	1353.725962835709	0
0	4175	1357.100764172381	3
0	4186	1363.092616224192	4
0	4195	1368.106912838757	4
0	4206	1372.612386561694	3
0	4210	1373.172431653362	5
0	4212	1373.384114549958	4
0	4223	1378.28631178429	4
0	4237	1384.258716185108	1
0	4255	1390.216858604221	1
0	4265	1393.628441897102	0
0	4272	1395.307278364428	1
0	4282	1398.116243329129	3
0	4292	1400.578622152327	4
0	4298	1401.947078663502	3
0	4313	1406.084100239674	4
0	4333	1411.775360905795	2
0	4337	1412.733537164513	1
0	4343	1414.680365864998	0
0	4354	1417.190892612326	5
0	4368	1422.196196013127	2
0	4369	1422.934372003303	4
0	4372	1423.962723425472	3
0	4380	1427.066562641178	2
0	4386	1427.881522401233	3
0	4401	1433.198255409484	5
0	4405	1435.535419911025	2
0	4411	1437.290667948545	1
0	4419	1439.113930329445	6
0	4434	1444.274940165688	2
0	4449	1449.376278601817	1
0	4458	1452.625345812292	1
0	4461	1453.41185645619	5
0	4470	1454.90171746141	2
0	4472	1455.112801638661	0
0	4479	1457.026717118336	1
0	4489	1460.625724546841	3
0	4504	1466.051424406233	1
0	4522	1471.569460424592	2
0	4525	1472.447672778154	4
0	4530	1473.498151111761	3
0	4532	1473.880471523382	2
0	4545	1477.038205779621	3
0	4552	1478.898539002748	2
0	4555	1479.77091618266	2
0	4563	1481.647724442997	0
0	4565	1482.136300578011	1
0	4571	1482.658132463226	2
0	4578	1485.677686731093	1
0	4586	1488.095487920333	1
0	4604	1493.9475555378	2
0	4612	1495.997059135581	0
0	4626	1499.784992022671	3
0	4629	1500.602696649263	2
0	4637	1504.310000927301	1
0	4642	1504.96818752447	3
0	4647	1506.57328107231	2
0	4655	1508.857962483305	1
0	4660	1510.166547928236	1
0	4665	1510.631963125894	2
0	4670	1512.677068634305	0
0	4680	1515.930980172007	3
0	4691	1521.090375145663	1
0	4693	1521.749508820005	0
0	4696	1523.336255100902	2
0	4703	1526.224379215854	1
0	4718	1531.547251255716	3
0	4721	1532.80806643318	0
0	4729	1536.563163224955	0
0	4733	1536.965960564091	1
0	4741	1541.522742066994	2
0	4746	1542.04777233838	1
0	4761	1547.096964607014	1
0	4782	1552.539621985982	2
0	4803	1557.651440516346	2
0	4808	1559.016305121823	1
0	4818	1562.327046304006	0
0	4823	1562.716827254741	1
0	4828	1564.548169085521	1
0	4844	1567.77443689294	3
0	4848	1568.812897022461	2
0	4862	1572.447195052285	0
0	4868	1573.321301073067	1
0	4869	1573.479044141129	0
0	4884	1578.612132138338	1
0	4900	1583.980739709338	0
0	4905	1584.097808289805	2
0	4916	1588.361535907604	1
0	4918	1588.959886696886	0
0	4923	1589.452869989907	1
0	4928	1592.181501028474	1
0	4939	1594.520978810729	2
0	4946	1596.921059439887	0
0	4955	1600.158349213188	1
0	4970	1605.201919133307	2
0	4987	1611.092375133184	3
0	5004	1616.582471893632	4
0	5007	1618.061657905227	3
0	5009	1618.582267273216	1
0	5022	1621.621294637208	2
0	5032	1624.949592214424	0
0	5039	1627.401198677017	3
0	5051	1633.337562751255	1
0	5056	1635.836830087936	2
0	5067	1639.092222487551	4
0	5082	1644.310614046871	2
0	5091	1648.217146052746	3
0	5100	1650.20687072654	3
0	5108	1653.156931273057	2
0	5114	1655.470837851052	2
0	5121	1656.124791320411	3
0	5129	1659.558396502163	2
0	5137	1661.631905575746	3
0	5155	1666.933672543147	3
0	5166	1671.468159154872	2
0	5169	1672.376657610292	2
0	5173	1672.814274839822	3
0	5192	1677.978597450534	3
0	5193	1678.274375544859	2
0	5209	1683.117426770039	3
0	5220	1687.681123392419	2
0	5224	1688.342152420662	3
0	5231	1691.287383118875	2
0	5241	1693.89687513327	4
0	5252	1699.038542073916	1
0	5256	1699.25734387175	2
0	5274	1704.775614987824	5
0	5291	1710.195497525621	1
0	5294	1710.854588359123	4
0	5297	1711.702444868045	1
0	5314	1715.874699648933	5
0	5331	1721.427464595062	2
0	5332	1721.565041103981	0
0	5339	1722.54252304998	1
0	5342	1723.356474901778	4
0	5354	1726.864835738435	3
0	5361	1729.673300061257	0
0	5369	1732.070456437997	4
0	5380	1737.709602936634	1
0	5382	1738.415522623106	3
0	5398	1743.197455166138	4
0	5414	1748.720441754206	2
0	5423	1751.449990910474	1
0	5426	1752.436726005628	3
0	5435	1754.199010201261	2
0	5452	1759.488322339483	3
0	5464	1764.464635476585	3
0	5468	1764.82541874726	4
0	5474	1767.112295102905	2
0	5486	1770.155939271903	3
0	5494	1773.181666275949	2
0	5503	1775.432533921671	1
0	5510	1776.68192965979	2
0	5518	1779.685602706035	1
0	5527	1781.208598640977	2
0	5537	1783.870993297545	1
0	5546	1786.381894797084	3
0	5556	1788.889357443782	3
0	5570	1792.065922323379	2
0	5579	1794.064180973217	1
0	5591	1797.582327171808	0
0	5595	1797.722057463366	4
0	5613	1803.008710844673	1
0	5622	1805.855990954906	0
0	5627	1807.765460312826	2
0	5635	1808.81185384467	5
0	5640	1810.874392921337	0
0	5648	1813.917477998182	1
0	5660	1818.316134330583	4
0	5665	1818.965692888478	5
0	5673	1822.015130103677	1
0	5681	1824.260906265348	2
0	5694	1828.942684312	4
0	5699	1829.606140738351	2
0	5712	1834.309807823384	1
0	5718	1835.341408995909	3
0	5719	1835.423364503657	3
0	5734	1840.807516845174	4
0	5751	1846.538647135485	1
0	5763	1850.244468509681	0
0	5771	1851.832312681245	2
0	5773	1852.512701790196	1
0	5775	1853.242425243252	3
0	5778	1854.021622443333	2
0	5788	1856.920240510719	4
0	5795	1859.679515853751	1
0	5807	1862.781317558138	1
0	5815	1864.953273608346	0
0	5824	1868.117559757081	3
0	5828	1868.251462351529	4
0	5845	1873.529021298977	2
0	5860	1878.694650003219	2
0	5861	1878.785563114559	1
0	5867	1880.244254388957	0
0	5873	1883.129314730061	1
0	5878	1884.219920252448	1
0	5883	1886.309100424402	3
0	5892	1889.476389355024	2
0	5902	1892.795096002052	0
0	5909	1894.588075803125	1
0	5910	1895.379914130197	2
0	5915	1896.496103901412	1
0	5926	1899.697273685362	1
0	5931	1901.028576892565	0
0	5934	1901.995694577806	0
0	5937	1902.875155285468	1
0	5944	1905.012327301314	1
0	5960	1910.331691012716	1
0	5968	1913.057909581692	0
0	5981	1916.219201687954	1
0	5988	1918.682038911034	0
0	5999	1921.513645014723	2
0	6009	1925.182175532334	0
0	6013	1926.603716506272	1
0	6017	1927.440920681923	1
0	6033	1932.732342066706	2
0	6037	1934.068255752323	0
0	6047	1937.998237746299	2
0	6053	1941.682318276025	1
0	6059	1943.437258967195	2
0	6070	1948.984420692079	3
0	6074	1951.949499835141	1
0	6081	1954.40349696553	1
0	6095	1959.679551176258	4
0	6096	1959.701799329367	0
0	6109	1965.032762499756	2
0	6116	1969.404368742949	3
0	6121	1970.548832761819	4
0	6133	1976.193663045295	3
0	6145	1982.07769038621	1
0	6158	1987.275656258218	1
0	6162	1988.284364234652	2
0	6177	1992.540527357018	5
0	6199	1998.38681671023	2
0	6206	2000.333597720714	4
0	6213	2001.515137800476	1
0	6224	2004.321070607515	3
0	6241	2009.19030941033	2
0	6248	2010.022870861456	3
0	6256	2013.223288004399	0
0	6265	2015.175894691605	4
0	6269	2016.790677466543	3
0	6271	2017.341525425318	3
0	6273	2017.497738394766	0
0	6282	2021.009935639096	4
0	6294	2026.196350351438	1
0	6305	2031.126533768952	2
0	6311	2031.965833641818	3
0	6323	2037.515397687905	0
0	6328	2037.887796150517	4
0	6334	2041.456130927893	3
0	6338	2042.528874513225	3
0	6342	2043.262465883974	1
0	6360	2049.164825254815	4
0	6375	2054.221846987956	2
0	6379	2055.720005708161	2
0	6383	2056.683356545628	1
0	6392	2059.147637207058	1
0	6397	2060.057187416821	1
0	6418	2065.626880534689	5
0	6423	2066.757605364657	0
0	6427	2067.502202222704	4
0	6440	2071.116709211838	2
0	6458	2077.024652193763	1
0	6469	2080.415836090335	0
0	6474	2082.061540542051	0
0	6479	2082.751106832639	5
0	6480	2083.51076717628	1
0	6493	2088.417316483331	6
0	6504	2094.164629529926	1
0	6505	2094.320389061466	0
0	6512	2098.175164394428	5
0	6517	2099.330524505113	1
0	6533	2104.594613723687	2
0	6549	2109.909433706894	2
0	6554	2111.747967516069	4
0	6556	2112.067528377399	1
0	6563	2114.308879700487	1
0	6570	2115.663783850146	1
0	6591	2121.304835111599	2
0	6605	2125.822346113504	1
0	6610	2126.482699356272	2
0	6615	2128.400924046639	3
0	6630	2132.458682346155	3
0	6633	2133.143124156974	0
0	6637	2134.389610748153	2
0	6649	2138.028611290499	3
0	6653	2139.736377310704	2
0	6665	2143.213263049952	4
0	6669	2144.692711848184	3
0	6672	2145.159149147685	0
0	6681	2148.992951438527	1
0	6699	2154.974249222779	2
0	6709	2158.537836992065	1
0	6711	2158.803931691335	2
0	6715	2159.700547086774	1
0	6717	2159.860786144505	0
0	6721	2160.110948193117	1
0	6736	2165.574791471005	2
0	6751	2170.867434041571	2
0	6756	2173.172448086083	1
0	6767	2176.846731864145	3
0	6773	2178.624440312266	0
0	6777	2179.845776040338	1
0	6785	2181.949753474208	2
0	6792	2186.552175628022	2
0	6797	2187.87029113108	3
0	6805	2192.162545487981	2
0	6810	2193.035356543722	3
0	6813	2195.519649617139	2
0	6821	2198.411940952992	3
0	6824	2200.050935325564	1
0	6829	2202.793458939527	2
0	6833	2204.058476926988	3
0	6835	2204.650980321804	2
0	6847	2209.425816037223	1
0	6862	2214.564274387198	3
0	6870	2217.317529887773	0
0	6879	2219.614047861888	4
0	6890	2225.327759941338	5
0	6896	2228.290145213486	0
0	6903	2230.793555247827	1
0	6906	2232.530722324849	4
0	6915	2236.718236042649	2
0	6919	2239.24663732352	1
0	6927	2241.797133500917	1
0	6944	2247.787611749485	5
0	6958	2253.643383572806	2
0	6974	2258.99418588285	1
0	6978	2259.865287701245	4
0	6996	2264.421912656747	1
0	7001	2264.868460844966	2
0	7006	2266.488535265434	3
0	7008	2266.892019379765	0
0	7020	2269.944749018873	4
0	7026	2272.410997354072	3
0	7028	2272.900394874041	0
0	7030	2273.846781113531	1
0	7037	2275.285473338325	1
0	7052	2281.071646512017	2
0	7063	2285.09074516303	2
0	7071	2286.610768472772	3
0	7079	2289.94221160933	2
0	7090	2292.605483917516	3
0	7096	2294.845263563208	0
0	7105	2297.637307224093	1
0	7118	2302.609638957885	1
0	7123	2303.625060459364	2
0	7127	2303.626708407883	1
0	7135	2307.069747276834	0
0	7143	2308.98109630495	2
0	7158	2314.057703217954	3
0	7159	2314.578047990213	2
0	7173	2319.247712940906	3
0	7192	2324.928884150457	1
0	7196	2326.853529323007	0
0	7207	2330.088440127085	2
0	7211	2330.244558283823	3
0	7225	2335.750435429855	3
0	7233	2339.47714469174	2
0	7240	2341.354649745158	2
0	7252	2346.611834519888	1
0	7257	2346.973618497836	4
0	7274	2352.247327047863	2
0	7290	2357.59811584139	1
0	7297	2360.576705014096	3
0	7302	2361.750006953019	1
0	7310	2363.314922679912	2
0	7332	2368.669466257559	3
0	7352	2373.837799702536	2
0	7354	2374.242115906202	1
0	7357	2375.098331483543	2
0	7364	2376.867564319282	1
0	7375	2379.326716807669	2
0	7379	2380.414517047811	0
0	7395	2384.604177352039	4
0	7399	2385.602717297146	3
0	7415	2390.126697509315	3
0	7421	2392.366598776307	1
0	7435	2395.99259534315	4
0	7438	2397.492002301262	3
0	7451	2401.46998361754	4
0	7467	2406.822422658091	5
0	7482	2412.553728118769	6
0	7484	2413.174204307259	0
0	7490	2415.539027251529	2
0	7496	2417.845188469623	1
0	7513	2423.676184951325	2
0	7516	2424.857349020659	1
0	7521	2426.377378760951	0
0	7529	2429.22427863185	3
0	7530	2429.493319325722	2
0	7535	2430.84013120329	5
0	7544	2434.284736318278	6
0	7554	2439.439038653855	1
0	7569	2445.211302932582	3
0	7575	2447.316420651852	5
0	7580	2449.080476028485	2
0	7588	2451.100518173303	6
0	7604	2456.224283283807	3
0	7609	2458.431778500318	5
0	7615	2460.746902116339	0
0	7621	2462.10658296081	6
0	7631	2467.515711096113	1
0	7636	2469.510828439486	2
0	7643	2471.506512128622	1
0	7651	2473.106861784353	2
0	7666	2478.889727794097	3
0	7670	2480.457974807699	2
0	7682	2484.017141242043	7
0	7697	2489.314920537869	8
0	7702	2490.76828347274	7
0	7708	2493.764976690872	0
0	7713	2494.624549466648	1
0	7716	2495.771756355994	6
0	7729	2499.634293448643	2
0	7737	2502.525284054331	1
0	7747	2505.513971631878	2
0	7751	2506.298214116357	1
0	7759	2509.927392591484	5
0	7766	2511.345612458183	1
0	7768	2511.905266180508	0
0	7784	2517.070775560566	3
0	7786	2517.516232102407	2
0	7791	2519.489821935651	1
0	7797	2521.333999004092	4
0	7804	2522.567426339022	1
0	7813	2525.768605612332	0
0	7820	2527.576322141101	2
0	7834	2532.667897673787	1
0	7837	2533.011110473999	3
0	7853	2537.990771219715	0
0	7858	2538.517890131099	4
0	7860	2538.649022491298	0
0	7872	2543.684182673225	1
0	7874	2544.937413880715	1
0	7889	2549.327019917306	3
0	7893	2549.4678867741	4
0	7909	2555.379763638366	5
0	7913	2556.606726191469	0
0	7924	2560.788858959217	1
0	7939	2566.063543499213	6
0	7941	2566.882650595037	0
0	7948	2570.102932082481	5
0	7953	2571.2185495547	6
0	7965	2576.688224627402	2
0	7969	2578.318796050378	5
0	7979	2581.842617829794	1
0	7994	2587.609889917657	1
0	7998	2587.651837599462	6
0	8013	2593.041089198317	1
0	8016	2593.432409670552	0
0	8032	2598.283933828117	1
0	8039	2601.147217140875	5
0	8055	2604.186423636039	6
0	8067	2608.233394622916	0
0	8069	2608.440924043294	5
0	8075	2609.321782205251	2
0	8078	2609.818823375738	0
0	8091	2615.220546163849	1
0	8097	2618.034609929541	1
0	8102	2619.953214355621	4
0	8108	2620.973048369631	2
0	8125	2626.001428893067	1
0	8128	2627.141303897136	0
0	8147	2631.937998317879	1
0	8155	2635.382317899487	3
0	8160	2636.726608168797	0
0	8165	2637.035775025374	1
0	8176	2639.959655494891	1
0	8183	2641.1519504335	0
0	8189	2642.536167584591	4
0	8197	2645.673526098948	0
0	8205	2648.189618153962	5
0	8210	2649.403909075537	0
0	8218	2654.020035328808	1
0	8231	2659.096289237262	1
0	8236	2661.09000458882	4
0	8248	2664.537088198354	5
0	8255	2667.693868480973	0
0	8262	2669.784946118481	1
0	8265	2670.579932573484	0
0	8276	2675.028728844132	2
0	8280	2678.459116575535	4
0	8287	2680.959085278911	3
0	8300	2686.780267812311	4
0	8302	2687.958790215196	3
0	8315	2691.895772251998	5
0	8322	2696.296418373119	4
0	8328	2697.350662092444	1
0	8331	2698.691093533647	2
0	8335	2700.321436640339	0
0	8344	2702.573215192881	5
0	8352	2707.799636589243	4
0	8357	2708.561792036284	1
0	8373	2713.8720805943	1
0	8393	2719.104115689638	2
0	8394	2719.468119180295	0
0	8409	2724.994290472473	5
0	8414	2727.359556747363	4
0	8426	2730.173087992006	3
0	8430	2731.381101972422	2
0	8444	2735.92530925013	1
0	8458	2740.483947333878	1
0	8465	2741.539718439103	3
0	8479	2745.64099557593	2
0	8481	2745.661520745483	3
0	8488	2746.87519797543	2
0	8509	2752.001510741421	4
0	8520	2755.469175896025	0
0	8528	2757.338473486713	3
0	8531	2758.770250434283	3
0	8539	2761.185440967319	2
0	8547	2762.994782120221	1
0	8557	2765.949312155369	1
0	8564	2767.616213565806	2
0	8572	2768.973356828558	3
0	8579	2771.045726219542	0
0	8591	2774.442977780941	4
0	8609	2780.344733045203	5
0	8615	2782.449465565727	1
0	8619	2783.34481918404	4
0	8629	2785.528870197944	1
0	8652	2791.443625085754	5
0	8657	2793.272092994652	0
0	8670	2796.462486272677	2
0	8673	2798.118340944168	4
0	8687	2802.112843336071	5
0	8689	2802.364857811127	4
0	8707	2807.862845447845	1
0	8712	2809.850890835973	0
0	8718	2811.781700338003	0
0	8724	2813.357399126281	3
0	8731	2816.650021838374	2
0	8739	2818.897205557673	1
0	8756	2824.538319143	1
0	8768	2828.397138412922	3
0	8772	2829.141302642295	0
0	8781	2830.286179679212	4
0	8783	2831.700690777041	1
0	8796	2835.875083796213	2
0	8811	2841.293732777237	1
0	8820	2843.389502511472	3
0	8823	2844.011724040377	0
0	8826	2844.842608954405	1
0	8834	2847.292104662162	4
0	8845	2851.456020992595	0
0	8852	2853.123628471511	1
0	8860	2855.942920342665	3
0	8870	2858.533613514619	4
0	8872	2859.59259085648	0
0	8886	2864.291483390609	5
0	8897	2870.025634846648	1
0	8905	2872.485871440027	4
0	8917	2875.937963720875	2
0	8934	2881.858076788716	3
0	8939	2883.796942081997	0
0	8946	2886.942641319705	2
0	8950	2887.296874489401	1
0	8965	2892.863850238033	5
0	8967	2893.537657204661	4
0	8975	2896.704093023434	1
0	8983	2898.248097882837	1
0	8998	2902.9784242711	0
0	9005	2904.018522564087	1
0	9025	2909.142732732229	2
0	9037	2911.820740416644	0
0	9047	2914.584805242715	2
0	9052	2916.160490016796	3
0	9065	2920.192374855976	3
0	9080	2926.059553910976	3
0	9081	2926.217353237674	2
0	9097	2931.453369853085	4
0	9100	2932.214621611868	2
0	9115	2936.535066487266	5
0	9123	2939.963656343047	4
0	9125	2940.304425816049	1
0	9134	2942.44003558182	1
0	9155	2948.200642992974	5
0	9173	2953.891582609849	1
0	9177	2954.031565171898	2
0	9178	2954.237029295179	0
0	9185	2956.19707548059	4
0	9196	2959.314669621874	5
0	9213	2965.129673997404	3
0	9220	2967.899547899607	2
0	9228	2970.455268274525	2
0	9230	2971.072227059159	4
0	9243	2975.242409457914	1
0	9249	2976.29955821065	2
0	9256	2978.565081256901	3
0	9260	2979.713026284234	2
0	9271	2982.283833885796	3
0	9278	2985.285340649891	1
0	9287	2987.682860953964	3
0	9303	2993.060064927906	4
0	9306	2994.009198718932	3
0	9322	2998.640265994704	4
0	9328	3000.780164328748	2
0	9340	3004.418768250615	1
0	9342	3005.236443882693	0
0	9358	3009.60144039383	1
0	9360	3010.071263307588	0
0	9378	3015.55605383287	3
0	9379	3015.634553586358	3
0	9393	3021.106769804608	4
0	9396	3021.868773167485	0
0	9400	3023.550984904398	2
0	9409	3026.911123625234	5
0	9417	3031.222803211651	1
0	9422	3032.440988097105	2
0	9428	3035.607201746542	4
0	9434	3037.484819770556	1
0	9449	3043.133156602269	3
0	9457	3046.763757591478	3
0	9462	3048.461799499576	0
0	9466	3048.523299097314	1
0	9481	3054.186488629782	4
0	9491	3058.41385963559	3
0	9498	3059.937227325744	4
0	9506	3063.673074338235	2
0	9514	3065.62679463159	1
0	9535	3071.340766672973	2
0	9548	3075.545407300578	0
0	9551	3076.060849693484	1
0	9556	3076.463915834666	5
0	9557	3077.123050050222	4
0	9573	3082.355718351665	5
0	9590	3088.313720595089	3
0	9591	3088.471776019666	2
0	9603	3092.563002123726	0
0	9606	3093.218118335231	4
0	9610	3093.749580888541	5
0	9621	3099.292416083857	6
0	9627	3103.55635270232	1
0	9633	3105.233619459204	1
0	9648	3110.865288362836	2
0	9667	3116.704570443367	7
0	9671	3118.468828288485	6
0	9675	3120.066788252788	5
0	9683	3121.731635374015	1
0	9684	3122.088873184053	0
0	9701	3127.013848887056	1
0	9714	3131.342480894757	1
0	9721	3132.296878226565	6
0	9730	3135.40818307013	0
0	9739	3137.819258046102	2
0	9743	3139.763294576662	5
0	9755	3142.909116697729	3
0	9758	3144.444291449034	0
0	9770	3148.640825762645	4
0	9772	3150.174009254897	3
0	9782	3154.428846503607	4
0	9788	3157.466328768636	4
0	9795	3159.671021858229	5
0	9799	3161.937776901988	3
0	9803	3163.634844629204	4
0	9809	3165.660191363654	1
0	9814	3167.23141166451	2
0	9822	3170.089067177724	3
0	9829	3171.553206619806	1
0	9846	3176.838728677714	2
0	9865	3182.68267484894	2
0	9870	3183.982603198729	1
0	9884	3187.915847447581	0
0	9889	3188.134105726378	3
0	9890	3188.17920255928	2
0	9906	3193.861958487425	1
0	9910	3194.513857407265	1
0	9921	3198.107855861308	2
0	9927	3198.969629342435	3
0	9947	3203.974834710592	2
0	9954	3206.632769441225	2
0	9960	3207.641294967967	1
0	9962	3208.357860920601	0
0	9967	3209.251045386307	3
0	9969	3209.59819649125	2
0	9982	3214.270570003893	1
0	9989	3215.212906159461	2
0	10006	3221.166669291445	1
0	10016	3224.653902143472	0
0	10021	3225.737277801608	1
0	10025	3226.235482790974	2
0	10029	3227.751530571957	1
0	10042	3231.637168707327	1
0	10043	3232.313875512802	0
0	10060	3237.425556523959	2
0	10075	3242.917311080965	3
0	10087	3247.172962011072	1
0	10093	3248.539572402603	2
0	10094	3248.63337840279	2
0	10114	3254.298289335567	3
0	10132	3260.212224695833	4
0	10134	3261.562557765859	1
0	10136	3261.811608841878	3
0	10148	3265.487040962793	2
0	10165	3271.467074576767	1
0	10177	3275.266163889088	0
0	10181	3276.449359120805	2
0	10185	3276.61541315797	1
0	10203	3281.635056166679	2
0	10219	3286.423154407991	1
0	10224	3287.390999614962	3
0	10229	3288.771751108575	0
0	10242	3292.443940436703	1
0	10263	3298.289971011926	2
0	10266	3299.328337652727	1
0	10281	3303.663641997385	1
0	10285	3303.897735964742	2
0	10286	3303.908987362989	2
0	10288	3304.31929916388	0
0	10305	3309.531031949215	3
0	10321	3315.46059934213	2
0	10326	3317.244899531133	1
0	10338	3321.280440595003	2
0	10340	3321.484327318149	2
0	10346	3323.203970235193	1
0	10358	3326.714110788658	1
0	10376	3331.813307812206	2
0	10400	3337.644937417471	2
0	10405	3339.490673476136	1
0	10421	3343.563562669327	3
0	10423	3344.182270951921	2
0	10432	3346.501371258173	1
0	10444	3348.957246421139	3
0	10450	3350.71131000086	2
0	10458	3353.017271537218	0
0	10461	3353.476621904648	0
0	10465	3353.96149899508	1
0	10481	3359.023387148046	3
0	10493	3364.399729165249	0
0	10498	3364.790817635135	1
0	10500	3365.699949714474	2
0	10509	3369.098301624883	1
0	10518	3370.768160376466	1
0	10540	3376.171764246189	2
0	10548	3378.726573443625	0
0	10558	3381.889441074106	3
0	10573	3386.998442333658	4
0	10575	3387.543935715222	3
0	10586	3391.814506549038	0
0	10591	3392.888895763318	3
0	10595	3394.953738819578	2
0	10604	3398.381914639614	1
0	10619	3404.089057448321	2
0	10620	3404.554716509885	1
0	10626	3405.730493107813	2
0	10637	3409.370963523165	3
0	10647	3412.84552424704	0
0	10651	3414.333443450744	2
0	10655	3414.847269582097	3
0	10658	3416.143051292867	1
0	10671	3420.778338666074	4
0	10682	3426.47602518904	5
0	10693	3432.257901530713	6
0	10706	3438.204842909007	2
0	10707	3438.205606930893	5
0	10712	3440.820333307612	1
0	10717	3443.035775738888	0
0	10721	3443.780515114312	1
0	10733	3449.400480804034	6
0	10746	3455.128636552953	2
0	10756	3460.274999527727	3
0	10758	3461.254342328995	5
0	10761	3462.095768293832	2
0	10769	3465.725783768809	6
0	10779	3470.976946930634	1
0	10795	3476.835865546949	3
0	10802	3478.978569573957	2
0	10814	3481.973938557086	3
0	10820	3484.19150421268	2
0	10822	3484.613486969494	0
0	10829	3487.119422066956	3
0	10831	3488.001988251465	5
0	10841	3492.553061499958	1
0	10857	3497.771298360079	2
0	10871	3502.871233780868	1
0	10881	3505.678240886073	1
0	10884	3506.483810125855	4
0	10895	3508.715929208323	4
0	10900	3509.503406316978	3
0	10915	3513.722808543825	2
0	10923	3515.686841681369	3
0	10930	3517.612604319699	1
0	10937	3519.034721916541	2
0	10958	3524.340303676901	4
0	10976	3529.804120483109	4
0	10983	3531.308300019124	0
0	10987	3532.749716724505	3
0	10994	3535.198914705196	1
0	10998	3535.259486988652	5
0	11003	3537.855308747385	4
0	11013	3541.221377515932	1
0	11024	3544.253540591103	0
0	11029	3545.764013254552	0
0	11034	3547.155215195616	2
0	11038	3547.18688195059	3
0	11048	3552.508576402207	1
0	11061	3557.630859998176	2
0	11065	3557.94775827066	5
0	11078	3563.930281635141	2
0	11081	3564.498183862421	4
0	11095	3569.443054056959	5
0	11112	3574.969901159173	1
0	11120	3577.673978241277	0
0	11127	3579.321926329517	4
0	11129	3579.911215742939	1
0	11134	3580.623324302957	3
0	11147	3585.345942738581	3
0	11152	3585.976517171367	4
0	11164	3591.300938140602	2
0	11168	3591.864364262671	1
0	11188	3597.537189527881	5
0	11194	3599.579380747047	4
0	11206	3602.749996402534	5
0	11225	3608.279176253593	2
0	11233	3610.528967618128	1
0	11237	3610.740607782037	0
0	11248	3613.564897939098	2
0	11263	3618.889954860323	1
0	11266	3620.569778358797	1
0	11276	3623.069671369625	1
0	11286	3624.753661762225	2
0	11304	3630.317146965303	2
0	11308	3631.155133157152	4
0	11325	3636.257419750793	3
0	11326	3636.526417329794	1
0	11333	3638.257350394969	2
0	11345	3641.403616119176	2
0	11366	3646.767446004552	3
0	11370	3646.974542274605	2
0	11382	3650.778001192957	1
0	11387	3651.607223467203	0
0	11394	3652.592279152944	1
0	11412	3657.914899841882	4
0	11415	3658.988465811593	1
0	11419	3659.749674096939	1
0	11430	3662.947092192946	2
0	11433	3663.906089009947	3
0	11435	3664.08359181986	0
0	11448	3668.240049010143	4
0	11466	3673.888520374894	1
0	11468	3674.562468819668	1
0	11484	3679.055491176899	2
0	11496	3683.235828077883	3
0	11505	3684.459394373232	4
0	11506	3684.721285486012	0
0	11514	3687.4811843707	1
0	11522	3690.13657903159	2
0	11525	3690.875319252953	1
0	11540	3695.848009513225	1
0	11562	3701.248007369926	2
0	11564	3701.749562119946	1
0	11580	3706.32733244542	2
0	11583	3707.138715170673	1
0	11589	3708.184020878627	3
0	11604	3712.2784430678	2
0	11607	3712.856524936618	2
0	11618	3715.357474761315	0
0	11622	3716.61309477477	0
0	11626	3717.805833944119	1
0	11642	3723.772108634933	3
0	11658	3729.060457267798	1
0	11665	3731.414993479848	2
0	11670	3733.044281076869	1
0	11678	3734.161917708115	2
0	11698	3739.434147098567	3
0	11705	3741.76180606964	2
0	11716	3744.476818395894	1
0	11720	3745.010850453982	3
0	11741	3750.164524966152	4
0	11743	3750.862317282358	3
0	11745	3750.958264861953	0
0	11756	3754.829747210956	0
0	11762	3755.876440261956	4
0	11764	3756.364682076145	0
0	11772	3761.626353790518	1
0	11784	3767.307894813595	1
0	11800	3772.841965713771	5
0	11804	3773.981256992905	0
0	11811	3777.734286379535	4
0	11816	3778.587311610347	2
0	11823	3782.645650566206	1
0	11828	3783.806336166803	1
0	11842	3788.842459078646	2
0	11850	3791.351480315904	1
0	11860	3793.974487563829	1
0	11861	3794.284260224318	0
0	11866	3795.359176114318	3
0	11877	3798.392711717287	0
0	11883	3799.800129232231	1
0	11898	3805.07353148237	1
0	11920	3810.91315153055	2
0	11928	3813.70236776548	0
0	11938	3816.420357012889	4
0	11952	3822.313894238091	5
0	11969	3827.909422666767	2
0	11970	3827.927565546009	4
0	11973	3828.842447007539	1
0	11987	3833.541839956773	1
0	12003	3838.890059969391	1
0	12008	3839.166780861096	2
0	12009	3839.277745020225	0
0	12027	3844.506195366384	1
0	12035	3847.521153220792	1
0	12038	3847.717723763898	3
0	12049	3850.13288773969	2
0	12071	3856.09272091184	2
0	12084	3860.031090671781	1
0	12092	3861.525851681365	3
0	12095	3862.422060419226	2
0	12114	3867.225140038647	2
0	12134	3872.881285667654	2
0	12141	3874.848503266578	2
0	12151	3878.182030290016	1
0	12155	3878.407904085006	2
0	12160	3880.149476618855	1
0	12169	3882.501990478718	0
0	12177	3884.123849597062	3
0	12181	3884.931326829132	2
0	12188	3888.018484144008	1
0	12198	3890.099544659956	3
0	12215	3896.09784437134	1
0	12229	3900.017801051611	2
0	12236	3901.712046097266	3
0	12257	3906.622612839565	1
0	12261	3906.821768529481	2
0	12271	3909.728398561946	1
0	12284	3912.479477887043	2
0	12301	3917.694405030227	4
0	12322	3923.154435152654	5
0	12337	3927.385790545261	4
0	12341	3928.126988107571	1
0	12346	3928.623677322176	2
0	12347	3928.898037949115	0
0	12350	3929.498540619737	0
0	12362	3933.988670022693	3
0	12374	3939.53588593565	1
0	12376	3940.614426352316	2
0	12390	3945.102530262899	5
0	12407	3951.019309478579	1
0	12408	3951.310177307342	1
0	12413	3952.031615018265	4
0	12415	3952.736344824196	0
0	12427	3956.316601993749	5
0	12431	3957.621087453329	0
0	12435	3959.396297428411	4
0	12441	3962.036702343728	1
0	12450	3965.275308945798	0
0	12457	3967.172655397793	1
0	12473	3973.141728667542	2
0	12487	3978.25189054897	2
0	12490	3979.126012773135	1
0	12504	3983.505907854763	3
0	12509	3985.333387234836	3
0	12511	3986.133165667766	2
0	12522	3988.943945591104	2
0	12537	3994.708323464728	4
0	12554	4000.201174947898	1
0	12559	4001.915596510983	1
0	12575	4005.723266718675	2
0	12577	4006.046448514913	1
0	12582	4006.80893448193	1
0	12588	4008.72140206315	0
0	12592	4009.601726193447	0
0	12598	4010.756072055547	2
0	12601	4012.467134811449	1
0	12603	4012.77522668732	3
0	12613	4016.677183298625	4
0	12625	4022.517113789681	5
0	12633	4027.581314510788	4
0	12637	4027.593898594144	2
0	12650	4033.04251092579	1
0	12662	4038.282621922903	1
0	12666	4038.288366078397	5
0	12671	4040.971871366964	4
0	12674	4042.090058668749	0
0	12682	4044.185845091704	2
0	12695	4050.115315374916	5
0	12698	4051.521949047455	1
0	12708	4055.562708560375	1
0	12723	4061.178987404096	2
0	12729	4062.32106727024	0
0	12737	4066.377196411367	1
0	12742	4068.113393595217	4
0	12750	4071.45994142268	0
0	12752	4071.521311279268	1
0	12757	4071.971633926497	2
0	12759	4072.921165299377	3
0	12770	4077.069058637365	1
0	12786	4082.923432509179	3
0	12789	4084.008540272479	2
0	12795	4085.387219587806	1
0	12801	4087.481594555788	2
0	12806	4088.43289566226	2
0	12812	4091.107243752349	1
0	12822	4093.470171782185	1
0	12832	4095.982365392496	1
0	12841	4097.949986469579	0
0	12847	4099.153745890126	1
0	12854	4101.536736276468	0
0	12865	4104.426539826902	2
0	12881	4109.713201845993	2
0	12897	4115.697164404669	3
0	12904	4118.314765901315	0
0	12913	4121.561326823427	3
0	12917	4123.716826886634	2
0	12921	4124.992567870995	2
0	12928	4127.415451940379	1
0	12946	4133.409892581866	3
0	12962	4139.373054337452	4
0	12971	4142.803054711544	3
0	12980	4145.012672450158	4
0	12990	4148.41436153359	1
0	12999	4150.520748428998	1
0	13005	4153.010672495348	0
0	13008	4153.218107019082	0
0	13016	4156.354793607721	1
0	13029	4161.614224208169	0
0	13033	4161.633700787088	5
0	13037	4164.073553795572	4
0	13045	4167.289718582526	1
0	13060	4173.07670896605	0
0	13065	4173.288936664581	1
0	13081	4178.90480221994	2
0	13084	4180.118785070253	0
0	13096	4184.612876410827	1
0	13097	4184.847894881264	3
0	13111	4190.403032883301	2
0	13131	4196.020375821272	3
0	13139	4199.402879030093	1
0	13141	4199.417375060727	2
0	13149	4201.21182972635	2
0	13158	4204.135319996158	1
0	13161	4205.109179593854	0
0	13168	4207.028102142735	3
0	13173	4210.329271719087	2
0	13179	4212.618425071005	4
0	13190	4217.802797324721	5
0	13201	4223.347326982765	1
0	13210	4227.450698987228	4
0	13213	4227.961661914826	3
0	13218	4228.647224608342	2
0	13232	4234.500074639445	1
0	13236	4234.602880436227	1
0	13245	4238.058651435072	1
0	13255	4240.168089352547	2
0	13261	4242.490157710619	2
0	13265	4243.168629818364	0
0	13274	4245.656675484263	3
0	13279	4247.118772497515	2
0	13294	4251.352401972514	3
0	13297	4252.450115106644	0
0	13303	4256.444706088979	2
0	13308	4257.322306486544	1
0	13324	4262.94290782744	3
0	13341	4267.972581543959	4
0	13350	4271.336369926808	3
0	13352	4271.408837383261	0
0	13359	4273.714909435249	4
0	13360	4274.048569739677	1
0	13373	4279.134407225995	2
0	13375	4279.606417264325	3
0	13388	4285.100214474135	1
0	13402	4290.539067502133	4
0	13404	4291.712354694608	0
0	13414	4296.166501076659	1
0	13423	4299.572638106296	1
0	13431	4301.743260436225	2
0	13434	4302.436577281565	0
0	13447	4307.709694116376	1
0	13458	4311.996410765216	1
0	13461	4312.318563892858	3
0	13463	4312.595976023116	0
0	13468	4312.931197533384	1
0	13485	4318.843718991382	2
0	13500	4324.421593656763	1
0	13505	4326.267741425547	2
0	13520	4329.702090973733	3
0	13526	4331.785339032534	2
0	13538	4334.958057572367	3
0	13539	4334.975447317002	0
0	13557	4340.133293164894	4
0	13565	4342.667803650256	3
0	13571	4344.470635354868	0
0	13577	4345.260108110961	1
0	13587	4349.707649088348	1
0	13594	4350.958911020542	4
0	13609	4355.976576758083	5
0	13616	4358.43214924587	4
0	13629	4361.398122305516	2
0	13642	4366.920406324789	3
0	13648	4368.778688713326	0
0	13651	4369.672244130169	3
0	13659	4372.32312661875	1
0	13666	4375.359790305374	2
0	13668	4375.94388397655	2
0	13674	4377.348474124679	3
0	13690	4383.001928605372	3
0	13696	4385.980907914694	2
0	13705	4388.255490555195	1
0	13715	4391.731975932489	0
0	13724	4393.350388179766	4
0	13732	4397.733208571095	3
0	13740	4399.300763867563	1
0	13753	4404.053351374344	0
0	13759	4405.092828750844	4
0	13775	4410.649230758428	1
0	13782	4412.031976109602	3
0	13790	4414.361736773748	1
0	13800	4415.990919826321	2
0	13818	4421.295617437225	4
0	13833	4426.101695830817	0
0	13838	4426.466747418747	2
0	13855	4432.38986451342	3
0	13866	4436.763483430724	3
0	13868	4436.965306827101	2
0	13870	4437.20823480701	1
0	13874	4437.829892813463	1
0	13888	4442.47776594595	0
0	13894	4443.596689145316	1
0	13909	4447.720934585902	1
0	13914	4448.913466724568	0
0	13918	4449.344139081661	4
0	13934	4455.128780875357	2
0	13946	4459.528045701797	1
0	13952	4460.718490305126	5
0	13963	4465.446677965231	0
0	13967	4465.796135911953	1
0	13979	4470.672356577355	4
0	13985	4471.72838866967	2
0	13990	4473.679667758757	1
0	14004	4477.414824831302	5
0	14009	4480.264967535157	0
0	14017	4482.900935038228	1
0	14033	4488.251389017564	1
0	14040	4490.472927806085	0
0	14052	4493.763369290161	2
0	14055	4494.626547848925	1
0	14064	4497.970131388745	4
0	14067	4499.201831164888	0
0	14071	4499.369301749396	1
0	14087	4504.732216149571	2
0	14101	4509.781576037643	1
0	14105	4510.202983301368	5
0	14115	4515.194528428019	4
0	14118	4515.600213299624	0
0	14122	4516.019859729803	1
0	14139	4521.78788303654	2
0	14143	4523.592391069042	3
0	14155	4527.302170286192	0
0	14159	4527.306697609139	1
0	14173	4532.7975864301	1
0	14175	4533.662970634289	2
0	14193	4538.102521768423	1
0	14197	4538.451154857877	2
0	14198	4538.534520033169	0
0	14214	4543.777889877561	3
0	14222	4546.069823038992	1
0	14233	4549.229444297034	4
0	14248	4554.705322205092	5
0	14262	4559.831347397997	2
0	14273	4564.203857470181	0
0	14275	4564.596189171776	4
0	14280	4565.094132752859	3
0	14281	4566.004440497846	2
0	14291	4570.117539816073	1
0	14309	4575.810981209625	3
0	14319	4579.16229687224	0
0	14322	4580.153743181848	2
0	14328	4581.380909207046	5
0	14330	4582.445395974214	1
0	14335	4585.167620335475	4
0	14342	4586.802193075187	5
0	14355	4592.548352148385	2
0	14367	4598.12865207065	6
0	14377	4603.907114445	1
0	14391	4609.524556645892	3
0	14392	4610.22134981363	2
0	14406	4614.752808761551	3
0	14414	4617.314253868303	5
0	14425	4620.533436868573	6
0	14433	4624.255947165891	0
0	14439	4625.682056041435	4
0	14450	4631.315188131063	5
0	14464	4637.196795168333	1
0	14465	4637.539034072194	5
0	14473	4640.374985433885	4
0	14475	4640.628978134133	4
0	14483	4642.976280580042	1
0	14484	4643.37434505497	3
0	14503	4648.44868663419	5
0	14524	4654.022834279341	2
0	14542	4659.046538620022	3
0	14554	4662.154968062997	0
0	14564	4664.428927936124	4
0	14569	4666.419840196032	2
0	14580	4669.704724015666	3
0	14584	4671.083597623628	4
0	14586	4671.142265605976	3
0	14599	4675.661053999092	4
0	14611	4680.230009703199	3
0	14615	4681.054080731699	1
0	14634	4686.082054675787	5
0	14637	4686.841929115821	2
0	14639	4687.380421143721	0
0	14642	4687.595214802657	4
0	14647	4689.486684636335	2
0	14654	4691.190722242926	3
0	14658	4693.235830639374	3
0	14670	4696.280586475271	4
0	14686	4701.533454815389	1
0	14697	4705.064932277892	3
0	14707	4706.981115419648	2
0	14713	4708.688514258827	1
0	14730	4712.658369319278	4
0	14741	4715.830993474346	3
0	14743	4715.856321609926	0
0	14745	4716.257723873137	1
0	14752	4717.990927256874	4
0	14765	4723.004963918354	4
0	14767	4723.682765735198	3
0	14783	4728.900605757719	2
0	14791	4732.217610698432	1
0	14800	4734.430774762759	2
0	14812	4738.941872957514	2
0	14818	4740.03861227678	3
0	14832	4745.190941734238	1
0	14835	4745.849793799341	3
0	14853	4750.568553612799	2
0	14855	4750.937493177018	1
0	14864	4752.892895086556	0
0	14876	4756.339755975407	4
0	14877	4756.537279529154	2
0	14879	4756.62270578253	1
0	14894	4761.929896039188	3
0	14901	4764.728266112629	2
0	14912	4767.516989044843	1
0	14917	4769.105937043677	1
0	14923	4770.75945461041	3
0	14932	4773.112738889873	2
0	14953	4778.815921643048	2
0	14957	4779.696321781257	1
0	14973	4783.91817988618	4
0	14992	4789.447856000156	3
0	14999	4791.896438301083	0
0	15013	4795.312389034542	5
0	15016	4796.601531493825	0
0	15025	4800.317910168317	2
0	15029	4800.682497285769	1
0	15032	4801.933014994139	4
0	15045	4805.920528362036	5
0	15047	4806.051656232794	0
0	15057	4811.364747367097	1
0	15075	4817.207456119122	1
0	15077	4817.914616395136	4
0	15081	4818.838599535401	0
0	15089	4822.439112299119	1
0	15096	4823.133270139104	2
0	15097	4823.483641699885	1
0	15113	4829.094072666481	5
0	15114	4829.466186837526	4
0	15129	4834.266980181677	1
0	15146	4839.514373449254	0
0	15149	4839.563103585853	0
0	15153	4839.630920110266	5
0	15160	4843.592002535239	4
0	15163	4845.189164121868	3
0	15168	4845.400162198576	4
0	15179	4850.773291136366	5
0	15192	4856.156051141671	6
0	15204	4861.781336537558	1
0	15213	4865.265399421446	0
0	15220	4867.411497687218	2
0	15226	4871.522485125345	5
0	15232	4873.000610701037	1
0	15250	4878.251374939452	2
0	15254	4880.206684870873	1
0	15266	4883.675802142355	3
0	15276	4888.060806813529	2
0	15282	4889.371250759573	3
0	15287	4891.153396000732	0
0	15297	4895.300195943094	4
0	15304	4899.808788576513	4
0	15309	4900.598204235309	1
0	15324	4906.17546215327	1
0	15343	4911.819982550102	2
0	15346	4912.564132071334	3
0	15360	4916.34411906439	0
0	15366	4917.114847921529	4
0	15367	4918.002639251408	1
0	15369	4918.438939328303	3
0	15384	4922.622707471247	2
0	15400	4928.571209570388	5
0	15416	4934.226616618917	4
0	15426	4938.909479002465	3
0	15432	4939.917029661587	3
0	15437	4941.240420226936	2
0	15441	4942.581465911815	2
0	15445	4944.330250111872	4
0	15447	4944.559516842939	1
0	15453	4945.633071767394	1
0	15467	4950.284798411765	0
0	15469	4950.758879888452	1
0	15474	4951.443873845967	2
0	15488	4956.625396243059	5
0	15489	4956.754002134313	4
0	15498	4959.41216857836	0
0	15507	4962.421952922591	1
0	15519	4967.468583716774	1
0	15524	4967.617099837628	1
0	15528	4969.055936518704	3
0	15530	4969.058925607703	0
0	15534	4970.197662719755	2
0	15538	4971.420135616321	0
0	15544	4973.086220926833	3
0	15556	4978.961885425024	1
0	15561	4980.916258778187	2
0	15573	4984.60652972734	3
0	15576	4984.899407420535	0
0	15589	4990.351369307371	1
0	15606	4995.955342749827	4
0	15620	5000.322229289213	3
0	15625	5001.863166823745	2
0	15643	5007.328436477803	3
0	15645	5008.261618765532	0
0	15656	5012.369100401871	4
0	15668	5017.384967713378	5
0	15670	5019.006298811403	2
0	15673	5019.740691659038	4
0	15680	5022.410391394974	1
0	15683	5023.818730703202	1
0	15698	5028.188627058401	5
0	15702	5029.410073936095	0
0	15711	5033.496878781582	6
0	15723	5038.751768339651	1
0	15731	5042.397004316556	0
0	15736	5043.806173935758	1
0	15737	5044.003122066024	0
0	15739	5044.197038860055	5
0	15750	5049.426324528402	2
0	15760	5054.88578908168	6
0	15774	5060.688912844511	3
0	15787	5066.149495637037	7
0	15790	5068.221695731388	6
0	15798	5070.746594116666	2
0	15804	5072.114138321711	1
0	15809	5074.062399273382	0
0	15812	5075.088873479158	1
0	15817	5077.366473345195	5
0	15821	5077.421791017747	2
0	15833	5082.633326634525	1
0	15845	5086.76321505347	1
0	15852	5088.071157813065	2
0	15854	5089.116555672713	1
0	15864	5092.712477834422	0
0	15870	5093.595676441204	2
0	15880	5098.854393471258	1
0	15882	5099.248711670277	4
0	15889	5101.401748301338	0
0	15896	5103.959292487234	3
0	15909	5109.070655586656	4
0	15920	5114.718010243254	5
0	15927	5119.499897541822	3
0	15929	5119.647758125788	4
0	15933	5120.238463719135	1
0	15942	5123.670259559056	2
0	15952	5125.828806735568	3
0	15968	5131.396462047931	1
0	15985	5136.753975043299	0
0	15990	5137.317939639084	4
0	15994	5139.386743659731	3
0	16006	5142.817196712822	1
0	16021	5147.310722911024	0
0	16028	5148.325332525645	2
0	16045	5154.237643223482	1
0	16046	5154.27582247846	3
0	16048	5154.466326181307	2
0	16052	5155.5661296962	0
0	16065	5159.975685205304	3
0	16080	5165.113765214098	3
0	16083	5166.610873188816	2
0	16085	5167.137565934795	2
0	16098	5170.628477947082	1
0	16117	5176.242051174393	3
0	16130	5180.637381627682	2
0	16137	5181.275650564576	3
0	16139	5182.119839568036	2
0	16156	5186.811710146949	3
0	16157	5186.84689238993	2
0	16159	5186.91606676613	1
0	16163	5187.634077915568	1
0	16172	5189.586737452884	0
0	16180	5192.139114541928	2
0	16195	5197.785766398177	2
0	16199	5197.994068491733	3
0	16206	5200.289924074658	0
0	16216	5203.072676212754	3
0	16226	5208.563767227223	2
0	16230	5208.785811316682	3
0	16231	5209.177972058412	2
0	16238	5212.725099851604	2
0	16245	5214.542280329153	3
0	16258	5220.02788487309	3
0	16270	5225.952276429621	4
0	16280	5231.677203462686	5
0	16281	5232.209507515532	2
0	16293	5237.563614007312	6
0	16298	5240.303789838677	5
0	16306	5243.179195695085	1
0	16315	5246.806387262064	4
0	16323	5248.621304933674	3
0	16334	5253.753612830997	3
0	16338	5253.938799917925	2
0	16339	5254.033893607085	1
0	16341	5254.095638486784	2
0	16350	5257.784954074416	1
0	16359	5259.530385416694	2
0	16366	5262.382380360731	1
0	16375	5265.480636338698	2
0	16389	5270.720442259911	1
0	16393	5271.04581349296	1
0	16412	5276.130055201002	4
0	16419	5278.086603985745	3
0	16422	5279.182324922406	2
0	16433	5281.204736282578	2
0	16438	5282.905131903354	1
0	16447	5285.496096643732	1
0	16449	5285.845487590988	0
0	16454	5286.547177894268	1
0	16476	5291.894645138638	2
0	16484	5294.942932250555	0
0	16493	5297.130556600163	1
0	16512	5303.073436420406	3
0	16517	5304.325985174738	0
0	16524	5307.261071707816	0
0	16531	5309.026047835354	2
0	16543	5314.262325009326	4
0	16545	5315.779534850496	3
0	16549	5316.933051764611	1
0	16557	5319.605954306661	2
0	16564	5322.591184155893	1
0	16572	5325.241322182114	1
0	16580	5328.020913378562	0
0	16588	5330.886451735855	1
0	16606	5336.631823288505	2
0	16611	5338.801684251049	2
0	16622	5341.865184661462	1
0	16630	5344.362391981174	1
0	16637	5346.254372637947	0
0	16641	5346.913749092952	3
0	16657	5352.853459693254	2
0	16670	5357.098125552172	2
0	16675	5358.118865161431	2
0	16694	5363.816041372246	3
0	16699	5365.351477519605	1
0	16702	5366.441239977834	1
0	16714	5369.358947297088	2
0	16728	5374.571616646829	4
0	16733	5377.071563157715	1
0	16737	5377.875030603605	0
0	16743	5379.69285427406	5
0	16744	5379.748225757265	4
0	16758	5385.574569351036	2
0	16770	5391.005490426203	5
0	16771	5391.450021521183	1
0	16784	5396.832251226526	6
0	16791	5400.393792282902	5
0	16797	5402.278968355149	1
0	16799	5403.131520857796	0
0	16805	5405.255133439434	0
0	16810	5407.34458201937	1
0	16811	5407.35751188872	4
0	16823	5413.167610115135	1
0	16836	5418.729033103674	3
0	16840	5418.943695423655	2
0	16858	5424.656184080984	1
0	16870	5428.29454912431	1
0	16876	5429.249176877313	0
0	16882	5430.121038761684	2
0	16899	5435.558763218806	4
0	16904	5437.448506854705	0
0	16908	5438.893243661846	3
0	16913	5441.328930302168	1
0	16917	5441.495155871841	1
0	16933	5447.424429839705	1
0	16951	5452.510219102721	2
0	16959	5454.752084788166	2
0	16961	5454.807253491595	1
0	16975	5457.698647479522	2
0	16993	5462.83552259346	3
0	17001	5465.193607834861	2
0	17007	5465.899189009678	1
0	17009	5466.198385464955	0
0	17018	5468.428760639154	3
0	17035	5473.579050052673	4
0	17043	5477.852009632273	0
0	17049	5479.297038375395	5
0	17061	5484.653119948455	1
0	17074	5489.828401565314	6
0	17082	5493.233604120552	5
0	17087	5494.451190117975	0
0	17091	5495.066720708268	2
0	17093	5495.514220931331	1
0	17105	5500.446821677959	2
0	17109	5502.666092543625	4
0	17117	5505.55001787282	1
0	17133	5511.272585536581	3
0	17162	5523.957142793104	3
0	17165	5524.97558662039	2
0	17188	5535.081111204687	0
0	17190	5535.117173200703	2
0	17197	5538.8096090015	1
0	17205	5543.568410906472	1
0	17211	5546.43743554968	0
0	17232	5569.073211230916	0
1	21	16.019193224959	10.561138277991
1	56	29.298090248019	17.923057320644
1	92	43.607061276093	20.925918594815
1	97	44.847623396199	6.307753176428
1	113	49.236521039974	32.198440205656
1	120	51.683495351231	18.16722396284
1	131	54.717424322732	26.436210826386
1	169	69.351250676553	25.634363598305
1	187	75.450269312716	21.142622002519
1	189	76.035167384659	16.531748816836
1	199	78.954923910091	8.351219269217
1	219	87.3628271498	38.127763727329
1	244	94.098847240907	29.360248172422
1	269	101.87750433653	20.362005334696
1	272	102.473570393398	15.055557546439
1	275	104.219836139935	27.881178917247
1	295	112.711056405561	13.985292140511
1	308	118.055528869734	8.459621774149
1	317	123.08936908585	29.740025059088
1	331	128.387390555581	7.889949258884
1	403	154.081652129768	23.320957158229
1	406	154.638700486858	50.418787101051
1	409	155.821684333959	19.842316856607
1	431	163.42624858976	16.407224202294
1	445	170.406724116998	7.563347656048
1	476	186.196913594613	71.085624382833
1	487	191.28753409267	17.320136943251
1	506	203.960312297219	78.406168600663
1	533	218.36053378426	76.683216138162
1	562	227.620409524535	15.510685506278
1	596	239.047705993638	11.191806929303
1	623	247.481414479669	94.889301583405
1	630	249.354616491473	91.674420920318
1	638	250.626262998558	33.10339339648
1	682	262.056085941034	28.603725213909
1	693	265.907241001958	97.27921091416
1	700	266.852616395684	27.782768350211
1	703	267.819971660152	23.256659926615
1	709	269.382090440953	8.172531204302
1	739	278.864858387271	29.200508447831
1	744	280.124326803604	100.69107783667
1	777	289.075574537856	16.798583338622
1	782	289.996129130246	105.06931852736
1	794	293.825395541151	27.487994979955
1	796	294.263165164852	15.993070831172
1	820	302.810530961954	2.993361295899
1	825	304.641318235315	114.04632718535
1	834	308.125964095118	24.678962120789
1	875	326.450774992347	5.279085263144
1	900	335.03214552661	139.38932357833
1	902	336.112263714312	47.503543507426
1	942	348.909225841754	147.95539367129
1	950	350.598983318891	23.797379873809
1	989	362.866619046548	156.21943181707
1	1000	366.804835792747	72.328529371533
1	1029	376.03360534343	65.841188938826
1	1032	376.832299764964	44.21642678231
1	1063	387.199329518826	48.671075036399
1	1074	391.054098963157	24.796444193813
1	1081	393.760826874293	170.91392344656
1	1109	403.889479669977	14.936773032653
1	1144	416.68281530577	72.837440136005
1	1156	419.708892267431	164.10538659687
1	1158	420.335958142765	14.378698090793
1	1181	429.398041061006	6.667853366235
1	1195	433.942003300876	5.620534080314
1	1200	435.106180714791	74.431248636102
1	1225	444.172092102464	9.861964340089
1	1231	445.985311534953	68.650113771205
1	1238	449.312187039879	144.1704246424
1	1251	453.646047858518	7.729758738541
1	1295	471.171374490603	155.53132380837
1	1300	472.315231627201	20.838628139
1	1332	481.306317951299	131.65391266789
1	1377	493.165393255996	30.612886567018
1	1381	494.211720604329	20.661711044493
1	1409	502.135201057299	34.485447686748
1	1411	502.878594359495	12.356770077603
1	1417	504.774860430275	149.25153464382
1	1431	508.495787649994	29.116759013734
1	1454	516.568008734378	144.9313407247
1	1478	524.213265818542	140.9403449106
1	1482	525.548587335155	19.211370860577
1	1497	530.962883160444	35.433140762381
1	1499	531.157321067758	136.35479146708
1	1503	533.082978224729	132.74520461855
1	1529	542.673980719753	41.44725683762
1	1535	545.072458556383	5.289207115768
1	1552	551.714685046227	140.03331621375
1	1577	560.931401051344	15.218621629057
1	1612	572.455534599021	154.87111945311
1	1621	574.616876019512	23.190895453912
1	1649	584.826955610299	22.257674998486
1	1668	592.675996750008	152.46487944375
1	1702	602.310062437315	33.951568282908
1	1710	605.507139831078	14.55400909623
1	1730	612.743772888204	155.39774984413
1	1794	631.669387941708	29.691757909951
1	1798	632.61250674596	58.835492075303
1	1802	633.059298509261	13.919139685108
1	1805	634.122286150343	54.807460665352
1	1807	634.52252319839	149.27648999414
1	1833	644.206527512981	47.463385280919
1	1848	647.887755288152	34.516130995816
1	1878	655.170204013232	14.562389448401
1	1882	656.644209644172	145.06225591654
1	1915	664.537872508164	147.00488267629
1	1945	672.450464147253	42.212610677697
1	1951	673.2716925065	26.893698699308
1	1994	688.134933681105	31.387634619953
1	2002	689.634265309426	38.232780252814
1	2019	694.656366440228	171.27389844274
1	2050	702.986540174804	30.524405144852
1	2106	717.583683957687	28.67438167345
1	2108	718.116760334695	24.070405668581
1	2132	724.208615957635	195.42595585307
1	2152	728.967823188045	50.759640935805
1	2194	739.444068757696	39.959312556196
1	2196	739.862569238283	55.961884977525
1	2214	744.437976546344	28.09062644839
1	2227	747.84321206423	213.16298757714
1	2256	755.598094967534	28.207201010661
1	2270	758.616008571811	53.166174893735
1	2275	759.933599606153	38.454572973543
1	2289	763.51702349993	52.351267539777
1	2335	778.501741072504	221.80874860927
1	2342	779.162047204091	5.930780707393
1	2348	780.653018631731	36.392948229328
1	2351	781.411071168014	48.150238238036
1	2353	781.897140674982	196.61872236127
1	2359	783.484444260006	33.564047561838
1	2409	796.955394866865	41.350050986505
1	2422	801.17990587593	16.262170445523
1	2428	803.295327364927	24.362039925297
1	2452	810.405642701075	14.448851021705
1	2462	813.31510812823	205.78886552608
1	2474	817.465822952445	11.485506200114
1	2478	818.605488567724	1.267201585811
1	2511	833.326125085464	32.363081058602
1	2517	834.720916432201	210.29017350717
1	2536	843.93636816739	208.38892648182
1	2552	849.475129027265	4.558882500395
1	2566	853.390155811551	191.26736745121
1	2576	856.081031540286	44.265178722444
1	2619	869.306341533771	201.89191271248
1	2624	870.349851372059	131.63915051903
1	2627	871.205693618738	48.405702697229
1	2645	875.230110529457	24.943689502194
1	2661	878.805706456991	117.34907103539
1	2683	884.34771985991	17.694901498151
1	2691	887.643431167928	59.38635417528
1	2706	890.471461092701	34.798986015726
1	2722	895.209178160058	6.985197904171
1	2725	896.377671477023	128.9596597572
1	2737	901.234665849706	39.633793006184
1	2760	911.249453725869	17.288826205416
1	2776	920.643812917976	130.26973260391
1	2825	937.508396039123	103.64163592539
1	2849	944.587694751096	22.751859272365
1	2868	950.8795801755	34.94155551982
1	2884	956.350927395858	5.941403081755
1	2894	960.786287315538	32.953106182746
1	2899	962.03725124813	122.97716845769
1	2908	963.585824195177	7.356756471447
1	2938	973.375923626355	11.250781044364
1	2958	979.63114663353	40.537804599852
1	2993	991.691506880906	119.42973555612
1	3006	994.759276299852	26.941506553791
1	3020	997.853884891025	13.40399638389
1	3041	1004.429195639676	31.148129499518
1	3045	1005.712541841192	128.40891326195
1	3058	1008.612274225681	18.444983341846
1	3087	1017.321470545954	38.182743265878
1	3104	1023.127334865857	17.127989349539
1	3107	1023.878589677041	12.473415788846
1	3117	1026.231182285226	143.80731117434
1	3145	1033.110878101548	11.311250143685
1	3158	1037.47860869602	20.804602215997
1	3183	1045.562090953462	44.89796550607
1	3188	1047.844481946434	3.903886214366
1	3190	1047.947624602694	148.72139874438
1	3215	1058.378506322854	3.726247138576
1	3220	1059.968991829426	32.55695925641
1	3232	1064.811236516329	159.75224507064
1	3262	1076.187448198086	26.588507746226
1	3284	1082.757217424221	16.73529827618
1	3306	1092.693413297762	15.324440833532
1	3312	1094.062849771219	183.46134626375
1	3330	1099.351434611713	6.354265861445
1	3332	1099.375290271592	11.759152745362
1	3339	1102.88518944719	169.37042826378
1	3377	1116.822462123224	172.27467989839
1	3397	1121.176824254567	23.013434538038
1	3407	1124.368788554679	15.407409311154
1	3413	1125.469987641541	129.82511731329
1	3428	1128.67439073266	24.904467898306
1	3466	1140.280544141537	25.673063422319
1	3468	1140.297038075393	19.78658845124
1	3497	1147.723312703538	21.935647872855
1	3499	1148.30373078106	115.63128782377
1	3506	1150.684425603352	112.41477634826
1	3519	1154.075873228601	23.137135459224
1	3550	1163.386630825103	102.84250142739
1	3558	1163.97133228717	91.980622390274
1	3572	1168.171875989993	27.041190274524
1	3586	1171.100303047567	18.80343072582
1	3599	1174.254021435964	91.740666614369
1	3607	1175.484293679238	17.234943533082
1	3612	1176.916002275071	40.935280421399
1	3652	1190.289402086055	43.20621135086
1	3656	1191.467441162909	10.715850436479
1	3662	1192.317168670122	28.558828878332
1	3671	1197.854512784977	28.701328412978
1	3733	1221.890888961963	19.020853796277
1	3735	1221.912635865501	46.878704079774
1	3741	1223.450210835202	3.53073088627
1	3793	1236.940832442371	28.099792365685
1	3823	1247.473822483325	33.218796173576
1	3834	1251.342592637055	65.16592822131
1	3836	1251.57484266476	20.816465175827
1	3852	1257.39561072958	31.981834083447
1	3882	1267.820857804849	25.924738901319
1	3891	1269.194491818546	16.210185112433
1	3894	1270.297330835833	78.548328320962
1	3914	1279.485508851588	42.815116870566
1	3939	1286.325471651738	89.028346263803
1	3979	1297.902727621955	18.133855766501
1	4005	1303.44601098797	17.961172633338
1	4009	1304.720825616151	57.678069352987
1	4017	1307.330715463029	38.451798923546
1	4047	1314.47571389924	23.591010345029
1	4052	1316.08225634426	20.072931042522
1	4054	1316.99933940917	9.355069810059
1	4068	1322.749651985706	9.47421393171
1	4115	1339.364461549439	80.63394455018
1	4118	1340.227131738556	5.114456419832
1	4146	1347.963574301913	2.003307878738
1	4154	1350.719656084894	31.461894525448
1	4156	1351.315094780174	87.46741111949
1	4166	1353.725962835709	29.410496008232
1	4206	1372.612386561694	97.98722539842
1	4212	1373.384114549958	43.331648072228
1	4265	1393.628441897102	3.411583292881
1	4282	1398.116243329129	96.184042313601
1	4298	1401.947078663502	50.537018369999
1	4337	1412.733537164513	17.426258800085
1	4343	1414.680365864998	30.42164967989
1	4369	1422.934372003303	65.833607830922
1	4372	1423.962723425472	83.499482366608
1	4380	1427.066562641178	58.959649802421
1	4405	1435.535419911025	23.76005900523
1	4411	1437.290667948545	59.004356164255
1	4458	1452.625345812292	30.429149799165
1	4461	1453.41185645619	90.319240231998
1	4472	1455.112801638661	27.231279237428
1	4479	1457.026717118336	56.448094966009
1	4525	1472.447672778154	99.275241124792
1	4530	1473.498151111761	67.414050872087
1	4532	1473.880471523382	24.504192921565
1	4552	1478.898539002748	23.996821541338
1	4555	1479.77091618266	62.580023570334
1	4563	1481.647724442997	37.372784277309
1	4565	1482.136300578011	21.51057603117
1	4578	1485.677686731093	52.479431321609
1	4612	1495.997059135581	7.901571215248
1	4629	1500.602696649263	34.55127224303
1	4637	1504.310000927301	27.27179514768
1	4647	1506.57328107231	67.459350742865
1	4655	1508.857962483305	37.288502058713
1	4660	1510.166547928236	16.218992390436
1	4670	1512.677068634305	12.892076611634
1	4693	1521.749508820005	16.781321295535
1	4696	1523.336255100902	40.678122637676
1	4721	1532.80806643318	6.583687217326
1	4729	1536.563163224955	15.472788079292
1	4741	1541.522742066994	30.8907789411
1	4808	1559.016305121823	22.050344557732
1	4818	1562.327046304006	4.67560578766
1	4828	1564.548169085521	22.500396747141
1	4848	1568.812897022461	52.881916850454
1	4862	1572.447195052285	25.350230445271
1	4869	1573.479044141129	20.939422155147
1	4900	1583.980739709338	5.368607571
1	4916	1588.361535907604	15.040234834537
1	4918	1588.959886696886	26.243059442145
1	4928	1592.181501028474	60.634249772758
1	4946	1596.921059439887	29.146622546947
1	5007	1618.061657905227	33.963849615422
1	5009	1618.582267273216	29.129397283309
1	5032	1624.949592214424	24.791243001236
1	5056	1635.836830087936	30.634910954629
1	5091	1648.217146052746	53.696167242017
1	5108	1653.156931273057	42.064556139873
1	5114	1655.470837851052	33.849543213844
1	5129	1659.558396502163	26.220833750908
1	5166	1671.468159154872	54.88568726124
1	5169	1672.376657610292	28.066043563421
1	5193	1678.274375544859	22.149584224448
1	5220	1687.681123392419	60.279924715402
1	5231	1691.287383118875	24.353710575728
1	5252	1699.038542073916	59.946319586365
1	5294	1710.854588359123	60.647717632583
1	5297	1711.702444868045	50.070539292299
1	5332	1721.565041103981	11.36954357836
1	5339	1722.54252304998	44.563925599446
1	5342	1723.356474901778	50.542200061956
1	5361	1729.673300061257	46.555873291218
1	5382	1738.415522623106	39.158178751356
1	5423	1751.449990910474	13.74038797384
1	5426	1752.436726005628	64.094573584966
1	5464	1764.464635476585	43.037170881523
1	5474	1767.112295102905	73.215419969635
1	5494	1773.181666275949	24.461224521743
1	5510	1776.68192965979	71.906314671966
1	5518	1779.685602706035	63.810903057102
1	5537	1783.870993297545	29.671983096284
1	5556	1788.889357443782	62.024521705347
1	5579	1794.064180973217	34.575858633734
1	5591	1797.582327171808	22.149793250137
1	5622	1805.855990954906	2.847280110233
1	5627	1807.765460312826	37.609521040923
1	5640	1810.874392921337	18.808470597958
1	5660	1818.316134330583	86.245677892586
1	5673	1822.015130103677	40.8065314627
1	5694	1828.942684312	85.745229145862
1	5712	1834.309807823384	20.392329825202
1	5719	1835.423364503657	70.597945756397
1	5763	1850.244468509681	20.63832777133
1	5773	1852.512701790196	5.974054654711
1	5775	1853.242425243252	55.520367779886
1	5778	1854.021622443333	67.639727646249
1	5795	1859.679515853751	35.418609588403
1	5815	1864.953273608346	13.120960927101
1	5824	1868.117559757081	59.305705912411
1	5861	1878.785563114559	43.44415411865
1	5867	1880.244254388957	1.549604385738
1	5873	1883.129314730061	20.347997171923
1	5883	1886.309100424402	67.343407535924
1	5902	1892.795096002052	8.575175749604
1	5910	1895.379914130197	54.572397285023
1	5915	1896.496103901412	39.575863390693
1	5931	1901.028576892565	6.44050108944
1	5934	1901.995694577806	33.744232226277
1	5937	1902.875155285468	29.346133986491
1	5968	1913.057909581692	8.045582280378
1	5988	1918.682038911034	8.350347898318
1	6009	1925.182175532334	35.70578617731
1	6013	1926.603716506272	26.90644282091
1	6037	1934.068255752323	17.849054064369
1	6053	1941.682318276025	14.241397594102
1	6074	1951.949499835141	30.435854820418
1	6096	1959.701799329367	21.703561583068
1	6116	1969.404368742949	36.672026676243
1	6162	1988.284364234652	33.880867269122
1	6206	2000.333597720714	56.896338753519
1	6213	2001.515137800476	19.437447414266
1	6241	2009.19030941033	44.157546910574
1	6256	2013.223288004399	25.947631746181
1	6269	2016.790677466543	67.806256774464
1	6271	2017.341525425318	41.147862380023
1	6273	2017.497738394766	19.110921684536
1	6305	2031.126533768952	71.446982592694
1	6323	2037.515397687905	11.319047336467
1	6334	2041.456130927893	37.135060320378
1	6338	2042.528874513225	71.980041751406
1	6379	2055.720005708161	63.179478351143
1	6383	2056.683356545628	13.420890661654
1	6392	2059.147637207058	27.18180356524
1	6423	2066.757605364657	12.535758376701
1	6427	2067.502202222704	57.479331361248
1	6469	2080.415836090335	3.391183896572
1	6474	2082.061540542051	22.00435312523
1	6480	2083.51076717628	45.622971025763
1	6505	2094.320389061466	23.203679849628
1	6512	2098.175164394428	82.999269702823
1	6554	2111.747967516069	90.738031876973
1	6556	2112.067528377399	12.737003872286
1	6563	2114.308879700487	20.144250170561
1	6605	2125.822346113504	15.91291240661
1	6615	2128.400924046639	79.236098791824
1	6633	2133.143124156974	28.548510433287
1	6637	2134.389610748153	18.725826898007
1	6653	2139.736377310704	13.253677954432
1	6669	2144.692711848184	79.065831313495
1	6672	2145.159149147685	23.854314036086
1	6709	2158.537836992065	26.07915464591
1	6711	2158.803931691335	76.052824858696
1	6715	2159.700547086774	71.283230603443
1	6717	2159.860786144505	21.832174854006
1	6756	2173.172448086083	13.061499892966
1	6773	2178.624440312266	13.049648841261
1	6777	2179.845776040338	30.852824601811
1	6792	2186.552175628022	43.33891257807
1	6805	2192.162545487981	37.188296265202
1	6813	2195.519649617139	13.569896142931
1	6824	2200.050935325564	29.183501283993
1	6829	2202.793458939527	14.923167808447
1	6835	2204.650980321804	11.615623778082
1	6870	2217.317529887773	7.89171385055
1	6896	2228.290145213486	51.443413349341
1	6906	2232.530722324849	34.118781371857
1	6919	2239.24663732352	8.453082075693
1	6978	2259.865287701245	55.806810774257
1	6996	2264.421912656747	27.703676614098
1	7006	2266.488535265434	51.924260878236
1	7008	2266.892019379765	25.094885878848
1	7026	2272.410997354072	52.796949492184
1	7028	2272.900394874041	19.257011301235
1	7030	2273.846781113531	14.852595230681
1	7063	2285.09074516303	59.762985221692
1	7079	2289.94221160933	42.154599859845
1	7096	2294.845263563208	19.559790224883
1	7118	2302.609638957885	32.664889939012
1	7123	2303.625060459364	38.756599614398
1	7135	2307.069747276834	9.432440052741
1	7159	2314.578047990213	27.967279517441
1	7196	2326.853529323007	23.226820915124
1	7207	2330.088440127085	49.016793615068
1	7233	2339.47714469174	30.49604838679
1	7252	2346.611834519888	32.554131301934
1	7297	2360.576705014096	67.97122109658
1	7302	2361.750006953019	36.821122802562
1	7354	2374.242115906202	38.491680476347
1	7357	2375.098331483543	33.743681738385
1	7364	2376.867564319282	19.269448477892
1	7379	2380.414517047811	28.167189999948
1	7399	2385.602717297146	66.35500435624
1	7421	2392.366598776307	18.528799073771
1	7438	2397.492002301262	34.17707962135
1	7484	2413.174204307259	33.84748749959
1	7490	2415.539027251529	85.294468967706
1	7516	2424.857349020659	7.012160551036
1	7521	2426.377378760951	2.701193809626
1	7530	2429.493319325722	82.519700827886
1	7535	2430.84013120329	62.170664945731
1	7575	2447.316420651852	57.189723142537
1	7580	2449.080476028485	64.476298676446
1	7609	2458.431778500318	62.439183157168
1	7615	2460.746902116339	21.307863462484
1	7636	2469.510828439486	40.286549807636
1	7643	2471.506512128622	26.29520919604
1	7670	2480.457974807699	24.233691523892
1	7702	2490.76828347274	89.2982998552
1	7708	2493.764976690872	26.249265594759
1	7716	2495.771756355994	88.949333697903
1	7737	2502.525284054331	29.418422269978
1	7751	2506.298214116357	27.40848632226
1	7759	2509.927392591484	97.373664472715
1	7768	2511.905266180508	6.39129454863
1	7786	2517.516232102407	22.891682635759
1	7791	2519.489821935651	19.855528487008
1	7797	2521.333999004092	87.049262685814
1	7813	2525.768605612332	14.422993154149
1	7837	2533.011110473999	81.910592300696
1	7853	2537.990771219715	20.919995659149
1	7860	2538.649022491298	5.981124817511
1	7874	2544.937413880715	22.369987541693
1	7889	2549.327019917306	87.220436956496
1	7913	2556.606726191469	12.922543518244
1	7941	2566.882650595037	39.306328453936
1	7948	2570.102932082481	86.085790840438
1	7969	2578.318796050378	89.003875512509
1	7994	2587.609889917657	26.82103095844
1	8016	2593.432409670552	11.589791840758
1	8039	2601.147217140875	62.629327009776
1	8067	2608.233394622916	15.192305424599
1	8069	2608.440924043294	58.973037269194
1	8078	2609.818823375738	11.534889547621
1	8097	2618.034609929541	41.346385302139
1	8102	2619.953214355621	64.573450717255
1	8128	2627.141303897136	17.819521691885
1	8155	2635.382317899487	69.318774400274
1	8160	2636.726608168797	10.72517927573
1	8176	2639.959655494891	24.739109331042
1	8183	2641.1519504335	9.213952115621
1	8197	2645.673526098948	24.700477729317
1	8210	2649.403909075537	12.368134050163
1	8236	2661.09000458882	89.87145503412
1	8255	2667.693868480973	13.673833152165
1	8265	2670.579932573484	11.483643336222
1	8280	2678.459116575535	90.807278976073
1	8302	2687.958790215196	18.173844096715
1	8322	2696.296418373119	92.10999473708
1	8331	2698.691093533647	23.662364689515
1	8335	2700.321436640339	2.970774547895
1	8352	2707.799636589243	65.263469004652
1	8394	2719.468119180295	10.906327144011
1	8414	2727.359556747363	79.169938593401
1	8430	2731.381101972422	50.422016693511
1	8458	2740.483947333878	53.703679521567
1	8479	2745.64099557593	31.76891498163
1	8481	2745.661520745483	81.124432547129
1	8520	2755.469175896025	19.543866645895
1	8531	2758.770250434283	66.874478182285
1	8539	2761.185440967319	58.612225774438
1	8557	2765.949312155369	46.845196465731
1	8564	2767.616213565806	37.4431255738
1	8579	2771.045726219542	29.506007780439
1	8615	2782.449465565727	57.455175093254
1	8619	2783.34481918404	36.46962120861
1	8657	2793.272092994652	30.277310874431
1	8673	2798.118340944168	40.779867457455
1	8689	2802.364857811127	33.391500982569
1	8712	2809.850890835973	57.849380094552
1	8718	2811.781700338003	3.918854890158
1	8731	2816.650021838374	31.12115164043
1	8768	2828.397138412922	53.954160631981
1	8772	2829.141302642295	4.602983499295
1	8783	2831.700690777041	35.238204504364
1	8820	2843.389502511472	63.044769466269
1	8823	2844.011724040377	2.71799126314
1	8826	2844.842608954405	25.945403396732
1	8845	2851.456020992595	15.580937196382
1	8860	2855.942920342665	64.499295256911
1	8872	2859.59259085648	46.235191730199
1	8905	2872.485871440027	70.373028103956
1	8939	2883.796942081997	30.673313610486
1	8946	2886.942641319705	16.917006473057
1	8967	2893.537657204661	63.251477525449
1	8975	2896.704093023434	20.766129302559
1	8998	2902.9784242711	21.120347482384
1	9037	2911.820740416644	24.523865927243
1	9052	2916.160490016796	68.868385354634
1	9081	2926.217353237674	27.969255354837
1	9100	2932.214621611868	28.196099047781
1	9123	2939.963656343047	81.430042828428
1	9125	2940.304425816049	31.16169308382
1	9173	2953.891582609849	39.306777367134
1	9178	2954.237029295179	11.796993713359
1	9185	2956.19707548059	91.905592089981
1	9220	2967.899547899607	41.839993988631
1	9230	2971.072227059159	78.208376821126
1	9243	2975.242409457914	55.050034601938
1	9256	2978.565081256901	47.111711403816
1	9260	2979.713026284234	43.177959796968
1	9278	2985.285340649891	31.253775477993
1	9306	2994.009198718932	23.553930444407
1	9328	3000.780164328748	52.579521335774
1	9342	3005.236443882693	40.106769885289
1	9360	3010.071263307588	5.652495056973
1	9379	3015.634553586358	39.334995375708
1	9396	3021.868773167485	12.267332773655
1	9400	3023.550984904398	64.236315282524
1	9417	3031.222803211651	48.938969325855
1	9428	3035.607201746542	47.924340792578
1	9457	3046.763757591478	53.703692663572
1	9462	3048.461799499576	10.97697972902
1	9491	3058.41385963559	42.85780580272
1	9506	3063.673074338235	31.23208624113
1	9548	3075.545407300578	9.918612668988
1	9551	3076.060849693484	27.53755059617
1	9557	3077.123050050222	78.482784055518
1	9591	3088.471776019666	45.338619417397
1	9603	3092.563002123726	21.222235450753
1	9606	3093.218118335231	72.111348530623
1	9627	3103.55635270232	49.369864072538
1	9671	3118.468828288485	91.557704663251
1	9675	3120.066788252788	60.129560927044
1	9684	3122.088873184053	33.775152588964
1	9714	3131.342480894757	26.108861435553
1	9730	3135.40818307013	8.394334183074
1	9743	3139.763294576662	63.299378741996
1	9758	3144.444291449034	22.712656075019
1	9772	3150.174009254897	39.308720892061
1	9788	3157.466328768636	75.110610416971
1	9799	3161.937776901988	24.118518855886
1	9803	3163.634844629204	69.885263740663
1	9814	3167.23141166451	24.322294966781
1	9822	3170.089067177724	70.796651093867
1	9870	3183.982603198729	35.341777436084
1	9884	3187.915847447581	33.487000943974
1	9890	3188.17920255928	71.474632115913
1	9910	3194.513857407265	28.853666043611
1	9921	3198.107855861308	26.554649241502
1	9954	3206.632769441225	74.33589121466
1	9960	3207.641294967967	30.802566290253
1	9962	3208.357860920601	14.495902433176
1	9969	3209.59819649125	26.91552164231
1	9982	3214.270570003893	26.136464277515
1	10016	3224.653902143472	15.402856757165
1	10021	3225.737277801608	66.066255943379
1	10029	3227.751530571957	23.776695861365
1	10043	3232.313875512802	17.100969353341
1	10087	3247.172962011072	26.006292719627
1	10094	3248.63337840279	49.663749060355
1	10134	3261.562557765859	35.327074974885
1	10136	3261.811608841878	30.174440134551
1	10177	3275.266163889088	37.840607365129
1	10181	3276.449359120805	27.909786718202
1	10219	3286.423154407991	43.505843327026
1	10229	3288.771751108575	23.284710145782
1	10266	3299.328337652727	22.712924494757
1	10281	3303.663641997385	49.365352661818
1	10286	3303.908987362989	32.441912786222
1	10288	3304.31929916388	11.875358727177
1	10326	3317.244899531133	57.0326748353
1	10340	3321.484327318149	39.84927115147
1	10346	3323.203970235193	24.913999223267
1	10405	3339.490673476136	24.030074134006
1	10423	3344.182270951921	40.284534987179
1	10432	3346.501371258173	59.110371643211
1	10450	3350.71131000086	23.997199212202
1	10458	3353.017271537218	43.486239588003
1	10461	3353.476621904648	32.196181309645
1	10493	3364.399729165249	10.438230170169
1	10500	3365.699949714474	28.055012297003
1	10509	3369.098301624883	37.284993812677
1	10548	3378.726573443625	13.93575580849
1	10575	3387.543935715222	38.586689294083
1	10586	3391.814506549038	21.046346172572
1	10595	3394.953738819578	51.390176150251
1	10620	3404.554716509885	6.172801870271
1	10626	3405.730493107813	46.707105959767
1	10647	3412.84552424704	8.756466798719
1	10651	3414.333443450744	32.444002376638
1	10658	3416.143051292867	39.971287046678
1	10707	3438.205606930893	51.207164597235
1	10712	3440.820333307612	47.931437544294
1	10717	3443.035775738888	4.830932829881
1	10758	3461.254342328995	51.88337880583
1	10761	3462.095768293832	18.31525317952
1	10802	3478.978569573957	23.849933021004
1	10820	3484.19150421268	23.916504684953
1	10822	3484.613486969494	13.63654003886
1	10831	3488.001988251465	73.154718669368
1	10881	3505.678240886073	13.125179386115
1	10884	3506.483810125855	85.705471459781
1	10900	3509.503406316978	83.027381127938
1	10923	3515.686841681369	38.85097613442
1	10930	3517.612604319699	19.84130595962
1	10983	3531.308300019124	17.585491475299
1	10987	3532.749716724505	100.49181519379
1	10994	3535.198914705196	32.327680924328
1	11003	3537.855308747385	55.881370190299
1	11024	3544.253540591103	3.032163075171
1	11029	3545.764013254552	26.729291338011
1	11034	3547.155215195616	97.754734391582
1	11061	3557.630859998176	91.905076229367
1	11081	3564.498183862421	77.378761795465
1	11120	3577.673978241277	2.704077082104
1	11127	3579.321926329517	70.605997121194
1	11129	3579.911215742939	50.10709525983
1	11147	3585.345942738581	61.00563906168
1	11164	3591.300938140602	38.792361738395
1	11194	3599.579380747047	64.319893758395
1	11233	3610.528967618128	46.598685982987
1	11237	3610.740607782037	63.553725831447
1	11266	3620.569778358797	28.705414096126
1	11276	3623.069671369625	42.446347066668
1	11308	3631.155133157152	73.207374886492
1	11326	3636.526417329794	22.961519390696
1	11333	3638.257350394969	29.978174141376
1	11366	3646.767446004552	77.324391947593
1	11382	3650.778001192957	31.888046332634
1	11387	3651.607223467203	10.203607348027
1	11415	3658.988465811593	28.67131884629
1	11419	3659.749674096939	34.996012334714
1	11433	3663.906089009947	77.92957183858
1	11435	3664.08359181986	17.109049545255
1	11468	3674.562468819668	21.970189666724
1	11496	3683.235828077883	85.698638550002
1	11506	3684.721285486012	10.832765111118
1	11514	3687.4811843707	51.223764619907
1	11525	3690.875319252953	27.928227060007
1	11564	3701.749562119946	11.612983088356
1	11583	3707.138715170673	28.083223993774
1	11589	3708.184020878627	105.43402447609
1	11607	3712.856524936618	54.941625094736
1	11618	3715.357474761315	19.50946524809
1	11622	3716.61309477477	15.365087404844
1	11665	3731.414993479848	25.087661034428
1	11670	3733.044281076869	64.804232066726
1	11705	3741.76180606964	23.955972125521
1	11716	3744.476818395894	10.314900687779
1	11743	3750.862317282358	38.583874214558
1	11745	3750.958264861953	11.524117763386
1	11756	3754.829747210956	25.769289943158
1	11764	3756.364682076145	71.905287702913
1	11804	3773.981256992905	12.354903202387
1	11811	3777.734286379535	53.962177744602
1	11823	3782.645650566206	15.337755752611
1	11850	3791.351480315904	7.545144149101
1	11861	3794.284260224318	15.696948613971
1	11866	3795.359176114318	50.348325660336
1	11877	3798.392711717287	4.418224153458
1	11928	3813.70236776548	24.859908686834
1	11970	3827.927565546009	77.763040579857
1	11973	3828.842447007539	29.042317775308
1	12003	3838.890059969391	33.816528487021
1	12009	3839.277745020225	11.368322353458
1	12035	3847.521153220792	13.979313264019
1	12038	3847.717723763898	91.841283501942
1	12084	3860.031090671781	49.117939141231
1	12095	3862.422060419226	17.915865052842
1	12141	3874.848503266578	102.00653755281
1	12151	3878.182030290016	39.01524942892
1	12160	3880.149476618855	12.924336580208
1	12169	3882.501990478718	4.094086393712
1	12181	3884.931326829132	28.838605917292
1	12188	3888.018484144008	37.885596404318
1	12229	3900.017801051611	83.597444038722
1	12257	3906.622612839565	33.741327171911
1	12271	3909.728398561946	48.202546880581
1	12337	3927.385790545261	105.07189630717
1	12341	3928.126988107571	32.029143736231
1	12347	3928.898037949115	22.076269419634
1	12350	3929.498540619737	45.374691022675
1	12376	3940.614426352316	28.134948465273
1	12408	3951.310177307342	22.686499985166
1	12413	3952.031615018265	61.932070358309
1	12415	3952.736344824196	1.717035345617
1	12431	3957.621087453329	18.085201517679
1	12435	3959.396297428411	57.684251331145
1	12450	3965.275308945798	31.286638923105
1	12490	3979.126012773135	11.953357375342
1	12509	3985.333387234836	67.638982204609
1	12511	3986.133165667766	24.096463324038
1	12559	4001.915596510983	28.773867843441
1	12577	4006.046448514913	5.845273567015
1	12582	4006.80893448193	28.55704393296
1	12588	4008.72140206315	19.777456472046
1	12592	4009.601726193447	26.095818338684
1	12601	4012.467134811449	6.743868092774
1	12603	4012.77522668732	89.620791534666
1	12633	4027.581314510788	82.478784247889
1	12662	4038.282621922903	27.526549867356
1	12671	4040.971871366964	84.655269373215
1	12674	4042.090058668749	14.496160074605
1	12698	4051.521949047455	18.479438121665
1	12729	4062.32106727024	18.135222178536
1	12742	4068.113393595217	73.405070130489
1	12750	4071.45994142268	5.082745011313
1	12752	4071.521311279268	15.958602718893
1	12759	4072.921165299377	56.243982000752
1	12789	4084.008540272479	22.829552868383
1	12795	4085.387219587806	13.415585661309
1	12801	4087.481594555788	64.964480766107
1	12812	4091.107243752349	52.818877673952
1	12832	4095.982365392496	18.913306755131
1	12841	4097.949986469579	4.479814687394
1	12854	4101.536736276468	18.613303767289
1	12904	4118.314765901315	68.199450526399
1	12917	4123.716826886634	35.283931224374
1	12921	4124.992567870995	25.838821980869
1	12971	4142.803054711544	33.089852865551
1	12990	4148.41436153359	43.987821706688
1	13005	4153.010672495348	2.48992406635
1	13008	4153.218107019082	25.802655078703
1	13029	4161.614224208169	45.9170598035
1	13037	4164.073553795572	42.512226972145
1	13060	4173.07670896605	16.721915358329
1	13084	4180.118785070253	6.829848405672
1	13097	4184.847894881264	51.438002299398
1	13139	4199.402879030093	32.113160447567
1	13141	4199.417375060727	14.8044986499
1	13158	4204.135319996158	25.230517776218
1	13161	4205.109179593854	3.897349867504
1	13173	4210.329271719087	70.956217381635
1	13210	4227.450698987228	37.047666103927
1	13213	4227.961661914826	31.941286093554
1	13232	4234.500074639445	89.487402189287
1	13245	4238.058651435072	14.711324452307
1	13261	4242.490157710619	35.462055567884
1	13265	4243.168629818364	14.521405210022
1	13279	4247.118772497515	34.50034742651
1	13297	4252.450115106644	90.816414319556
1	13303	4256.444706088979	21.841825652752
1	13350	4271.336369926808	31.168280574261
1	13352	4271.408837383261	14.086530896717
1	13360	4274.048569739677	56.245772414956
1	13375	4279.606417264325	28.254015291811
1	13404	4291.712354694608	6.612140220473
1	13423	4299.572638106296	53.915962622033
1	13434	4302.436577281565	6.270076204906
1	13458	4311.996410765216	32.862003539221
1	13461	4312.318563892858	49.375656065418
1	13463	4312.595976023116	10.852715586891
1	13505	4326.267741425547	58.295159881588
1	13526	4331.785339032534	58.070429597285
1	13539	4334.975447317002	27.265753200626
1	13565	4342.667803650256	29.736606116872
1	13571	4344.470635354868	20.049041698105
1	13587	4349.707649088348	59.168581586215
1	13616	4358.43214924587	39.588430254488
1	13648	4368.778688713326	23.518580602365
1	13651	4369.672244130169	34.714186557802
1	13666	4375.359790305374	35.22649714048
1	13668	4375.94388397655	46.241793002817
1	13696	4385.980907914694	35.021996894152
1	13715	4391.731975932489	19.408849313739
1	13732	4397.733208571095	36.335086265579
1	13753	4404.053351374344	15.797860819149
1	13782	4412.031976109602	45.111569784813
1	13790	4414.361736773748	58.385160015665
1	13833	4426.101695830817	26.800931963254
1	13866	4436.763483430724	53.761554825352
1	13868	4436.965306827101	26.316076068673
1	13870	4437.20823480701	59.859760682331
1	13888	4442.47776594595	26.486846119629
1	13909	4447.720934585902	21.254187167155
1	13914	4448.913466724568	16.523602211148
1	13946	4459.528045701797	15.931356556481
1	13963	4465.446677965231	27.616785151768
1	13979	4470.672356577355	77.321968397589
1	13990	4473.679667758757	7.883531846804
1	14009	4480.264967535157	8.536578865487
1	14040	4490.472927806085	35.344146930728
1	14055	4494.626547848925	6.375158831361
1	14064	4497.970131388745	92.877302637901
1	14067	4499.201831164888	16.30089612666
1	14101	4509.781576037643	10.412274288247
1	14115	4515.194528428019	93.898910990794
1	14118	4515.600213299624	21.836844009463
1	14143	4523.592391069042	74.248251987381
1	14155	4527.302170286192	22.569954136621
1	14175	4533.662970634289	72.944480329163
1	14193	4538.102521768423	22.08266203862
1	14198	4538.534520033169	11.22782242403
1	14222	4546.069823038992	68.65499820769
1	14273	4564.203857470181	54.000874168813
1	14275	4564.596189171776	42.808306135236
1	14281	4566.004440497846	33.206854067746
1	14319	4579.16229687224	9.044757056167
1	14322	4580.153743181848	20.322395783851
1	14330	4582.445395974214	17.351263221355
1	14335	4585.167620335475	46.716465477598
1	14392	4610.22134981363	34.410368604005
1	14414	4617.314253868303	73.536363990742
1	14433	4624.255947165891	20.348832720891
1	14465	4637.539034072194	88.30958977516
1	14473	4640.374985433885	47.8266332855
1	14475	4640.628978134133	85.923655929041
1	14484	4643.37434505497	33.849788409078
1	14554	4662.154968062997	24.958172894664
1	14569	4666.419840196032	23.44355961599
1	14584	4671.083597623628	89.702688416582
1	14586	4671.142265605976	56.389456844425
1	14611	4680.230009703199	93.427816628012
1	14637	4686.841929115821	88.713277045171
1	14639	4687.380421143721	6.326340412022
1	14642	4687.595214802657	33.572380523316
1	14647	4689.486684636335	63.8046285949
1	14658	4693.235830639374	34.189292019352
1	14697	4705.064932277892	35.360208262226
1	14713	4708.688514258827	7.155059443438
1	14741	4715.830993474346	95.297556605773
1	14743	4715.856321609926	8.875206190278
1	14745	4716.257723873137	84.942535742074
1	14767	4723.682765735198	48.021711736106
1	14791	4732.217610698432	67.788682762308
1	14812	4738.941872957514	52.859818281727
1	14835	4745.849793799341	97.401107165151
1	14855	4750.937493177018	54.656906701747
1	14864	4752.892895086556	29.887931168202
1	14877	4756.537279529154	27.636673771435
1	14879	4756.62270578253	11.431764048292
1	14901	4764.728266112629	30.29749134987
1	14917	4769.105937043677	29.067324766897
1	14923	4770.75945461041	79.568732367484
1	14957	4779.696321781257	29.127768168458
1	14999	4791.896438301083	29.966542261895
1	15016	4796.601531493825	17.785609850777
1	15025	4800.317910168317	32.800921123474
1	15032	4801.933014994139	89.274645674861
1	15047	4806.051656232794	5.369158947025
1	15077	4817.914616395136	99.923689138262
1	15081	4818.838599535401	7.473852168304
1	15089	4822.439112299119	49.326373409246
1	15097	4823.483641699885	34.035785699729
1	15114	4829.466186837526	73.126430862119
1	15146	4839.514373449254	22.306917330132
1	15149	4839.563103585853	16.429833446749
1	15160	4843.592002535239	59.673822649059
1	15163	4845.189164121868	49.876775087326
1	15213	4865.265399421446	30.998419239769
1	15226	4871.522485125345	65.601956763309
1	15254	4880.206684870873	18.425348333315
1	15276	4888.060806813529	15.060196112492
1	15287	4891.153396000732	23.741898313514
1	15304	4899.808788576513	70.714715910032
1	15346	4912.564132071334	72.933211961068
1	15360	4916.34411906439	15.745914829081
1	15367	4918.002639251408	11.827177098138
1	15369	4918.438939328303	40.187564388851
1	15426	4938.909479002465	55.23367686011
1	15437	4941.240420226936	29.420437676834
1	15441	4942.581465911815	53.210215152242
1	15445	4944.330250111872	98.930087913296
1	15447	4944.559516842939	49.259320899845
1	15467	4950.284798411765	4.651726644371
1	15469	4950.758879888452	28.136172417205
1	15489	4956.754002134313	105.98071099795
1	15498	4959.41216857836	19.495138916773
1	15519	4967.468583716774	33.241967097857
1	15528	4969.055936518704	112.89988537703
1	15530	4969.058925607703	6.636972685112
1	15534	4970.197662719755	53.082814798226
1	15538	4971.420135616321	19.976261770354
1	15561	4980.916258778187	52.345049207799
1	15576	4984.899407420535	17.282307582907
1	15620	5000.322229289213	43.696833046154
1	15645	5008.261618765532	29.299733340508
1	15670	5019.006298811403	28.654929504032
1	15673	5019.740691659038	46.654470732205
1	15683	5023.818730703202	21.955563879457
1	15702	5029.410073936095	6.999682541121
1	15731	5042.397004316556	35.068567838753
1	15737	5044.003122066024	5.251353726373
1	15739	5044.197038860055	59.590509132715
1	15790	5068.221695731388	72.266352981561
1	15798	5070.746594116666	26.940420180908
1	15809	5074.062399273382	1.948260951671
1	15812	5075.088873479158	25.662548950756
1	15817	5077.366473345195	64.997372943324
1	15845	5086.76321505347	26.074302208959
1	15854	5089.116555672713	11.694764654966
1	15864	5092.712477834422	10.079151199897
1	15882	5099.248711670277	81.863743956899
1	15889	5101.401748301338	2.54735483008
1	15927	5119.499897541822	31.428739728757
1	15929	5119.647758125788	91.459131067387
1	15942	5123.670259559056	30.074583117852
1	15985	5136.753975043299	5.357512995368
1	15994	5139.386743659731	105.88986487815
1	16021	5147.310722911024	27.072259191889
1	16046	5154.27582247846	50.316529991226
1	16048	5154.466326181307	99.580537099627
1	16052	5155.5661296962	1.328486472718
1	16083	5166.610873188816	23.793676475994
1	16085	5167.137565934795	58.066910348139
1	16130	5180.637381627682	32.312049102037
1	16139	5182.119839568036	115.970343931
1	16157	5186.84689238993	61.018085654362
1	16159	5186.91606676613	72.198056522876
1	16163	5187.634077915568	50.316138276484
1	16172	5189.586737452884	18.958259505802
1	16195	5197.785766398177	32.672001184079
1	16206	5200.289924074658	40.314238869354
1	16226	5208.563767227223	27.288116662647
1	16231	5209.177972058412	17.038857516484
1	16238	5212.725099851604	36.483048677211
1	16281	5232.209507515532	45.397797368583
1	16298	5240.303789838677	42.309721346944
1	16315	5246.806387262064	38.020575945382
1	16334	5253.753612830997	39.211332501844
1	16339	5254.033893607085	10.854697912
1	16341	5254.095638486784	51.02296227403
1	16350	5257.784954074416	37.757069201326
1	16366	5262.382380360731	8.443580442806
1	16389	5270.720442259911	22.099137326237
1	16419	5278.086603985745	52.134327556124
1	16422	5279.182324922406	47.50512145972
1	16438	5282.905131903354	17.424495564656
1	16447	5285.496096643732	47.93248263642
1	16449	5285.845487590988	26.315102174294
1	16484	5294.942932250555	23.897118757595
1	16517	5304.325985174738	28.195929973736
1	16524	5307.261071707816	10.130515107653
1	16545	5315.779534850496	34.574798567918
1	16549	5316.933051764611	30.385873870343
1	16564	5322.591184155893	13.565136320539
1	16580	5328.020913378562	8.414959071901
1	16611	5338.801684251049	46.907039112411
1	16630	5344.362391981174	41.288955560768
1	16637	5346.254372637947	15.367920902092
1	16670	5357.098125552172	31.856803370058
1	16699	5365.351477519605	23.486292858143
1	16702	5366.441239977834	52.178914968508
1	16733	5377.071563157715	24.218103464461
1	16737	5377.875030603605	8.516083306517
1	16744	5379.748225757265	43.11640246876
1	16771	5391.450021521183	33.331156359752
1	16791	5400.393792282902	53.48004318995
1	16799	5403.131520857796	17.55695150676
1	16805	5405.255133439434	2.976165084285
1	16811	5407.35751188872	43.541470516474
1	16836	5418.729033103674	44.157416456845
1	16870	5428.29454912431	15.126939009175
1	16876	5429.249176877313	21.904594857943
1	16904	5437.448506854705	12.792322773721
1	16908	5438.893243661846	59.200389387786
1	16913	5441.328930302168	22.385234878513
1	16959	5454.752084788166	63.746594361963
1	16961	5454.807253491595	7.38282365189
1	17001	5465.193607834861	35.072569073177
1	17007	5465.899189009678	69.066937783152
1	17009	5466.198385464955	24.703229593114
1	17043	5477.852009632273	25.341790529552
1	17082	5493.233604120552	35.53495664103
1	17087	5494.451190117975	9.79807016952
1	17093	5495.514220931331	59.955457712525
1	17109	5502.666092543625	39.830569950165
1	17162	5523.957142793104	55.52838215395
1	17165	5524.97558662039	29.908865912122
1	17188	5535.081111204687	29.531093331867
1	17190	5535.117173200703	61.53812314803
1	17197	5538.8096090015	59.512570626105
1	17205	5543.568410906472	43.121589228513
1	17211	5546.43743554968	56.609033984366
1	17232	5569.073211230916	57.800625694335

