version 3
run General-17-20240430-20:30:44-5506
attr configname General
attr datetime 20240430-20:30:44
attr datetimef 20240430-203044
attr experiment General
attr inifile omnetpp.ini
attr iterationvars $0=false
attr iterationvarsd false
attr iterationvarsf false-
attr measurement $0=false
attr network Supermarket
attr processid 5506
attr repetition 7
attr replication #7
attr resultdir results
attr runnumber 17
attr seedset 17
config network Supermarket
config repeat 10
config num-rngs 10
config **.use_random_strategy false

vector 0 Supermarket queueSizeOverTime:vector ETV
attr recordingmode vector
attr source updateQueue
attr title queueSizeOverTime
vector 1 Supermarket customerWaitingTime:vector ETV
attr interpolationmode none
attr recordingmode vector
attr source customerFinished
attr title "cust waiting time"
0	7	5.802087848075	1
0	15	11.028949631378	1
0	22	15.857115749737	0
0	27	16.29948013369	1
0	40	21.803918227088	1
0	53	26.826582672773	1
0	57	28.027145310188	0
0	66	31.898853040765	0
0	70	31.982496853219	1
0	79	36.34244987939	0
0	86	37.485901442356	1
0	101	43.432493021944	1
0	121	49.410847246414	2
0	136	54.103971660718	1
0	140	54.767298238352	2
0	145	56.240297458134	0
0	157	59.882574480026	0
0	162	60.274977197638	1
0	170	62.601720307137	1
0	181	65.836599286646	1
0	201	70.981421960052	2
0	215	74.88134374353	0
0	219	76.468292319217	0
0	224	76.805341893341	1
0	239	81.833209360949	1
0	259	87.106602205894	2
0	260	87.202901332291	1
0	269	89.248347708955	1
0	280	92.826512489001	2
0	285	93.494469967554	0
0	301	98.730655232909	1
0	322	104.502477930392	2
0	331	107.3303132297	0
0	341	109.558321763062	1
0	357	115.470984741114	1
0	361	115.516853739507	2
0	362	115.52166605543	1
0	373	118.60335165728	0
0	384	121.475582604529	1
0	391	123.70005991275	0
0	401	126.488979260903	1
0	412	129.626017010537	0
0	421	131.624682395486	1
0	426	133.103250451386	0
0	441	137.427872141125	1
0	454	142.015535066722	0
0	460	143.341865788913	1
0	477	148.47471866873	1
0	484	149.234907439678	2
0	505	154.84729316307	0
0	509	154.936184256339	1
0	519	157.118074347965	0
0	530	160.278499737383	1
0	549	165.410396493972	2
0	550	165.45724717295	0
0	559	168.066044451205	0
0	562	169.07497940352	1
0	570	171.353860097472	1
0	580	174.56796959776	0
0	587	176.513974143891	1
0	589	177.814571029624	1
0	603	181.989554536762	1
0	613	185.144659872514	0
0	623	187.973507805029	1
0	644	193.943882697495	2
0	650	195.359110258289	0
0	662	199.187562530395	1
0	667	200.470567314072	0
0	680	204.380065981066	1
0	682	205.37812575174	1
0	700	209.908307078527	2
0	704	211.06732032611	0
0	717	214.995355228428	1
0	722	216.599066722555	0
0	736	220.44710342004	1
0	753	225.509453917388	2
0	773	230.768139167223	2
0	774	231.130435635337	0
0	778	232.365720147381	1
0	784	233.730955093287	1
0	794	236.327480989275	1
0	816	241.738614105153	2
0	835	247.501100209774	2
0	839	248.210613656087	1
0	849	251.212504405524	0
0	856	252.679185347864	1
0	857	252.933933431864	1
0	874	257.712586806388	2
0	888	261.886157272852	1
0	893	262.665413937297	0
0	897	263.257271972251	1
0	907	266.155515012915	0
0	915	268.572073742281	1
0	937	274.384218564955	2
0	943	276.440469162886	0
0	948	278.437503479072	0
0	950	278.522531074473	1
0	956	279.38730064989	1
0	964	282.936513672702	1
0	973	284.415331827243	1
0	992	289.701924564549	2
0	1012	295.524813002673	2
0	1032	301.047315196599	2
0	1052	306.10507262661	2
0	1059	308.242722912693	1
0	1068	310.67737463501	0
0	1073	311.218539793509	1
0	1076	311.781106146517	1
0	1084	314.956416514584	1
0	1088	315.664221868154	1
0	1095	316.62746335077	2
0	1117	322.370947493705	2
0	1124	324.590337959816	1
0	1141	328.018846277379	2
0	1159	333.422018343581	2
0	1160	333.582133302231	1
0	1163	333.999202240844	1
0	1174	337.088483375031	1
0	1187	338.96809598943	2
0	1190	340.382963393696	0
0	1204	344.468692114342	1
0	1222	350.005454367608	0
0	1226	350.043276579117	1
0	1237	353.351308646262	1
0	1239	353.614183893658	0
0	1247	355.154883178414	1
0	1268	361.034396066561	2
0	1276	363.429607372387	0
0	1289	366.513059478251	1
0	1295	368.674821370395	0
0	1300	369.569286697542	0
0	1305	371.562366877564	0
0	1309	372.054612827951	1
0	1313	374.65711317514	1
0	1322	377.88167915819	1
0	1338	383.541773464761	1
0	1353	388.024592042318	0
0	1358	388.982698287114	1
0	1360	389.318527155438	0
0	1376	394.239287520291	1
0	1383	397.055630139072	0
0	1394	399.760732768101	1
0	1409	404.320288148591	0
0	1415	405.169491837264	1
0	1424	407.79973903729	0
0	1431	410.02420264843	0
0	1437	411.136444547909	1
0	1440	412.221252075276	0
0	1450	417.128832578889	1
0	1468	422.976885106412	1
0	1469	423.044451712627	0
0	1487	428.333741134496	1
0	1496	431.385934849966	0
0	1499	432.162364983462	0
0	1505	433.856904680373	1
0	1519	439.252115473848	1
0	1525	441.170731486401	0
0	1527	441.402652284711	0
0	1536	444.329919126349	1
0	1555	450.312144852708	1
0	1557	451.233710309603	0
0	1572	455.664850817527	1
0	1580	458.369874564232	0
0	1587	460.092292936169	0
0	1594	460.897396680898	1
0	1611	466.520587629172	1
0	1619	469.833544706227	0
0	1622	469.998694874114	0
0	1629	472.198132407385	1
0	1641	476.872452658252	0
0	1647	477.837781573645	1
0	1660	482.980522238649	1
0	1663	484.188803698519	0
0	1678	488.914607983781	1
0	1687	491.73974818713	0
0	1698	494.870477906195	1
0	1709	498.245988488431	0
0	1719	500.275352758821	1
0	1721	500.511342803948	0
0	1728	503.24557066476	0
0	1732	504.409017501747	0
0	1737	506.217731925659	1
0	1747	511.309334733058	1
0	1756	514.880970913568	0
0	1760	516.386920479243	0
0	1764	516.633694893448	1
0	1775	522.57627197844	1
0	1791	527.743309003534	1
0	1793	528.466530816048	0
0	1798	530.114002608811	0
0	1806	532.854325614637	1
0	1808	534.233785646851	0
0	1818	538.4488845421	1
0	1830	543.623760352842	1
0	1831	543.871675626492	0
0	1848	548.944199464982	1
0	1871	554.547403382603	2
0	1872	554.691703717923	1
0	1878	556.237611735936	0
0	1889	559.76324484311	1
0	1907	565.128855859162	2
0	1917	568.092116578481	0
0	1924	570.252366085071	1
0	1942	575.390467844671	2
0	1953	578.760340090607	1
0	1962	580.461431796197	2
0	1965	581.484349509933	1
0	1978	585.244987289885	1
0	1980	585.43429069547	0
0	1987	586.452401605901	1
0	1993	588.067039191723	0
0	2007	592.128393364838	1
0	2028	597.519076634898	2
0	2046	602.6222630844	2
0	2052	604.524003129452	1
0	2056	604.65419483022	0
0	2064	607.704515034917	0
0	2068	607.750863468974	1
0	2079	611.090058917645	1
0	2089	613.643913249253	1
0	2094	615.276639183286	0
0	2106	619.241894304287	1
0	2128	625.108935507946	2
0	2138	628.472363476991	0
0	2147	630.420405948768	1
0	2155	632.218968935661	0
0	2168	635.767147576437	1
0	2174	637.989404269259	1
0	2183	640.524408800876	0
0	2190	641.510878107278	1
0	2208	646.518578111194	2
0	2218	649.618740697159	0
0	2227	652.088434312493	1
0	2239	655.520932187559	0
0	2246	657.312710131752	1
0	2260	661.216565818174	1
0	2263	661.792676275826	0
0	2268	662.703165083891	1
0	2278	665.753916163697	0
0	2288	668.491332644131	1
0	2311	674.198611759813	2
0	2318	675.788206053432	0
0	2325	678.220725734253	0
0	2330	679.480636350577	1
0	2347	685.351875946856	1
0	2348	685.773344831424	0
0	2356	689.223475518286	0
0	2360	690.253952361995	1
0	2365	690.902283644535	1
0	2379	696.319476076633	1
0	2396	701.437760910483	2
0	2415	706.815293544901	2
0	2416	707.112279018852	0
0	2427	710.714509780866	1
0	2436	712.551482653476	1
0	2455	717.733650985405	2
0	2475	723.024928016586	2
0	2478	723.741353252668	1
0	2480	724.369912403639	1
0	2490	727.330514153928	0
0	2498	728.98379732738	1
0	2517	734.05184885836	0
0	2524	734.968623474471	1
0	2525	735.201488131538	0
0	2542	740.397308985235	1
0	2543	740.866513116866	1
0	2563	746.273857288992	2
0	2566	747.278311672853	0
0	2574	749.605775290749	0
0	2578	751.089625186755	1
0	2582	751.384204641448	1
0	2584	752.080955674986	0
0	2596	756.522816469891	1
0	2609	761.934550925622	1
0	2612	763.034319013121	0
0	2622	766.962086608631	0
0	2628	767.819726357468	1
0	2644	773.437572101363	1
0	2652	775.56823398115	0
0	2665	778.950746583286	1
0	2674	781.528636495347	0
0	2685	784.153874823124	1
0	2697	787.93282331945	0
0	2704	789.378130833617	1
0	2717	793.533747570938	0
0	2724	794.681115549988	1
0	2740	800.022846785372	0
0	2745	800.293615724658	1
0	2751	802.37048396957	0
0	2757	804.373696850144	0
0	2763	805.905682770768	1
0	2764	805.965002400102	0
0	2775	810.998092311201	1
0	2785	815.601281201466	0
0	2792	816.573514947434	1
0	2807	822.266031145583	1
0	2829	828.092731337993	2
0	2830	828.353195466566	0
0	2833	828.75797861931	1
0	2836	829.6141492991	0
0	2846	833.521884446497	1
0	2849	834.729457550101	0
0	2855	836.665893568075	0
0	2860	838.738467954564	1
0	2871	843.909513651858	1
0	2887	849.200518254422	1
0	2895	851.515190037315	0
0	2906	854.809388305059	1
0	2909	855.185090862448	0
0	2927	859.987933748866	1
0	2948	865.05269906367	2
0	2969	870.791195502037	2
0	2983	875.333388981177	0
0	2989	876.711442123398	1
0	2990	876.75322458637	0
0	2995	879.034050276385	0
0	2997	879.042471422112	1
0	3007	882.444132113129	1
0	3014	884.885491232501	0
0	3023	887.827641355571	1
0	3025	888.557410323525	1
0	3038	893.474006941541	1
0	3047	896.316806862246	0
0	3060	899.419423413229	1
0	3078	905.014983476371	2
0	3091	908.072770929428	1
0	3097	909.645885372417	0
0	3106	911.010318728861	1
0	3114	914.20919943298	0
0	3123	916.412498558404	1
0	3140	921.419781721428	2
0	3146	923.453956729966	0
0	3159	927.021191547623	1
0	3161	927.646994426731	0
0	3168	930.700494362855	1
0	3178	932.818143404087	1
0	3184	934.591987617893	0
0	3196	938.659415956352	1
0	3204	941.222701402845	0
0	3215	944.473173953125	1
0	3226	947.649258639195	0
0	3230	948.528428983873	0
0	3237	950.407772704957	1
0	3251	955.700356478102	1
0	3252	956.3260444717	0
0	3266	960.864917831726	1
0	3272	963.578820290159	0
0	3282	965.887989230917	1
0	3291	969.00546191877	0
0	3303	971.146845494162	1
0	3306	972.163276094475	0
0	3317	976.348896715788	1
0	3321	977.294023952679	0
0	3337	982.09536908008	1
0	3350	985.714248822533	0
0	3353	986.104998812775	0
0	3359	987.485880988416	1
0	3373	992.566385531331	1
0	3384	996.618905192822	0
0	3391	997.567051618359	1
0	3410	1003.20543384843	0
0	3415	1003.337925553088	1
0	3416	1003.365490314666	0
0	3433	1008.56742918305	1
0	3447	1012.476267613585	0
0	3453	1013.948163232998	1
0	3475	1019.909354736562	2
0	3486	1023.084162651793	0
0	3490	1023.977303493651	1
0	3495	1024.932538597145	1
0	3506	1028.111412521796	0
0	3514	1030.233142325886	1
0	3534	1036.148650630143	2
0	3540	1037.523734572692	0
0	3552	1041.405341421951	1
0	3566	1045.799287336297	1
0	3575	1047.067384158492	2
0	3576	1047.425510354339	0
0	3587	1051.654776686917	0
0	3591	1052.454127108443	1
0	3595	1053.914780018383	0
0	3602	1056.301827239336	0
0	3607	1058.018740537341	1
0	3608	1058.652527794126	1
0	3621	1063.676464594898	1
0	3636	1068.982349956871	1
0	3655	1074.401609563266	2
0	3657	1074.727482541695	0
0	3672	1079.641980417536	1
0	3693	1085.260950801892	2
0	3694	1085.30305676046	1
0	3698	1086.064122277193	1
0	3717	1090.819014181847	2
0	3723	1092.781091082607	0
0	3736	1096.409507810369	1
0	3756	1101.56536412169	2
0	3768	1104.976215994337	1
0	3771	1105.74158312613	1
0	3777	1107.000018409451	2
0	3798	1112.8786387603	0
0	3802	1112.88866640697	1
0	3803	1113.907280390149	0
0	3817	1118.267488115698	1
0	3821	1119.1782516269	0
0	3830	1123.014841750849	1
0	3836	1124.097194811094	1
0	3838	1124.505799628331	0
0	3840	1124.787132768657	0
0	3852	1129.335945297729	1
0	3866	1134.64459365024	1
0	3874	1137.270733554963	0
0	3885	1140.173278034197	1
0	3894	1143.484633610117	0
0	3896	1143.681376760007	0
0	3903	1145.616719040552	1
0	3920	1150.840478536904	1
0	3929	1153.691078765083	0
0	3939	1156.020653667392	1
0	3942	1157.262679902253	0
0	3945	1158.473828988031	0
0	3954	1161.14267703262	1
0	3970	1166.696350185199	1
0	3985	1171.762976716737	2
0	3997	1175.697837532729	0
0	3999	1175.812704132169	0
0	4006	1177.618845380376	1
0	4023	1183.270655315368	1
0	4034	1186.158376654841	0
0	4042	1188.304824060992	1
0	4047	1189.43373345665	0
0	4052	1191.747151345829	0
0	4057	1193.426753272648	1
0	4061	1193.932052072602	1
0	4066	1196.101189198437	0
0	4076	1199.439950877566	1
0	4090	1204.817836765664	1
0	4102	1209.594180663	0
0	4109	1210.429044907213	1
0	4128	1216.166204190113	2
0	4141	1220.185601858653	0
0	4150	1221.84578699665	1
0	4154	1223.001013818894	0
0	4162	1225.418066518843	1
0	4171	1227.610122216631	1
0	4183	1230.942910353653	0
0	4192	1232.98482002667	1
0	4200	1235.181448653919	0
0	4213	1238.461330281569	1
0	4222	1242.055755198233	0
0	4224	1242.154828618744	0
0	4229	1243.433883644174	0
0	4233	1243.721568929263	1
0	4245	1249.575253915972	1
0	4260	1254.842324028489	1
0	4266	1257.154282704924	0
0	4279	1260.46177616692	1
0	4283	1261.404670945833	0
0	4292	1265.683360534951	0
0	4296	1266.380025491815	1
0	4311	1271.567020668413	1
0	4330	1276.796537098007	2
0	4338	1279.585306695777	0
0	4347	1281.876244116572	1
0	4366	1286.928591098401	2
0	4370	1287.792688619345	0
0	4376	1290.483501467504	1
0	4384	1292.134669141143	1
0	4391	1293.932799655827	0
0	4399	1296.576817607738	0
0	4406	1298.097880716899	1
0	4422	1303.58270159899	1
0	4442	1309.249792037529	2
0	4445	1310.287368764399	1
0	4465	1315.090096338184	2
0	4470	1317.019383304169	0
0	4485	1321.02704515401	1
0	4487	1321.249727266142	1
0	4493	1322.723622931282	0
0	4507	1326.641356350386	1
0	4513	1328.767508718066	1
0	4528	1332.024583087999	2
0	4547	1337.1650632543	2
0	4568	1342.314001380696	2
0	4569	1342.320540985325	1
0	4579	1344.733435731497	1
0	4583	1346.08529080916	1
0	4592	1347.973474946103	2
0	4611	1353.509957890607	0
0	4615	1353.53655564971	1
0	4636	1358.933666032503	2
0	4646	1362.771193706431	1
0	4655	1364.302288078001	2
0	4671	1369.422823292318	0
0	4675	1369.612569796616	1
0	4676	1369.642107250982	1
0	4692	1374.223490777074	0
0	4698	1375.352438186291	1
0	4710	1378.647389229617	0
0	4719	1380.403507703911	1
0	4735	1385.290388871334	1
0	4739	1385.483071889724	2
0	4758	1390.603628907348	2
0	4765	1392.299233342634	1
0	4780	1396.580024032383	2
0	4782	1396.995038622288	0
0	4794	1400.969495035471	0
0	4800	1401.787665655366	1
0	4807	1404.9486278228	1
0	4816	1407.0879721099	1
0	4817	1407.131033606708	1
0	4825	1409.152563951672	0
0	4828	1410.330442301115	0
0	4836	1412.929716001027	1
0	4852	1418.341301165283	1
0	4868	1423.544859815967	0
0	4872	1423.669869554689	1
0	4879	1425.617720840842	0
0	4891	1429.112933383318	1
0	4901	1431.888610062536	0
0	4911	1435.070622198046	1
0	4915	1436.47386110201	0
0	4927	1440.097606320395	1
0	4936	1443.244685483391	0
0	4944	1445.188443472371	1
0	4945	1445.335253660095	0
0	4962	1450.811507018511	1
0	4982	1456.299432809925	2
0	5002	1461.85752560384	2
0	5005	1462.226627326681	1
0	5016	1465.528259047186	1
0	5025	1467.46725113829	2
0	5046	1472.901170109626	2
0	5053	1475.121038669134	0
0	5058	1476.185006796382	0
0	5064	1478.326165389497	1
0	5079	1483.354915866157	1
0	5098	1488.514929061284	2
0	5119	1493.604479295429	2
0	5122	1494.346290874872	1
0	5125	1495.040863604863	1
0	5142	1499.26858174195	2
0	5158	1504.431125482889	0
0	5163	1504.718067433214	1
0	5168	1506.775530205217	1
0	5171	1507.094437212911	1
0	5181	1510.002372408628	1
0	5186	1510.296351962019	2
0	5188	1510.367042478751	1
0	5190	1510.826499463634	0
0	5207	1515.584324546386	1
0	5213	1517.473824048759	0
0	5225	1520.795780070587	1
0	5248	1526.588957046154	2
0	5261	1531.009971721557	1
0	5268	1532.169914697758	2
0	5276	1534.253889877578	0
0	5284	1536.532592845954	0
0	5290	1538.034472533264	1
0	5303	1543.297679933249	1
0	5320	1548.004802340752	0
0	5324	1548.409152135714	1
0	5327	1549.462910574855	1
0	5344	1553.515305263684	2
0	5352	1556.090008803521	1
0	5357	1556.750706177083	0
0	5365	1559.011684823776	1
0	5369	1560.181032527466	0
0	5383	1564.020762666589	1
0	5401	1569.407212351444	2
0	5408	1571.470719935367	0
0	5419	1574.622939334246	1
0	5420	1575.071832303418	1
0	5427	1577.019422123785	0
0	5438	1579.818461746438	1
0	5442	1581.211896415912	0
0	5448	1582.322393845411	0
0	5456	1585.40134919248	1
0	5470	1591.172812194558	1
0	5471	1591.769091343386	0
0	5474	1592.131520649065	0
0	5486	1596.787445247168	1
0	5490	1598.025087325945	0
0	5500	1602.697997206817	1
0	5516	1608.216482200888	1
0	5535	1613.505749666593	2
0	5538	1614.228917383583	0
0	5553	1619.033599965037	1
0	5556	1619.842419110351	0
0	5564	1623.70196339604	1
0	5571	1624.41000019386	1
0	5582	1628.159670222545	0
0	5586	1629.207717419946	0
0	5592	1630.330763692963	1
0	5610	1635.453165466427	1
0	5611	1635.541735242581	0
0	5628	1641.344548996766	1
0	5636	1643.86752047401	0
0	5644	1646.431982376142	1
0	5659	1650.907489007567	0
0	5666	1651.954783547432	1
0	5680	1655.41559494624	0
0	5689	1657.183230295074	1
0	5690	1657.753024460977	0
0	5694	1658.815237567755	0
0	5696	1660.094537805063	0
0	5702	1662.256267672633	1
0	5712	1667.283763006558	1
0	5727	1672.620879505524	1
0	5747	1677.882895776067	2
0	5748	1678.085959171058	0
0	5757	1681.033477774001	0
0	5763	1683.07718541077	1
0	5780	1688.684680169445	1
0	5783	1689.742233811174	0
0	5786	1690.293853125064	1
0	5793	1693.028621105006	0
0	5798	1694.348527616119	1
0	5800	1694.56056655233	0
0	5812	1699.701173868958	1
0	5818	1702.70374366792	0
0	5821	1702.780508097489	0
0	5826	1705.429890649157	1
0	5836	1710.434532521056	1
0	5851	1715.684767338676	1
0	5853	1716.207608626453	0
0	5857	1717.045515495233	0
0	5863	1719.557509168979	0
0	5869	1721.631368055936	1
0	5881	1727.294692858351	1
0	5887	1729.51305668475	0
0	5896	1732.804522727379	1
0	5909	1737.404797681488	0
0	5914	1737.81895365682	1
0	5917	1739.217526137359	0
0	5927	1742.886285278942	1
0	5938	1747.586086210557	0
0	5943	1748.416893868703	1
0	5955	1752.7676900638	0
0	5960	1754.222272114126	1
0	5974	1759.382330820426	1
0	5990	1764.2165729152	0
0	5993	1764.766318293401	0
0	5998	1765.34850953938	1
0	6011	1770.675115477988	1
0	6013	1771.627069221921	0
0	6026	1776.343123149005	0
0	6031	1776.592770379964	1
0	6032	1777.395056042467	0
0	6043	1781.608838940734	1
0	6047	1783.020831909726	0
0	6057	1787.161653688639	1
0	6072	1792.184891891662	1
0	6086	1797.145913253186	0
0	6091	1797.493661295619	1
0	6111	1802.895692426242	2
0	6120	1805.432890282012	0
0	6125	1807.341764925162	0
0	6131	1808.682121193266	1
0	6146	1813.873047918311	1
0	6148	1814.08155342098	0
0	6150	1814.527009818584	1
0	6164	1819.150663951874	1
0	6184	1824.388258750081	2
0	6207	1830.293526999416	2
0	6208	1830.399994209174	1
0	6221	1833.772694012496	0
0	6224	1834.054957028475	0
0	6230	1835.569042979503	1
0	6240	1839.326265569541	1
0	6247	1841.324369413309	1
0	6264	1846.398105677447	2
0	6286	1852.127551178445	2
0	6294	1854.933840038483	0
0	6300	1856.870816367912	1
0	6305	1857.603589623931	1
0	6326	1863.267500277839	2
0	6328	1863.789064519687	0
0	6335	1865.865722889076	1
0	6338	1866.690456699925	0
0	6346	1869.264074190517	1
0	6347	1870.191225335701	1
0	6358	1873.948468386775	0
0	6363	1874.487096391616	1
0	6377	1879.959203243021	1
0	6388	1883.351483824893	0
0	6396	1885.352427076314	1
0	6415	1890.634889995445	2
0	6419	1891.247284645449	1
0	6431	1895.495498921953	0
0	6436	1895.934362914877	1
0	6444	1898.3233513789	0
0	6455	1901.88121575862	1
0	6461	1903.731139675945	0
0	6465	1904.62056368403	0
0	6473	1906.980205002472	1
0	6478	1908.987685135214	0
0	6488	1912.69203232182	1
0	6495	1916.798609328922	0
0	6498	1917.319401671642	0
0	6503	1918.639750429194	1
0	6507	1921.562919918912	0
0	6509	1921.799130411001	0
0	6513	1923.988996518308	1
0	6519	1929.318995698819	1
0	6531	1934.970227639422	1
0	6550	1940.472292738499	1
0	6563	1944.838283053248	0
0	6570	1946.104779248822	1
0	6588	1951.599349826689	0
0	6593	1951.723493167895	1
0	6595	1952.273473841018	0
0	6606	1956.04464459186	0
0	6611	1956.844972144577	1
0	6617	1959.904430241088	0
0	6626	1962.665769790064	1
0	6643	1967.689101489258	1
0	6647	1969.289236656506	0
0	6660	1973.104158767031	1
0	6665	1974.270189960482	0
0	6673	1976.373038666552	0
0	6677	1978.148493135695	0
0	6681	1978.424829534718	1
0	6696	1984.155701778128	1
0	6699	1985.657435873871	0
0	6710	1989.971716602796	1
0	6717	1992.878299043163	0
0	6724	1995.443242030216	1
0	6730	1997.57677122729	0
0	6740	2000.883905119726	1
0	6755	2006.041535677852	1
0	6759	2006.757648710507	0
0	6776	2011.828435600966	1
0	6794	2017.094076939391	2
0	6814	2022.813992676789	2
0	6817	2023.63636491296	1
0	6833	2028.036817674523	2
0	6848	2031.831437797398	1
0	6854	2033.08291460783	2
0	6857	2033.517095580462	1
0	6859	2034.068645887426	0
0	6865	2036.14177937165	0
0	6872	2038.687014183726	1
0	6882	2042.912704102693	0
0	6889	2044.471119797554	1
0	6899	2049.052616281433	0
0	6904	2049.738763335858	1
0	6910	2052.530981524845	1
0	6918	2054.748321297577	1
0	6927	2057.046096325617	0
0	6940	2060.292031779884	1
0	6943	2061.068535647936	0
0	6955	2065.412959744453	0
0	6961	2065.870600355788	1
0	6974	2071.451593560629	0
0	6979	2071.720586536451	1
0	6994	2076.746575975324	1
0	7009	2081.555589467287	0
0	7015	2082.628746704663	1
0	7027	2086.530881359474	0
0	7034	2088.078302239998	1
0	7045	2091.669966578948	0
0	7054	2093.5325131868	1
0	7072	2098.812685802112	2
0	7089	2102.865100424851	0
0	7096	2103.884284588507	1
0	7100	2105.10845502105	1
0	7102	2106.595992375279	0
0	7105	2106.804547586013	0
0	7112	2109.24327202374	1
0	7128	2114.571337793487	1
0	7149	2120.274516520089	2
0	7155	2122.154890649135	0
0	7166	2125.556246046674	1
0	7169	2126.541965076001	0
0	7175	2128.377506365183	1
0	7187	2131.426197831983	1
0	7206	2136.461839461698	2
0	7212	2138.023625285947	0
0	7228	2142.291662984061	1
0	7249	2147.612330188508	2
0	7251	2148.428438444388	1
0	7263	2151.936507680801	0
0	7271	2153.052679662592	1
0	7283	2155.924629560669	1
0	7289	2157.481489293976	0
0	7297	2158.560980350244	1
0	7309	2162.260046097565	0
0	7311	2162.39635261579	0
0	7316	2163.642530630342	1
0	7328	2168.106741361552	0
0	7335	2169.311197441536	1
0	7336	2169.723600454743	0
0	7338	2169.759092332795	0
0	7346	2174.653543662977	1
0	7359	2180.568431706632	1
0	7360	2181.801888449233	0
0	7370	2186.123291077789	1
0	7373	2187.495870247481	0
0	7379	2190.464825841831	0
0	7384	2191.229502381289	1
0	7394	2196.345414828973	1
0	7413	2201.803672325796	1
0	7422	2204.509458485173	0
0	7434	2207.420743754132	1
0	7442	2209.940438493504	0
0	7448	2211.931286477015	0
0	7454	2212.550348201299	1
0	7468	2217.650355930438	1
0	7473	2219.107795628833	0
0	7488	2223.045737879581	1
0	7498	2226.091939919859	0
0	7510	2228.801476063437	1
0	7523	2231.706480526249	0
0	7527	2232.607248444691	0
0	7534	2234.223895380504	1
0	7549	2239.746884379534	1
0	7550	2239.87164780928	0
0	7568	2245.595280009786	1
0	7575	2247.610310286862	0
0	7585	2250.742192942182	1
0	7599	2255.728466130908	0
0	7601	2255.75846376491	0
0	7608	2256.691552778239	1
0	7615	2259.739391878945	0
0	7623	2262.485859589883	1
0	7632	2265.948097862068	0
0	7639	2268.135975930839	1
0	7648	2271.450875548645	0
0	7656	2274.0514074706	1
0	7664	2277.674345306353	0
0	7672	2279.427975860889	1
0	7688	2284.955916646634	1
0	7697	2287.557032737416	0
0	7704	2289.812651567276	0
0	7710	2290.637966175097	1
0	7713	2292.043031085746	0
0	7725	2296.511608264175	1
0	7742	2302.337396819143	1
0	7744	2303.208795937126	0
0	7754	2306.591542100417	0
0	7757	2307.784971351385	0
0	7761	2307.856845564906	1
0	7767	2312.147959906257	0
0	7772	2313.136656605404	1
0	7782	2318.55896242312	1
0	7793	2322.504208357537	0
0	7799	2323.859216018811	1
0	7800	2323.890215779769	0
0	7813	2329.404265572781	1
0	7828	2334.879443285287	1
0	7847	2339.927223188103	2
0	7850	2340.816400889421	1
0	7859	2343.272481980848	0
0	7863	2344.580028251277	0
0	7869	2345.829300676239	1
0	7885	2351.34529383853	1
0	7900	2355.76716661814	0
0	7908	2356.915099021745	1
0	7913	2358.546639988083	0
0	7926	2362.571794945047	1
0	7934	2364.922280328461	0
0	7945	2368.02526412648	1
0	7956	2371.844906314392	0
0	7959	2372.711204311809	0
0	7966	2373.892206507268	1
0	7979	2379.104894997317	0
0	7984	2379.781105917644	1
0	7986	2380.596358023237	0
0	7989	2381.392202284535	0
0	7997	2385.041220045414	1
0	8006	2390.091721585252	1
0	8014	2393.088842778115	0
0	8021	2395.98371441732	1
0	8037	2401.167425637597	1
0	8056	2406.681440293787	2
0	8057	2406.837531087103	1
0	8067	2409.851358561427	0
0	8069	2409.895348607793	0
0	8076	2412.002326908054	1
0	8082	2414.495192262575	0
0	8092	2417.748731440397	1
0	8097	2419.829922219623	0
0	8099	2420.22921859368	0
0	8105	2423.209331847725	1
0	8108	2425.597926763583	0
0	8111	2427.317148198372	0
0	8115	2428.880713820688	1
0	8122	2434.208504541309	1
0	8132	2439.854313826186	1
0	8152	2445.376394780816	1
0	8165	2449.486098026971	0
0	8171	2450.420270059721	1
0	8175	2451.406911109105	0
0	8180	2453.412557823811	0
0	8187	2455.468674488829	1
0	8191	2456.64501459489	0
0	8199	2460.374186277502	0
0	8203	2461.030507490037	1
0	8213	2466.219340516485	1
0	8217	2467.957473030311	0
0	8228	2471.412821721749	1
0	8230	2471.890486224671	0
0	8237	2474.371993771054	0
0	8243	2476.663655947426	1
0	8245	2477.332319306789	0
0	8248	2480.383034241035	0
0	8252	2482.610347932202	1
0	8259	2487.795212282331	1
0	8272	2493.419233866266	1
0	8277	2495.908497191148	0
0	8285	2498.697769167365	1
0	8301	2504.00839255098	1
0	8307	2506.013048811463	0
0	8321	2509.449007220564	1
0	8332	2512.710907041673	0
0	8341	2514.794120126402	1
0	8359	2519.82367018773	2
0	8362	2520.636122284223	0
0	8369	2522.731827087583	0
0	8375	2524.942573226288	1
0	8385	2529.019694215734	0
0	8388	2529.876871685262	1
0	8392	2530.777750882784	1
0	8396	2531.737816737729	0
0	8407	2536.642116629517	1
0	8421	2541.824505736351	1
0	8440	2547.1709780863	2
0	8459	2552.260645029831	2
0	8466	2554.269241009488	0
0	8476	2557.743054604621	1
0	8479	2558.215104638831	0
0	8489	2562.089362371129	1
0	8492	2562.514069888854	1
0	8497	2563.219275987705	1
0	8508	2566.768490083629	0
0	8516	2568.351515864486	1
0	8529	2572.407761732347	0
0	8537	2573.732979346298	1
0	8543	2576.5354660016	0
0	8554	2579.216553227276	1
0	8570	2583.934412431666	0
0	8576	2584.216951635199	1
0	8584	2587.260283467941	0
0	8593	2589.389290304853	1
0	8609	2594.759280477299	0
0	8613	2595.164392461533	1
0	8622	2597.33033550612	0
0	8624	2597.787626285339	0
0	8632	2600.187484668333	1
0	8640	2602.790681737707	0
0	8647	2605.305075504349	1
0	8655	2608.494669451143	0
0	8662	2610.857933552002	1
0	8669	2613.406534260369	0
0	8677	2616.442939337341	1
0	8688	2621.26238846383	0
0	8693	2621.468453265026	1
0	8709	2626.774681609355	1
0	8725	2631.686015045152	0
0	8730	2632.151422817957	1
0	8734	2633.275419075156	0
0	8736	2633.721388313918	0
0	8747	2638.084028548327	1
0	8748	2638.595591745105	0
0	8753	2641.32996573788	0
0	8759	2643.441368339815	1
0	8760	2643.963323395	0
0	8767	2648.562633276217	1
0	8779	2653.931637665255	1
0	8780	2655.141095387399	0
0	8787	2658.87827184086	0
0	8791	2659.524478838079	1
0	8803	2665.326329927424	1
0	8817	2670.579009947365	1
0	8839	2676.209013625977	2
0	8845	2678.416994428376	0
0	8854	2681.19128921523	1
0	8860	2682.014645438872	1
0	8880	2687.606848418478	2
0	8891	2690.508326015432	0
0	8900	2693.032216466496	1
0	8904	2694.055994078748	1
0	8916	2696.791144661604	0
0	8922	2698.087310282745	1
0	8939	2703.118204897614	0
0	8946	2703.710422306786	1
0	8966	2709.373055267845	2
0	8978	2712.738036696566	0
0	8986	2714.753433936041	1
0	8998	2718.278223329572	1
0	9005	2719.913081400445	0
0	9009	2720.063717742216	1
0	9013	2721.634138663766	0
0	9026	2725.583030048523	1
0	9046	2731.296478687551	2
0	9064	2736.565951085182	2
0	9067	2737.095560529966	0
0	9074	2739.623797031117	1
0	9086	2742.48777767713	1
0	9092	2744.947394156945	1
0	9095	2745.393268147714	0
0	9104	2747.82983277994	1
0	9108	2749.404866685506	0
0	9120	2752.845086002022	1
0	9124	2753.724103186277	0
0	9127	2754.618551344379	0
0	9133	2757.244537816264	0
0	9138	2758.001600241752	1
0	9146	2763.719961504917	0
0	9150	2763.756878797428	1
0	9161	2769.332644407169	1
0	9175	2774.508619632104	1
0	9193	2779.932320282559	0
0	9197	2779.937649616969	1
0	9200	2780.649982028986	0
0	9215	2785.250747198004	1
0	9234	2790.611960320033	2
0	9254	2796.31366820866	2
0	9256	2796.970177373846	1
0	9259	2797.181649347882	1
0	9264	2798.659074775757	0
0	9276	2802.269505195783	1
0	9283	2804.732323311034	0
0	9295	2808.130503406746	1
0	9315	2813.951670499284	2
0	9316	2814.086915356338	1
0	9318	2814.304376821613	0
0	9327	2817.324953247906	0
0	9336	2819.846134195335	1
0	9351	2825.411128352161	1
0	9364	2829.087356739909	0
0	9366	2829.630987001232	0
0	9372	2830.946473548885	1
0	9386	2836.052306409458	0
0	9390	2836.305409251943	1
0	9404	2842.208597782764	1
0	9416	2846.277916635734	0
0	9424	2848.081657644592	1
0	9436	2852.570559083596	0
0	9443	2854.059064075814	1
0	9451	2856.892262320497	0
0	9461	2859.408380417616	1
0	9470	2862.190219701265	0
0	9480	2865.200993054311	1
0	9499	2870.685938197884	2
0	9505	2871.748403216012	0
0	9512	2873.486524850127	0
0	9518	2875.912985039991	0
0	9522	2876.218339632961	1
0	9525	2878.374461390424	1
0	9534	2882.186214849117	1
0	9548	2887.753285037118	1
0	9569	2893.682667911283	2
0	9588	2898.793300414223	2
0	9592	2899.803735540129	0
0	9594	2900.386727371019	1
0	9607	2904.049526393179	1
0	9609	2904.617093229082	1
0	9627	2909.725857162381	2
0	9648	2914.845355525146	2
0	9658	2917.813435657065	0
0	9663	2919.101886262418	1
0	9669	2920.102320918579	1
0	9678	2923.216931633066	0
0	9680	2923.399819623096	1
0	9683	2923.885821398346	0
0	9689	2925.26372167142	1
0	9705	2930.456144285154	1
0	9706	2930.709863463184	0
0	9708	2930.789362865499	0
0	9720	2936.005070110316	1
0	9728	2939.634078107074	0
0	9732	2940.411411483304	0
0	9737	2941.450689426389	1
0	9748	2946.496720462105	1
0	9762	2951.709680947241	1
0	9775	2955.306180475044	0
0	9784	2956.935867076971	1
0	9790	2959.603377190882	0
0	9800	2961.961664353961	1
0	9821	2967.328936530042	2
0	9833	2971.019627229191	0
0	9839	2972.538168820202	1
0	9843	2972.784272167597	1
0	9851	2975.11465487373	0
0	9863	2977.805588786954	1
0	9882	2982.950532912275	2
0	9883	2983.024926366748	0
0	9893	2985.970781370881	0
0	9902	2988.749862081137	1
0	9918	2993.951936199328	1
0	9937	2999.812067402758	2
0	9940	3000.339380259391	1
0	9948	3002.827750652677	0
0	9958	3005.265594330149	1
0	9973	3010.567044622262	1
0	9979	3011.172404509502	2
0	9999	3016.531088431364	2
0	10002	3017.469147798602	1
0	10020	3021.982823847791	2
0	10021	3022.856234145231	0
0	10027	3024.673911276971	0
0	10036	3027.848069756057	1
0	10049	3033.053134030893	1
0	10053	3033.966558759217	1
0	10058	3035.491720193412	0
0	10072	3038.953281794672	1
0	10074	3039.860327572796	0
0	10092	3044.529810877514	1
0	10098	3046.958766731548	1
0	10104	3048.152790281803	0
0	10112	3050.089989731551	1
0	10132	3055.882564962373	2
0	10141	3059.022718648774	0
0	10143	3059.871548335995	0
0	10150	3061.77084936015	1
0	10164	3066.88741941773	1
0	10171	3068.49358225369	0
0	10183	3072.425760914568	1
0	10185	3073.06571910635	1
0	10187	3073.076320986727	0
0	10200	3077.4713762477	1
0	10217	3082.607188453429	0
0	10222	3083.378446281884	1
0	10231	3085.910345478562	0
0	10233	3086.477367365032	0
0	10241	3088.517958440814	1
0	10244	3089.674185769862	0
0	10255	3094.111108676759	1
0	10270	3100.073723647274	1
0	10291	3106.044940285148	2
0	10300	3108.982356892894	1
0	10307	3110.911302251271	0
0	10313	3111.547057037936	1
0	10327	3115.742937424333	0
0	10334	3117.023142102403	1
0	10340	3119.270298173297	0
0	10353	3122.786886116718	1
0	10374	3127.966485890788	2
0	10394	3133.201086112992	2
0	10402	3135.554393306489	1
0	10413	3138.256977015403	2
0	10418	3139.865445236671	0
0	10427	3142.839006681456	0
0	10433	3143.921439410648	1
0	10448	3149.754883995042	1
0	10456	3151.758150040518	1
0	10468	3155.092966866209	2
0	10488	3160.757476359601	2
0	10498	3164.033845673546	1
0	10501	3164.578986906907	1
0	10512	3166.525619594143	2
0	10533	3171.454467597181	1
0	10537	3171.66071634809	2
0	10549	3174.839359879606	1
0	10559	3177.092829382042	2
0	10575	3182.170718993637	0
0	10581	3183.081682231738	1
0	10588	3185.159450507952	1
0	10603	3188.995459194756	2
0	10604	3189.784334272959	1
0	10608	3190.134367154322	0
0	10613	3192.046517340927	0
0	10621	3194.575281704073	1
0	10634	3199.695956605016	1
0	10637	3200.806979590675	0
0	10652	3205.303352570855	1
0	10674	3210.931211514627	2
0	10680	3213.419628552042	1
0	10687	3214.848375208672	1
0	10689	3215.556255609373	0
0	10691	3215.653284403375	0
0	10694	3216.344486704559	0
0	10696	3216.384637767445	0
0	10700	3216.481233325783	1
0	10706	3221.585076586805	1
0	10716	3227.08775470289	1
0	10733	3232.316896948727	1
0	10747	3236.775978111191	0
0	10754	3237.710550967368	1
0	10773	3243.331198269265	2
0	10780	3245.358926845244	1
0	10793	3248.734213196902	2
0	10804	3251.763806112339	0
0	10814	3254.244620926209	1
0	10818	3255.327782694946	0
0	10827	3258.496409796873	0
0	10833	3259.601438933747	1
0	10850	3265.457119756607	1
0	10867	3270.606206585882	2
0	10871	3271.936376650464	1
0	10889	3276.182557935823	2
0	10890	3276.44275791279	1
0	10909	3281.262220891422	2
0	10913	3282.290390771577	0
0	10921	3284.483033105029	0
0	10924	3285.131847391367	1
0	10929	3286.294243185312	1
0	10944	3291.824229129587	1
0	10952	3294.363919340187	1
0	10965	3297.810778523792	2
0	10986	3303.713523676848	2
0	11005	3309.470225483408	2
0	11010	3310.646032041051	1
0	11015	3311.976215215164	0
0	11024	3314.601300584614	1
0	11030	3316.604886582465	1
0	11034	3317.694612339601	0
0	11037	3318.529352863199	1
0	11046	3320.345986821452	1
0	11061	3324.611370845578	0
0	11068	3326.214825179657	1
0	11087	3331.937029999444	2
0	11104	3337.081003219817	0
0	11108	3337.160650651898	1
0	11109	3337.265882400909	0
0	11111	3337.676665885716	0
0	11123	3343.055194846118	1
0	11127	3343.106318970905	1
0	11144	3349.090843221401	1
0	11145	3349.193583689742	0
0	11153	3353.241658326932	0
0	11159	3354.56189674255	1
0	11160	3354.893585408452	0
0	11167	3358.033142022202	0
0	11174	3360.513770599845	1
0	11185	3365.818600050868	1
0	11195	3370.735895098299	0
0	11200	3371.708750297311	1
0	11202	3372.274591654302	0
0	11214	3377.371202306119	1
0	11220	3379.071504905583	0
0	11226	3382.413544447508	0
0	11230	3382.599095323351	1
0	11240	3388.190790402931	1
0	11249	3392.075848400472	0
0	11254	3393.482310681133	1
0	11268	3398.631038063551	0
0	11272	3399.141302569531	1
0	11288	3404.632745907171	1
0	11295	3407.31213086645	0
0	11301	3409.084909513356	0
0	11303	3409.336654424662	0
0	11308	3410.213467981661	1
0	11322	3415.674826378463	1
0	11327	3418.728741472581	0
0	11334	3421.130302008003	1
0	11335	3421.148592315375	0
0	11347	3427.078535564704	1
0	11348	3427.094756524654	0
0	11351	3428.471430973378	0
0	11358	3433.017827158556	1
0	11368	3438.076492107003	1
0	11383	3443.665370193305	1
0	11389	3445.689495317866	0
0	11396	3448.678937832121	0
0	11401	3449.18803814379	1
0	11402	3449.636781480623	0
0	11415	3455.006915626344	1
0	11420	3456.730324233063	0
0	11429	3460.86483123735	0
0	11433	3460.888301825612	1
0	11436	3462.840231743404	0
0	11442	3465.949017973612	1
0	11446	3469.096689897468	0
0	11452	3471.339428454866	1
0	11466	3476.789907739028	1
0	11471	3479.284729677132	0
0	11482	3482.631610929263	1
0	11496	3488.206885854709	1
0	11510	3492.562594864745	0
0	11515	3493.740880364777	0
0	11519	3494.101939614858	1
0	11529	3498.377500252677	0
0	11536	3499.751066452587	1
0	11552	3505.178257263727	1
0	11559	3507.131288264525	0
0	11573	3510.964751348594	1
0	11585	3514.390961709196	0
0	11594	3516.673562759064	1
0	11614	3522.533967673542	2
0	11616	3522.796766934681	1
0	11632	3527.960798871002	0
0	11638	3528.373852839923	1
0	11644	3530.896156694386	0
0	11658	3533.609023691385	1
0	11670	3537.791154129426	0
0	11677	3538.756911262168	1
0	11696	3544.546390169297	2
0	11707	3547.940115093832	0
0	11715	3550.135623087172	1
0	11717	3550.353747371462	0
0	11725	3552.340204525503	0
0	11729	3554.686413323389	1
0	11734	3555.484002144538	1
0	11736	3556.55501565046	0
0	11739	3557.697996402039	0
0	11746	3560.566069000863	1
0	11758	3566.274071802848	1
0	11760	3567.105172926558	0
0	11764	3568.880257344453	0
0	11767	3570.502424323928	0
0	11771	3572.147698825688	1
0	11778	3577.630691234019	1
0	11788	3582.647410693342	1
0	11806	3588.452217408219	1
0	11821	3592.379596948503	0
0	11827	3593.541855389947	1
0	11841	3597.500843543322	0
0	11847	3599.085201834092	1
0	11853	3601.109424191757	0
0	11858	3601.804404271995	0
0	11867	3604.389415391717	1
0	11873	3607.478424360272	0
0	11878	3609.697296783907	0
0	11882	3610.290986502074	1
0	11886	3612.702546739482	0
0	11892	3615.896338158982	1
0	11906	3620.91908077709	1
0	11921	3626.383109420069	1
0	11926	3628.182658810049	0
0	11931	3630.344080066537	0
0	11937	3631.645816072353	1
0	11953	3637.040218004954	1
0	11964	3641.123859541953	0
0	11971	3642.471075869861	1
0	11972	3642.663295070289	0
0	11976	3644.137363679122	0
0	11986	3648.11686603096	1
0	11996	3651.793584821625	0
0	12002	3653.313019808146	1
0	12008	3656.797672406301	0
0	12015	3658.828751872291	1
0	12031	3664.29134876467	1
0	12050	3669.454337541244	2
0	12057	3671.101596589546	1
0	12072	3675.237831862408	2
0	12077	3676.813469878744	0
0	12088	3681.027106288818	1
0	12098	3684.401017284018	0
0	12105	3686.371964511925	1
0	12127	3692.15699360566	2
0	12148	3697.657166348768	2
0	12149	3698.037860954177	1
0	12159	3700.846698386128	0
0	12168	3702.895642877787	1
0	12175	3705.00424729299	0
0	12182	3707.304849602979	1
0	12187	3708.257123485904	1
0	12193	3710.305719748487	0
0	12197	3710.719681869259	0
0	12203	3713.370796127941	1
0	12216	3718.347256624488	1
0	12220	3718.763355309141	1
0	12226	3720.67299842392	0
0	12240	3723.961570042881	1
0	12241	3724.283682527251	0
0	12247	3726.156333025425	0
0	12256	3729.557349449952	1
0	12263	3732.326324923192	0
0	12271	3735.154159883733	1
0	12276	3736.809418956397	0
0	12286	3740.805688518562	1
0	12290	3742.204215780248	0
0	12301	3746.745646121676	1
0	12316	3751.946425199739	1
0	12327	3756.176972226587	0
0	12334	3757.547574039779	1
0	12355	3762.883058856239	2
0	12378	3768.745143554171	2
0	12380	3769.589708172713	0
0	12387	3771.934884724321	0
0	12394	3774.396085692102	1
0	12401	3777.318000165626	1
0	12412	3780.026085092684	1
0	12416	3781.338759807982	1
0	12433	3785.307872835545	2
0	12436	3785.68652792752	0
0	12443	3788.412506832738	1
0	12451	3790.3949150627	1
0	12472	3796.257573404115	2
0	12473	3796.259287959546	0
0	12481	3798.997759552437	0
0	12489	3802.116212110266	1
0	12504	3807.832140643148	1
0	12515	3811.24036430858	0
0	12527	3813.777427618856	1
0	12530	3815.266450383697	1
0	12545	3818.836939925559	2
0	12547	3818.917826838789	0
0	12562	3824.795773857504	1
0	12564	3825.022984783399	0
0	12580	3830.570406953802	1
0	12594	3835.750278169173	0
0	12601	3836.325160993028	1
0	12610	3839.274189278481	0
0	12617	3840.933438924019	1
0	12622	3841.943511117015	1
0	12642	3847.138175483325	2
0	12648	3849.57664217695	0
0	12650	3849.65229493135	0
0	12658	3852.79024421144	1
0	12668	3856.412231227613	0
0	12671	3857.391957781391	0
0	12676	3858.744224505962	1
0	12686	3864.571463969301	1
0	12698	3868.858808393236	1
0	12703	3869.792222090063	1
0	12721	3875.247761392032	2
0	12735	3879.576298264434	0
0	12737	3879.734999724893	1
0	12745	3881.097519370492	1
0	12763	3886.727453751487	2
0	12774	3889.720274640825	1
0	12786	3892.61822761758	2
0	12788	3893.239719687376	0
0	12796	3896.09466038714	0
0	12803	3898.4667369551	1
0	12819	3903.658035338621	1
0	12833	3908.393794942994	0
0	12839	3908.677127926375	1
0	12858	3913.903137156272	2
0	12864	3915.665634116739	1
0	12882	3919.783830210564	2
0	12886	3921.079731979053	1
0	12903	3925.289331129051	2
0	12918	3929.20667348266	1
0	12921	3929.505960295674	1
0	12927	3930.544294863238	2
0	12930	3931.516316032616	0
0	12935	3933.365886973097	0
0	12939	3934.50549527083	0
0	12943	3935.796176618428	1
0	12949	3939.358764854722	0
0	12954	3940.814583840079	1
0	12965	3946.361316665073	1
0	12971	3949.191586604336	1
0	12981	3951.509050772755	1
0	12999	3956.97974502714	2
0	13000	3957.056737604664	0
0	13015	3962.520060477306	1
0	13019	3962.75427312357	1
0	13020	3962.876324425681	0
0	13028	3965.282262323654	0
0	13037	3968.687652550169	1
0	13042	3971.545529583001	0
0	13047	3973.280709660488	0
0	13051	3974.015559229298	1
0	13063	3979.400935207025	1
0	13078	3984.680437325963	1
0	13095	3989.752509391166	0
0	13101	3990.270452720809	1
0	13107	3992.253484525366	0
0	13110	3992.715571328297	0
0	13118	3995.390168379291	1
0	13119	3995.804367960428	0
0	13131	4000.961793697669	1
0	13144	4006.725872385313	1
0	13145	4007.33785028639	0
0	13162	4011.877289811845	1
0	13163	4012.631923248057	0
0	13176	4017.406547060932	1
0	13195	4022.645499708128	2
0	13202	4024.438682683043	0
0	13216	4027.804777250157	1
0	13228	4031.385480628695	1
0	13240	4033.602040030292	2
0	13245	4035.184437986694	0
0	13254	4038.25242278387	0
0	13260	4039.249725144819	1
0	13266	4041.566829248445	0
0	13275	4044.595378668976	1
0	13280	4046.337762056732	0
0	13291	4049.970480009911	1
0	13294	4051.556276171581	1
0	13307	4055.636183693537	1
0	13327	4060.809037262339	2
0	13347	4066.602770243769	2
0	13350	4067.448181430224	1
0	13362	4070.577264485062	1
0	13369	4072.086436077252	2
0	13376	4073.907511100636	0
0	13387	4077.309231508289	1
0	13400	4081.770963518063	0
0	13406	4082.551723791052	1
0	13425	4087.976183229823	2
0	13439	4092.137244404986	1
0	13446	4093.42169320653	2
0	13462	4097.913496808379	0
0	13468	4098.831992936086	1
0	13479	4102.21148587798	1
0	13488	4104.215475948991	2
0	13496	4106.364581970847	0
0	13508	4109.540070389162	1
0	13523	4114.900527921732	1
0	13528	4115.273267651673	2
0	13532	4116.469357339081	1
0	13552	4121.188865049507	2
0	13554	4121.333781946909	1
0	13574	4126.61919783172	2
0	13578	4127.914620945577	0
0	13593	4132.35360714956	1
0	13612	4137.804833679924	2
0	13621	4140.789825570535	1
0	13623	4140.849250591707	1
0	13626	4141.813642001243	0
0	13634	4143.400343534302	1
0	13640	4144.807153081281	1
0	13655	4148.899151189484	2
0	13657	4149.228722043451	1
0	13661	4150.21158041898	0
0	13677	4154.773360514546	1
0	13689	4159.201009479693	0
0	13694	4159.814135509541	1
0	13715	4165.506422665434	2
0	13723	4168.595136399962	0
0	13732	4170.803462573791	1
0	13740	4173.240599349954	0
0	13752	4175.917409427928	1
0	13760	4177.744807991779	1
0	13766	4179.670766268505	0
0	13773	4181.342686333692	1
0	13789	4186.08476749167	0
0	13794	4186.475226333363	1
0	13816	4191.967322269453	2
0	13825	4195.275809564627	0
0	13834	4197.285622792084	1
0	13853	4202.602563041261	2
0	13859	4204.045530845876	1
0	13861	4204.225956499575	1
0	13876	4207.773421629331	2
0	13883	4209.474253805818	0
0	13895	4213.274762248154	1
0	13913	4219.123879878083	2
0	13922	4222.054702660301	1
0	13935	4224.6807311913	2
0	13941	4226.19642259029	0
0	13953	4229.86660000612	1
0	13962	4232.85372689506	0
0	13965	4233.969581215176	1
0	13973	4235.837320977589	1
0	13976	4236.55751464772	1
0	13986	4239.30583736417	0
0	13994	4241.340830306057	1
0	14004	4244.137893925071	0
0	14015	4246.629810905783	1
0	14037	4252.607072784566	2
0	14039	4252.973399010023	0
0	14041	4253.143899722142	1
0	14056	4257.915753827897	1
0	14057	4258.543856396574	0
0	14060	4259.072222810123	0
0	14062	4259.299255705672	0
0	14069	4263.183767605574	1
0	14081	4268.905885089656	1
0	14096	4274.341182052858	1
0	14104	4276.648672794341	0
0	14116	4280.035202655943	1
0	14124	4282.441991854228	0
0	14135	4285.840277718382	1
0	14139	4287.003300251906	0
0	14153	4291.304612655427	1
0	14154	4291.585624808098	0
0	14169	4296.595985238908	1
0	14176	4298.620371440194	0
0	14179	4299.09546240035	0
0	14188	4302.393967867831	1
0	14198	4307.114089614016	0
0	14203	4307.463387853468	1
0	14216	4312.150924616727	0
0	14221	4312.555597015193	1
0	14231	4316.644150904382	0
0	14237	4318.039146318568	1
0	14253	4323.693361309592	1
0	14259	4325.128156338003	0
0	14272	4329.046247661814	1
0	14294	4334.502725994682	2
0	14296	4335.440014493537	1
0	14316	4340.212574706648	2
0	14336	4346.158821488267	2
0	14337	4346.343541598413	0
0	14345	4348.707947223215	0
0	14352	4351.304801556517	1
0	14355	4351.998970101474	1
0	14365	4355.652752481753	0
0	14369	4356.799282878873	1
0	14384	4362.066282227405	1
0	14386	4362.680527754711	1
0	14393	4364.414148550598	0
0	14404	4367.642404828223	1
0	14410	4369.240783518299	0
0	14424	4372.83725075424	1
0	14444	4378.632017605242	2
0	14453	4381.494279078911	1
0	14465	4384.548055202004	2
0	14488	4390.040971001612	2
0	14492	4391.24973881373	0
0	14494	4391.542445730071	1
0	14508	4395.240429547384	1
0	14517	4398.673879124342	0
0	14526	4400.546133108904	1
0	14542	4405.899587525176	1
0	14546	4405.940638344969	2
0	14553	4408.12824287417	0
0	14565	4411.385730983691	1
0	14579	4414.795063811239	0
0	14583	4416.525348283473	1
0	14589	4417.206353537973	1
0	14601	4421.355483967002	0
0	14609	4423.139296738433	1
0	14629	4428.744214057807	0
0	14633	4428.764899133241	1
0	14653	4434.494626708796	2
0	14656	4435.582994253144	0
0	14661	4436.525021222771	0
0	14664	4437.825918923018	0
0	14669	4439.518340524288	1
0	14674	4442.217513587328	1
0	14682	4445.239465629218	1
0	14692	4448.560439290481	0
0	14696	4450.054065707027	0
0	14700	4450.46494404413	1
0	14711	4456.252974212172	1
0	14727	4461.360713144534	1
0	14742	4465.985847349398	0
0	14748	4466.846630488059	1
0	14755	4469.017620986329	0
0	14768	4472.325519102861	1
0	14776	4474.894182372839	0
0	14786	4477.601997963854	1
0	14809	4483.410864192995	2
0	14819	4485.518124747326	1
0	14831	4488.882834126593	0
0	14836	4489.392012265048	1
0	14838	4490.148912184177	0
0	14846	4493.108068208444	0
0	14852	4495.384882497138	1
0	14869	4501.336173129736	1
0	14870	4501.367024821932	0
0	14888	4506.738114136274	1
0	14891	4507.877821235454	0
0	14907	4512.219815228603	1
0	14914	4514.22138180386	0
0	14926	4518.174661446366	1
0	14941	4522.399826270063	0
0	14946	4523.38771585259	1
0	14957	4527.418965001245	0
0	14964	4528.406489792516	1
0	14969	4529.891589125272	0
0	14973	4531.176869606254	0
0	14982	4533.591021275384	1
0	14991	4537.123100345493	0
0	14998	4538.777132221035	1
0	15009	4542.918120496445	0
0	15015	4544.449885381389	1
0	15023	4547.166208789222	0
0	15032	4550.185417242584	1
0	15041	4554.055184178057	0
0	15051	4556.176414790566	1
0	15069	4561.97161715315	1
0	15075	4563.616736316126	0
0	15078	4564.504699114713	0
0	15087	4567.085187955762	1
0	15103	4572.292851477165	1
0	15121	4577.977925458459	2
0	15132	4581.080691835381	0
0	15142	4583.565542849714	1
0	15152	4587.169405693309	0
0	15154	4587.449582386065	0
0	15160	4589.168301692234	1
0	15161	4589.561809235836	0
0	15173	4594.65247486788	1
0	15175	4595.548993282721	0
0	15178	4596.601651486943	1
0	15180	4597.712318218082	0
0	15186	4600.365684537219	1
0	15197	4606.243473831566	1
0	15211	4611.399316396566	1
0	15229	4617.223626072753	2
0	15244	4621.926617350081	0
0	15251	4622.917580050884	1
0	15252	4623.093900129085	0
0	15256	4624.566829484658	1
0	15270	4628.612698709827	1
0	15292	4634.5429302461	2
0	15315	4640.075330671391	2
0	15317	4640.873372487725	0
0	15324	4642.964269081365	0
0	15332	4645.260013383117	1
0	15345	4650.608673804908	1
0	15347	4651.080459948868	1
0	15355	4653.662060890815	0
0	15365	4656.059046468933	1
0	15373	4658.576034145083	0
0	15379	4660.52928656724	1
0	15384	4661.274240322181	1
0	15399	4665.63856254472	0
0	15404	4666.310708189153	1
0	15410	4668.710134972705	0
0	15421	4671.539914837808	1
0	15429	4673.421415446213	0
0	15441	4677.292540999598	1
0	15461	4682.823163385739	2
0	15472	4686.411912474665	0
0	15482	4688.381430749086	1
0	15495	4692.297726638966	1
0	15505	4693.947483862055	2
0	15514	4696.820505614163	0
0	15524	4699.147846036361	1
0	15545	4704.626066805565	2
0	15547	4705.224954859705	0
0	15560	4709.391130774165	1
0	15567	4710.598512161526	1
0	15578	4713.837413596925	1
0	15580	4714.172056049577	0
0	15589	4715.893052657138	1
0	15592	4716.484726422119	0
0	15607	4721.754423651149	1
0	15628	4727.180780326252	2
0	15640	4731.116352981074	1
0	15651	4732.883072409782	2
0	15667	4737.447691333483	0
0	15674	4738.374250517928	1
0	15682	4741.158332169059	0
0	15688	4743.308382775406	0
0	15694	4743.934664298317	1
0	15709	4749.018250403928	1
0	15720	4752.233019630427	0
0	15729	4754.446522086861	1
0	15744	4759.26337402547	0
0	15746	4759.382992729312	1
0	15750	4760.080895130525	1
0	15752	4760.363123527382	0
0	15771	4765.90067976434	1
0	15781	4768.789567840169	0
0	15791	4771.511886743598	1
0	15793	4771.789092849244	0
0	15809	4777.099027717721	1
0	15825	4781.688677527828	0
0	15833	4782.985768694666	1
0	15855	4788.93060454028	2
0	15856	4789.516860208477	0
0	15858	4789.545887114249	0
0	15860	4790.180508932451	0
0	15868	4794.659699967832	1
0	15876	4799.836223907073	1
0	15881	4801.003884644601	1
0	15893	4805.35766649619	1
0	15910	4810.318588909696	0
0	15914	4810.487604372672	1
0	15923	4813.016778613909	0
0	15928	4814.609311574141	0
0	15934	4816.084188069918	1
0	15944	4820.587078719752	0
0	15950	4822.00178860361	1
0	15963	4827.477214498448	1
0	15984	4832.809551940302	2
0	15988	4833.928719543273	0
0	16002	4838.113505759512	1
0	16004	4838.674165854	0
0	16012	4841.483726918699	0
0	16018	4843.886166169078	1
0	16030	4848.166835775019	0
0	16035	4849.479511824905	1
0	16040	4851.021924679168	1
0	16043	4851.737894736582	0
0	16053	4855.025807905014	1
0	16066	4859.473149212313	0
0	16071	4860.476255659716	1
0	16088	4866.111481941309	1
0	16098	4869.533132633893	0
0	16107	4871.322795089571	1
0	16126	4876.471775034446	2
0	16145	4881.870354009563	2
0	16148	4882.722737641193	0
0	16159	4886.906813484966	1
0	16164	4887.708271310668	1
0	16182	4892.87619156577	2
0	16187	4893.986133280563	0
0	16201	4898.762882547223	1
0	16218	4904.132536238411	1
0	16223	4904.234641298887	2
0	16241	4909.236315298828	2
0	16251	4912.322789645054	1
0	16262	4914.983525011458	2
0	16272	4918.139467757434	1
0	16276	4918.872452277573	1
0	16284	4920.330448000461	2
0	16299	4924.819924903687	0
0	16308	4926.04045699211	1
0	16328	4931.955728744624	2
0	16333	4933.245267518799	1
0	16345	4936.800682050293	0
0	16350	4937.117692684291	1
0	16357	4939.407305486848	1
0	16366	4942.387553430052	1
0	16370	4942.518233461075	2
0	16388	4947.52438724274	2
0	16406	4953.158943914345	2
0	16428	4959.040903092597	2
0	16429	4959.214288497349	1
0	16434	4961.102606415169	1
0	16437	4961.138465030591	1
0	16445	4963.936024849766	1
0	16451	4964.575680439363	2
0	16459	4967.196206490745	0
0	16471	4970.482143618169	1
0	16487	4975.69910253282	2
0	16506	4980.956359929757	0
0	16510	4981.673708673802	1
0	16529	4986.894292759013	2
0	16532	4987.837196500505	1
0	16535	4988.574256946221	1
0	16543	4990.635985597385	0
0	16546	4992.113544801139	1
0	16552	4992.311333663531	1
0	16567	4997.200237477783	0
0	16571	4997.49071483291	1
0	16592	5003.464114851786	2
0	16593	5003.572406084279	0
0	16606	5008.938822000057	1
0	16626	5014.692238152029	2
0	16648	5020.216182145292	2
0	16649	5020.268442629958	1
0	16656	5022.863289503619	1
0	16671	5026.190947187135	2
0	16675	5027.689688755434	0
0	16688	5031.387781837724	1
0	16702	5035.904096313175	0
0	16707	5036.996016252438	1
0	16711	5037.32163219317	1
0	16713	5038.356669196167	1
0	16715	5038.67603923043	0
0	16730	5043.03065254097	1
0	16738	5045.727871155135	0
0	16748	5048.927486387548	1
0	16761	5053.155394803851	0
0	16768	5053.964037252358	1
0	16788	5059.369254453108	2
0	16800	5063.031700906462	0
0	16802	5064.103509864311	1
0	16807	5064.763329247712	1
0	16818	5068.524006685243	0
0	16825	5069.816301905318	1
0	16833	5072.699764871277	0
0	16837	5074.426483301679	0
0	16840	5074.838918808964	0
0	16844	5075.567828332773	1
0	16851	5080.49897284503	0
0	16856	5080.996738877148	1
0	16868	5086.646639391082	1
0	16882	5092.446116163629	1
0	16903	5097.727158024209	2
0	16907	5098.802437024658	0
0	16920	5102.829257254955	1
0	16933	5106.619706722445	1
0	16939	5108.344607502221	0
0	16944	5108.490626482526	1
0	16951	5111.404728435911	0
0	16957	5113.208848729845	0
0	16961	5113.869131708052	1
0	16976	5118.988368412713	1
0	16996	5124.054019912612	2
0	17013	5128.975492599653	0
0	17019	5129.680126789026	1
0	17031	5133.158612924512	0
0	17034	5133.815640948833	1
0	17041	5134.720896680141	1
0	17048	5136.66943219386	0
0	17051	5137.305773348082	0
0	17056	5138.199517749949	0
0	17061	5140.033055732027	1
0	17065	5143.219755058875	0
0	17068	5145.23726033594	0
0	17072	5145.727830512682	1
0	17079	5150.855027698446	1
0	17089	5156.257752011996	1
0	17108	5161.964784509735	1
0	17128	5167.335661649704	0
0	17132	5167.657989537809	1
0	17144	5171.44914158166	0
0	17151	5172.799532980192	1
0	17170	5177.806261181598	2
0	17187	5183.500735195702	1
0	17191	5183.628830397268	2
0	17197	5185.869573346686	0
0	17208	5188.643857854651	1
0	17220	5192.714286219444	0
0	17226	5194.287653184263	1
0	17227	5194.47381315101	0
0	17238	5198.326896686457	0
0	17246	5199.411430605687	1
0	17259	5204.50001868722	1
0	17264	5206.117899710312	1
0	17279	5209.568597586825	2
0	17299	5214.634547938359	2
0	17302	5215.482414122787	0
0	17318	5220.522322829579	1
0	17325	5222.25200444844	0
0	17333	5225.253041118962	1
0	17338	5225.775237727909	1
0	17359	5230.821371508994	2
0	17360	5230.858887972539	1
0	17363	5231.256575112347	0
0	17371	5234.217107101339	0
0	17375	5235.918399585295	1
0	17380	5236.089943232247	1
0	17395	5241.834251265041	1
0	17411	5246.995291367871	2
0	17436	5252.989673964213	2
0	17438	5253.237595518586	0
0	17451	5257.880936373723	0
0	17456	5258.901145921787	1
0	17464	5263.087724175188	0
0	17471	5264.009667962324	1
0	17479	5267.190544578945	1
0	17486	5269.232362826122	1
0	17489	5269.863011958894	1
0	17511	5275.216189474566	2
0	17517	5276.676724298159	0
0	17520	5276.991867309204	1
0	17524	5278.336463547078	0
0	17528	5279.923762189342	0
0	17532	5280.310011848342	1
0	17543	5285.861203434645	1
0	17544	5285.987635805854	0
0	17554	5291.096467837692	1
0	17555	5292.585403468811	0
0	17564	5296.76253289939	1
0	17582	5301.998447070831	1
0	17595	5306.033092051512	0
0	17600	5307.282455996844	1
0	17620	5312.989303710406	2
0	17639	5318.188654441388	2
0	17646	5320.237909420507	0
0	17648	5320.904896661408	0
0	17656	5323.591192049907	1
0	17665	5328.171765089268	1
0	17672	5329.351385043237	1
0	17675	5330.122796610931	1
0	17681	5331.276404776144	0
0	17691	5334.454947210151	1
0	17711	5339.761349144859	2
0	17713	5340.275769468166	0
0	17730	5344.954073464965	1
0	17736	5346.916048820133	0
0	17749	5350.564881368309	1
0	17768	5355.879056426001	1
0	17772	5355.887947713492	2
0	17788	5360.040266463303	0
0	17794	5360.945634422592	1
0	17803	5364.091158735334	1
0	17813	5366.127138969489	2
0	17817	5367.004181705417	0
0	17832	5371.53124841489	1
0	17849	5376.99511318456	0
0	17853	5377.232298361604	1
0	17859	5379.289655919189	1
0	17862	5379.650254940965	0
0	17871	5382.261536976091	1
0	17893	5387.852931896924	2
0	17897	5388.735362967594	0
0	17899	5389.26187803154	1
0	17909	5392.333392996806	0
0	17914	5392.888761274052	1
0	17930	5398.408935397864	1
0	17948	5403.546367179836	2
0	17954	5405.533037791264	0
0	17966	5408.923886729638	1
0	17984	5414.114090251504	2
0	18003	5419.305128913839	2
0	18008	5420.710594522766	1
0	18024	5424.776269868482	2
0	18034	5427.650956884378	1
0	18038	5428.837554112545	1
0	18043	5430.424353652753	0
0	18048	5430.646688972367	1
0	18049	5431.152807296952	0
0	18055	5432.620243912563	0
0	18065	5436.153412853833	1
0	18080	5441.567132809199	1
0	18091	5445.736662594717	1
0	18099	5447.381907998817	2
0	18106	5449.366731065209	0
0	18110	5450.725891292676	1
0	18121	5453.300146430032	1
0	18138	5458.768414349761	2
0	18140	5458.960691664833	0
0	18144	5460.327177730972	1
0	18153	5463.370911678417	0
0	18155	5463.790347392903	0
0	18159	5463.83571326593	1
0	18168	5468.884741009446	1
0	18187	5474.461004645098	1
0	18192	5475.809964567072	0
0	18203	5479.823133593192	1
0	18226	5486.492676603492	0
0	18244	5492.145990207791	0
0	18249	5494.749416339794	0
0	18252	5497.112399101605	0
1	22	15.857115749737	10.055027901662
1	57	28.027145310188	16.99819567881
1	66	31.898853040765	15.599372907075
1	79	36.34244987939	9.515867206617
1	136	54.103971660718	22.121474807499
1	145	56.240297458134	34.436379231046
1	157	59.882574480026	22.39667303767
1	170	62.601720307137	13.190873060723
1	215	74.88134374353	31.448850721586
1	219	76.468292319217	10.631693032571
1	260	87.202901332291	26.927924134653
1	269	89.248347708955	34.481049470603
1	285	93.494469967554	11.661260606605
1	331	107.3303132297	30.524971336359
1	357	115.470984741114	44.489562781062
1	362	115.52166605543	28.415063849536
1	373	118.60335165728	14.100873726888
1	391	123.70005991275	14.141738149688
1	412	129.626017010537	30.895361777628
1	426	133.103250451386	6.614271190483
1	454	142.015535066722	20.539952462193
1	477	148.47471866873	55.648206179729
1	505	154.84729316307	11.505427374157
1	519	157.118074347965	25.493391952479
1	550	165.45724717295	28.029375031825
1	559	168.066044451205	7.787544713822
1	562	169.07497940352	53.558125664013
1	580	174.56796959776	3.214109500288
1	589	177.814571029624	22.878386773285
1	613	185.144659872514	35.909752432836
1	650	195.359110258289	29.948713764317
1	667	200.470567314072	23.956593170181
1	682	205.37812575174	17.404617946711
1	704	211.06732032611	29.077765789348
1	722	216.599066722555	12.219000741489
1	774	231.130435635337	16.135080406909
1	778	232.365720147381	38.421837449886
1	784	233.730955093287	34.543392562892
1	839	248.210613656087	38.30230657756
1	849	251.212504405524	9.473890300371
1	857	252.933933431864	32.486830011824
1	888	261.886157272852	36.376703355464
1	893	262.665413937297	26.337932948022
1	907	266.155515012915	35.387375845692
1	943	276.440469162886	13.183197190635
1	948	278.437503479072	9.865429736791
1	950	278.522531074473	25.843345726609
1	964	282.936513672702	35.435413462928
1	1059	308.242722912693	50.530136106305
1	1068	310.67737463501	20.975450070461
1	1076	311.781106146517	32.393805496627
1	1084	314.956416514584	30.541084687341
1	1088	315.664221868154	41.280003303199
1	1124	324.590337959816	13.371798166307
1	1160	333.582133302231	32.534818105632
1	1163	333.999202240844	38.474389238171
1	1174	337.088483375031	20.461020024261
1	1190	340.382963393696	34.277890767086
1	1222	350.005454367608	16.583436024027
1	1237	353.351308646262	25.332462368883
1	1239	353.614183893658	9.145491779316
1	1276	363.429607372387	41.058659878682
1	1295	368.674821370395	18.631544791278
1	1300	369.569286697542	14.414403519128
1	1305	371.562366877564	5.049307399313
1	1313	374.65711317514	35.68901718571
1	1353	388.024592042318	10.142912884128
1	1360	389.318527155438	28.284131088877
1	1383	397.055630139072	13.513856674311
1	1409	404.320288148591	32.26567532064
1	1424	407.79973903729	13.560451516999
1	1431	410.02420264843	21.041504361316
1	1440	412.221252075276	12.460519307175
1	1469	423.044451712627	17.874959875363
1	1496	431.385934849966	14.257102271077
1	1499	432.162364983462	21.025920435553
1	1525	441.170731486401	12.836990351905
1	1527	441.402652284711	2.150536810863
1	1557	451.233710309603	28.256825203191
1	1580	458.369874564232	8.057729711524
1	1587	460.092292936169	26.235388255796
1	1619	469.833544706227	25.503625579878
1	1622	469.998694874114	9.101298193216
1	1641	476.872452658252	4.674320250867
1	1663	484.188803698519	28.523952880992
1	1687	491.73974818713	13.901966613485
1	1709	498.245988488431	31.725400859259
1	1721	500.511342803948	11.596734820167
1	1728	503.24557066476	2.970217905939
1	1732	504.409017501747	21.428495263098
1	1756	514.880970913568	3.57163618051
1	1760	516.386920479243	21.516442573048
1	1793	528.466530816048	22.248798890389
1	1798	530.114002608811	13.480307715363
1	1808	534.233785646851	6.490476643317
1	1831	543.871675626492	5.422791084392
1	1872	554.691703717923	21.837378103286
1	1878	556.237611735936	33.661339757496
1	1917	568.092116578481	24.468356225639
1	1953	578.760340090607	24.212936708004
1	1965	581.484349509933	32.540150044951
1	1978	585.244987289885	20.116131430723
1	1980	585.43429069547	15.181924610399
1	1993	588.067039191723	28.303794348613
1	2052	604.524003129452	29.133535284781
1	2056	604.65419483022	12.525801465382
1	2064	607.704515034917	21.252113429016
1	2079	611.090058917645	30.628627121448
1	2094	615.276639183286	7.525775714312
1	2138	628.472363476991	14.828450227738
1	2155	632.218968935661	29.596705851261
1	2174	637.989404269259	40.470327634361
1	2183	640.524408800876	21.282514496589
1	2218	649.618740697159	19.198334748391
1	2239	655.520932187559	19.753784611122
1	2260	661.216565818174	36.107630310228
1	2263	661.792676275826	15.274098164632
1	2278	665.753916163697	13.665481851204
1	2318	675.788206053432	34.277327946154
1	2325	678.220725734253	20.908015602501
1	2348	685.773344831424	17.282012187293
1	2356	689.223475518286	3.87159957143
1	2360	690.253952361995	27.550787278104
1	2416	707.112279018852	16.209995374317
1	2427	710.714509780866	31.233873430289
1	2478	723.741353252668	16.926059707767
1	2480	724.369912403639	50.171300643826
1	2490	727.330514153928	31.011038077295
1	2517	734.05184885836	5.06805153098
1	2525	735.201488131538	17.467837146133
1	2543	740.866513116866	28.31503046339
1	2566	747.278311672853	24.253383656267
1	2574	749.605775290749	9.208466305514
1	2578	751.089625186755	49.651864276272
1	2584	752.080955674986	17.112332200515
1	2612	763.034319013121	11.650114371673
1	2622	766.962086608631	10.43927013874
1	2652	775.56823398115	29.294376692158
1	2674	781.528636495347	19.594085569725
1	2697	787.93282331945	20.113096961982
1	2717	793.533747570938	14.583000987652
1	2740	800.022846785372	5.341731235384
1	2751	802.37048396957	28.932911868207
1	2757	804.373696850144	14.995566016527
1	2764	805.965002400102	21.811127576978
1	2785	815.601281201466	4.603188890265
1	2830	828.353195466566	22.447512695798
1	2833	828.75797861931	28.464362894652
1	2836	829.6141492991	7.348118153517
1	2849	834.729457550101	6.636726212108
1	2855	836.665893568075	20.092378620641
1	2895	851.515190037315	12.776722082751
1	2909	855.185090862448	21.663206415951
1	2983	875.333388981177	31.423875329319
1	2990	876.75322458637	27.552706331948
1	2995	879.034050276385	2.322608152987
1	2997	879.042471422112	24.233083117053
1	3014	884.885491232501	19.832792168831
1	3025	888.557410323525	28.569476574659
1	3047	896.316806862246	13.872674749117
1	3091	908.072770929428	20.245129573857
1	3097	909.645885372417	10.226461959188
1	3114	914.20919943298	43.418003930943
1	3146	923.453956729966	12.443638001105
1	3161	927.646994426731	34.17298748519
1	3168	930.700494362855	25.685510886484
1	3184	934.591987617893	18.179489059489
1	3204	941.222701402845	19.802919681417
1	3226	947.649258639195	8.989842682843
1	3230	948.528428983873	15.710285579786
1	3252	956.3260444717	11.852870518575
1	3272	963.578820290159	36.557628742536
1	3291	969.00546191877	13.305105440668
1	3306	972.163276094475	21.755503389518
1	3321	977.294023952679	16.429106120953
1	3350	985.714248822533	19.826259591616
1	3353	986.104998812775	14.958153318613
1	3384	996.618905192822	9.133024204406
1	3410	1003.20543384843	26.856537132642
1	3416	1003.365490314666	21.270121234586
1	3447	1012.476267613585	14.909215995226
1	3486	1023.084162651793	30.517777120462
1	3490	1023.977303493651	15.409874310601
1	3506	1028.111412521796	24.773486968708
1	3540	1037.523734572692	7.290592246806
1	3566	1045.799287336297	25.889932599735
1	3576	1047.425510354339	33.477347121341
1	3587	1051.654776686917	10.249435264966
1	3595	1053.914780018383	28.982241421238
1	3602	1056.301827239336	3.847700130893
1	3608	1058.652527794126	22.503877163983
1	3657	1074.727482541695	11.051017946797
1	3694	1085.30305676046	38.235672601968
1	3698	1086.064122277193	28.045381739852
1	3723	1092.781091082607	23.798741125736
1	3768	1104.976215994337	30.574606431071
1	3771	1105.74158312613	20.480632324238
1	3798	1112.8786387603	33.236658342764
1	3803	1113.907280390149	17.49777257978
1	3821	1119.1782516269	17.61288750521
1	3830	1123.014841750849	32.195827569002
1	3838	1124.505799628331	17.50578121888
1	3840	1124.787132768657	6.519644652959
1	3874	1137.270733554963	24.382067147993
1	3894	1143.484633610117	19.387438799023
1	3896	1143.681376760007	9.036783109767
1	3929	1153.691078765083	8.074359724531
1	3942	1157.262679902253	17.089401868056
1	3945	1158.473828988031	29.137883690302
1	3997	1175.697837532729	24.857358995825
1	3999	1175.812704132169	9.11635394697
1	4034	1186.158376654841	8.539531274465
1	4047	1189.43373345665	33.413079789258
1	4052	1191.747151345829	8.476496030461
1	4057	1193.426753272648	32.284076240028
1	4066	1196.101189198437	2.169137125835
1	4102	1209.594180663	21.289356602008
1	4141	1220.185601858653	20.745650981087
1	4154	1223.001013818894	1.155226822244
1	4162	1225.418066518843	53.655089802106
1	4183	1230.942910353653	26.125073587989
1	4200	1235.181448653919	19.015244463806
1	4222	1242.055755198233	9.070935171563
1	4224	1242.154828618744	14.544706402113
1	4229	1243.433883644174	33.004838736961
1	4266	1257.154282704924	18.692952423355
1	4283	1261.404670945833	6.562346917344
1	4292	1265.683360534951	16.108106618979
1	4338	1279.585306695777	35.863737766514
1	4370	1287.792688619345	21.41266312753
1	4376	1290.483501467504	30.021725300584
1	4391	1293.932799655827	17.13626255782
1	4399	1296.576817607738	25.009796939325
1	4445	1310.287368764399	28.411124647827
1	4470	1317.019383304169	24.884714163026
1	4487	1321.249727266142	23.151846549243
1	4493	1322.723622931282	19.140921332292
1	4513	1328.767508718066	41.838917619665
1	4569	1342.320540985325	33.070748947796
1	4579	1344.733435731497	29.643339393313
1	4583	1346.08529080916	25.05824565515
1	4611	1353.509957890607	26.868601540221
1	4646	1362.771193706431	25.606130452131
1	4671	1369.422823292318	27.108821911622
1	4676	1369.642107250982	37.617524162983
1	4692	1374.223490777074	26.250015830971
1	4710	1378.647389229617	25.110833579907
1	4735	1385.290388871334	26.356722838831
1	4765	1392.299233342634	16.946795156343
1	4782	1396.995038622288	27.382468825672
1	4794	1400.969495035471	20.56598733156
1	4807	1404.9486278228	40.646339744799
1	4817	1407.131033606708	21.647961716984
1	4825	1409.152563951672	7.364898296306
1	4828	1410.330442301115	19.726813393767
1	4868	1423.544859815967	16.456887706067
1	4879	1425.617720840842	1.947851286153
1	4901	1431.888610062536	35.308586030153
1	4915	1436.47386110201	7.360927718692
1	4936	1443.244685483391	30.314969482364
1	4945	1445.335253660095	26.993952494812
1	5005	1462.226627326681	17.03818385431
1	5016	1465.528259047186	30.45763684914
1	5053	1475.121038669134	24.309531650623
1	5058	1476.185006796382	36.087400475987
1	5122	1494.346290874872	38.046858064947
1	5125	1495.040863604863	33.183338001023
1	5158	1504.431125482889	31.529955373263
1	5168	1506.775530205217	28.44936481572
1	5171	1507.094437212911	39.627186074621
1	5181	1510.002372408628	26.647456542471
1	5188	1510.367042478751	11.098460736801
1	5190	1510.826499463634	17.222020168205
1	5213	1517.473824048759	12.755756615545
1	5261	1531.009971721557	20.713619759538
1	5276	1534.253889877578	18.669565331192
1	5284	1536.532592845954	48.01766378467
1	5320	1548.004802340752	27.209022270165
1	5327	1549.462910574855	22.873953528701
1	5352	1556.090008803521	23.920094105763
1	5357	1556.750706177083	18.716233643819
1	5369	1560.181032527466	16.883352594217
1	5408	1571.470719935367	12.459035111591
1	5420	1575.071832303418	21.556527039734
1	5427	1577.019422123785	28.610269988071
1	5442	1581.211896415912	17.191133749323
1	5448	1582.322393845411	12.915181493967
1	5471	1591.769091343386	11.950629596948
1	5474	1592.131520649065	17.508581314819
1	5490	1598.025087325945	12.623738133465
1	5538	1614.228917383583	23.056105189025
1	5556	1619.842419110351	11.625936909463
1	5564	1623.70196339604	21.003966189223
1	5582	1628.159670222545	9.126070257508
1	5586	1629.207717419946	32.420272172778
1	5611	1635.541735242581	22.035985575988
1	5636	1643.86752047401	19.45752028015
1	5659	1650.907489007567	9.562940010801
1	5680	1655.41559494624	19.962429479813
1	5690	1657.753024460977	27.422260768014
1	5694	1658.815237567755	12.383255191613
1	5696	1660.094537805063	8.139754257631
1	5748	1678.085959171058	5.465079665534
1	5757	1681.033477774001	13.749714767443
1	5783	1689.742233811174	32.5590035161
1	5786	1690.293853125064	28.037585452431
1	5793	1693.028621105006	15.145725328939
1	5800	1694.56056655233	11.48338114156
1	5818	1702.70374366792	8.355216051801
1	5821	1702.780508097489	14.095827928044
1	5853	1716.207608626453	10.777717977296
1	5857	1717.045515495233	6.610982974177
1	5863	1719.557509168979	3.872741830303
1	5887	1729.51305668475	29.811882815792
1	5909	1737.404797681488	10.110104823137
1	5917	1739.217526137359	6.41300340998
1	5938	1747.586086210557	25.954718154621
1	5955	1752.7676900638	4.350796195097
1	5990	1764.2165729152	4.834242094774
1	5993	1764.766318293401	26.947364636581
1	6013	1771.627069221921	28.740783942979
1	6026	1776.343123149005	5.668007671017
1	6032	1777.395056042467	12.046546503087
1	6047	1783.020831909726	28.7985597956
1	6086	1797.145913253186	9.984259564547
1	6120	1805.432890282012	28.840119902048
1	6125	1807.341764925162	25.732925984428
1	6148	1814.08155342098	21.896661529318
1	6150	1814.527009818584	17.033348522965
1	6208	1830.399994209174	27.504301782932
1	6221	1833.772694012496	14.622030060622
1	6224	1834.054957028475	20.181909110164
1	6240	1839.326265569541	30.644144376275
1	6294	1854.933840038483	19.36479705898
1	6300	1856.870816367912	32.482557617831
1	6328	1863.789064519687	6.185474895756
1	6335	1865.865722889076	35.57219588966
1	6338	1866.690456699925	14.56290552148
1	6347	1870.191225335701	23.793119658254
1	6358	1873.948468386775	32.624098973466
1	6388	1883.351483824893	14.087409634376
1	6419	1891.247284645449	27.97978436761
1	6431	1895.495498921953	21.008402530337
1	6444	1898.3233513789	2.388988464023
1	6461	1903.731139675945	23.771936432924
1	6465	1904.62056368403	19.268136607716
1	6478	1908.987685135214	7.106469376594
1	6495	1916.798609328922	26.163719333477
1	6498	1917.319401671642	4.627369349822
1	6507	1921.562919918912	14.58271491644
1	6509	1921.799130411001	3.159379981807
1	6563	1944.838283053248	20.84928653494
1	6588	1951.599349826689	16.629122187267
1	6595	1952.273473841018	6.168694592196
1	6606	1956.04464459186	15.572351853361
1	6617	1959.904430241088	30.585434542269
1	6647	1969.289236656506	12.444264511929
1	6665	1974.270189960482	22.546696792587
1	6673	1976.373038666552	13.707268876488
1	6677	1978.148493135695	5.044334368664
1	6699	1985.657435873871	7.232606339153
1	6717	1992.878299043163	8.722597265035
1	6730	1997.57677122729	29.887669738032
1	6759	2006.757648710507	16.785932107711
1	6817	2023.63636491296	28.193122882744
1	6848	2031.831437797398	9.017445120609
1	6857	2033.517095580462	21.688659979496
1	6859	2034.068645887426	28.027110209574
1	6865	2036.14177937165	35.257874251924
1	6882	2042.912704102693	4.225689918967
1	6899	2049.052616281433	4.581496483879
1	6910	2052.530981524845	24.494163850322
1	6927	2057.046096325617	7.307332989759
1	6943	2061.068535647936	6.320214350359
1	6955	2065.412959744453	48.318882805062
1	6974	2071.451593560629	38.368678952799
1	7009	2081.555589467287	15.684989111499
1	7027	2086.530881359474	26.23884957959
1	7045	2091.669966578948	9.041219874285
1	7089	2102.865100424851	31.1445138884
1	7100	2105.10845502105	11.57594183425
1	7102	2106.595992375279	29.849416399955
1	7105	2106.804547586013	18.726245346015
1	7155	2122.154890649135	18.270606060628
1	7169	2126.541965076001	17.298693052261
1	7175	2128.377506365183	29.564820563071
1	7212	2138.023625285947	23.45228749246
1	7251	2148.428438444388	22.872192397714
1	7263	2151.936507680801	20.510309848818
1	7283	2155.924629560669	35.65011304058
1	7289	2157.481489293976	4.428809631384
1	7309	2162.260046097565	3.699065747321
1	7311	2162.39635261579	14.784022427282
1	7328	2168.106741361552	25.815078377491
1	7336	2169.723600454743	33.261760993045
1	7338	2169.759092332795	6.116561702453
1	7360	2181.801888449233	12.490691007697
1	7373	2187.495870247481	12.842326584504
1	7379	2190.464825841831	9.896394135199
1	7422	2204.509458485173	18.386167407384
1	7442	2209.940438493504	8.136766167708
1	7448	2211.931286477015	15.585871648042
1	7473	2219.107795628833	27.878293247544
1	7498	2226.091939919859	3.046202040278
1	7523	2231.706480526249	24.285736772117
1	7527	2232.607248444691	14.956892514253
1	7550	2239.87164780928	27.321299607981
1	7575	2247.610310286862	18.808834223425
1	7599	2255.728466130908	21.504570750404
1	7601	2255.75846376491	16.011579385376
1	7615	2259.739391878945	3.047839100706
1	7632	2265.948097862068	15.205904919886
1	7648	2271.450875548645	25.855595538859
1	7664	2277.674345306353	9.538369375514
1	7697	2287.557032737416	13.505625266816
1	7704	2289.812651567276	10.384675706387
1	7713	2292.043031085746	29.557171495863
1	7744	2303.208795937126	6.697187672951
1	7754	2306.591542100417	21.635625453783
1	7757	2307.784971351385	5.447574532242
1	7767	2312.147959906257	4.291114341351
1	7793	2322.504208357537	31.86624218244
1	7800	2323.890215779769	10.753559174365
1	7850	2340.816400889421	16.95718487061
1	7859	2343.272481980848	13.868216408067
1	7863	2344.580028251277	26.021065828157
1	7900	2355.76716661814	20.887723332853
1	7913	2358.546639988083	7.201346149553
1	7934	2364.922280328461	24.995057140358
1	7956	2371.844906314392	26.015605638153
1	7959	2372.711204311809	10.139409366762
1	7979	2379.104894997317	11.079630870837
1	7986	2380.596358023237	23.681259001492
1	7989	2381.392202284535	7.499995777267
1	8014	2393.088842778115	8.047622732701
1	8057	2406.837531087103	27.056425169459
1	8067	2409.851358561427	8.68393292383
1	8069	2409.895348607793	19.803627022541
1	8082	2414.495192262575	7.813751968788
1	8097	2419.829922219623	23.846207802303
1	8099	2420.22921859368	2.480487153283
1	8108	2425.597926763583	2.388594915858
1	8111	2427.317148198372	15.314821290318
1	8165	2449.486098026971	4.109703246155
1	8175	2451.406911109105	11.552597282919
1	8180	2453.412557823811	24.531844003123
1	8191	2456.64501459489	22.436510053581
1	8199	2460.374186277502	9.953916217781
1	8217	2467.957473030311	12.488798541482
1	8230	2471.890486224671	10.859978734634
1	8237	2474.371993771054	8.152653254569
1	8245	2477.332319306789	5.91949758504
1	8248	2480.383034241035	3.719378293609
1	8277	2495.908497191148	13.298149258946
1	8307	2506.013048811463	12.593814945197
1	8332	2512.710907041673	24.915694759342
1	8362	2520.636122284223	16.627729733243
1	8369	2522.731827087583	7.937706961181
1	8385	2529.019694215734	19.57068699517
1	8388	2529.876871685262	31.179102517897
1	8396	2531.737816737729	6.795243511441
1	8466	2554.269241009488	23.491490126704
1	8479	2558.215104638831	16.39059890248
1	8489	2562.089362371129	25.447245741612
1	8492	2562.514069888854	42.690399701124
1	8508	2566.768490083629	19.597511997329
1	8529	2572.407761732347	20.147116702516
1	8543	2576.5354660016	13.316190013895
1	8570	2583.934412431666	26.191357827045
1	8584	2587.260283467941	13.527304121643
1	8609	2594.759280477299	5.369990172446
1	8622	2597.33033550612	28.978819641634
1	8624	2597.787626285339	18.571073058063
1	8640	2602.790681737707	18.573730102508
1	8655	2608.494669451143	3.189593946794
1	8669	2613.406534260369	13.219049592036
1	8688	2621.26238846383	26.097996002297
1	8725	2631.686015045152	15.243075707811
1	8734	2633.275419075156	11.80696581013
1	8736	2633.721388313918	6.946706704563
1	8748	2638.595591745105	6.444168927148
1	8753	2641.32996573788	30.472032185878
1	8760	2643.963323395	5.879294846673
1	8780	2655.141095387399	6.578462111182
1	8787	2658.87827184086	15.436903501045
1	8845	2678.416994428376	24.485356763121
1	8854	2681.19128921523	21.666810377151
1	8891	2690.508326015432	25.181996088008
1	8904	2694.055994078748	17.846980452771
1	8916	2696.791144661604	26.212134714239
1	8939	2703.118204897614	21.103559458742
1	8978	2712.738036696566	19.70582023007
1	8998	2718.278223329572	30.671374911094
1	9005	2719.913081400445	10.5400261326
1	9013	2721.634138663766	23.546828381021
1	9067	2737.095560529966	33.38513822318
1	9074	2739.623797031117	19.560079288901
1	9092	2744.947394156945	30.193960220904
1	9095	2745.393268147714	2.905490470584
1	9108	2749.404866685506	18.108387997955
1	9124	2753.724103186277	28.141073137754
1	9127	2754.618551344379	18.052600259197
1	9133	2757.244537816264	4.399451814242
1	9146	2763.719961504917	15.890128724977
1	9193	2779.932320282559	5.423700650455
1	9200	2780.649982028986	22.648381787234
1	9256	2796.970177373846	33.213298576418
1	9259	2797.181649347882	11.930902149878
1	9264	2798.659074775757	29.326430368588
1	9283	2804.732323311034	14.120362991001
1	9316	2814.086915356338	5.956411949592
1	9318	2814.304376821613	34.366727204644
1	9327	2817.324953247906	21.011285039246
1	9364	2829.087356739909	26.817851544126
1	9366	2829.630987001232	9.784852805897
1	9386	2836.052306409458	22.100635910174
1	9416	2846.277916635734	20.866788283573
1	9436	2852.570559083596	21.624085534711
1	9451	2856.892262320497	2.833198244683
1	9470	2862.190219701265	25.884810449322
1	9505	2871.748403216012	29.539805433248
1	9512	2873.486524850127	14.078144432511
1	9518	2875.912985039991	27.831327395399
1	9525	2878.374461390424	13.173468336113
1	9592	2899.803735540129	17.617520691012
1	9594	2900.386727371019	24.168387738058
1	9609	2904.617093229082	33.931155031198
1	9658	2917.813435657065	30.060150619947
1	9663	2919.101886262418	20.308585848195
1	9678	2923.216931633066	19.167405239887
1	9680	2923.399819623096	29.717151711813
1	9683	2923.885821398346	3.783500479767
1	9706	2930.709863463184	20.984006300803
1	9708	2930.789362865499	5.525641194079
1	9728	2939.634078107074	3.629007996758
1	9732	2940.411411483304	25.566055958158
1	9775	2955.306180475044	24.85003618989
1	9790	2959.603377190882	18.152687764493
1	9833	2971.019627229191	19.30994628195
1	9839	2972.538168820202	10.576504466241
1	9851	2975.11465487373	28.617934411625
1	9883	2983.024926366748	10.240654199151
1	9893	2985.970781370881	29.03491429391
1	9940	3000.339380259391	33.010443729349
1	9948	3002.827750652677	14.07788857154
1	9973	3010.567044622262	32.761455835308
1	10002	3017.469147798602	17.657080395844
1	10021	3022.856234145231	17.590639815082
1	10027	3024.673911276971	30.721975077643
1	10053	3033.966558759217	51.016025846942
1	10058	3035.491720193412	2.438586162519
1	10074	3039.860327572796	28.687923063294
1	10098	3046.958766731548	30.427678300184
1	10104	3048.152790281803	9.199508487131
1	10141	3059.022718648774	37.039894800983
1	10143	3059.871548335995	32.023478579938
1	10171	3068.49358225369	6.72273289354
1	10185	3073.06571910635	28.535908228836
1	10187	3073.076320986727	22.986331255176
1	10217	3082.607188453429	10.181427538861
1	10231	3085.910345478562	19.022926060832
1	10233	3086.477367365032	30.594802402659
1	10244	3089.674185769862	6.295739487978
1	10300	3108.982356892894	20.46439845208
1	10307	3110.911302251271	33.439926003571
1	10327	3115.742937424333	15.669213777059
1	10340	3119.270298173297	25.159189496538
1	10402	3135.554393306489	29.509453021341
1	10418	3139.865445236671	28.318388198735
1	10427	3142.839006681456	25.815864579053
1	10456	3151.758150040518	28.9712639238
1	10498	3164.033845673546	36.067359782758
1	10501	3164.578986906907	20.657547496259
1	10533	3171.454467597181	38.253381484189
1	10549	3174.839359879606	19.746393013397
1	10575	3182.170718993637	32.415834998595
1	10588	3185.159450507952	13.498734159862
1	10604	3189.784334272959	51.527357257556
1	10608	3190.134367154322	29.376890794721
1	10613	3192.046517340927	8.964835109189
1	10637	3200.806979590675	34.281359996532
1	10680	3213.419628552042	8.116275981187
1	10687	3214.848375208672	37.75554582663
1	10689	3215.556255609373	15.860299004357
1	10691	3215.653284403375	21.078002699302
1	10694	3216.344486704559	5.413275189932
1	10696	3216.384637767445	27.389178572689
1	10747	3236.775978111191	15.190901524386
1	10780	3245.358926845244	28.877693519461
1	10804	3251.763806112339	24.676051409449
1	10818	3255.327782694946	17.617231727578
1	10827	3258.496409796873	26.179512848146
1	10871	3271.936376650464	12.334937716717
1	10890	3276.44275791279	33.111559643525
1	10913	3282.290390771577	16.83327101497
1	10921	3284.483033105029	30.23841217882
1	10924	3285.131847391367	14.525640805485
1	10952	3294.363919340187	45.629706143285
1	11010	3310.646032041051	24.351788855739
1	11015	3311.976215215164	20.151986085577
1	11030	3316.604886582465	40.422328646642
1	11034	3317.694612339601	3.093311754987
1	11037	3318.529352863199	37.267131971777
1	11061	3324.611370845578	4.265384024126
1	11104	3337.081003219817	27.610777736409
1	11109	3337.265882400909	11.051057221252
1	11111	3337.676665885716	33.963142208868
1	11123	3343.055194846118	45.244416322326
1	11145	3349.193583689742	17.256553690298
1	11153	3353.241658326932	16.081007675034
1	11160	3354.893585408452	11.787266437547
1	11167	3358.033142022202	3.471245279652
1	11195	3370.735895098299	4.917295047431
1	11202	3372.274591654302	11.760821054457
1	11220	3379.071504905583	1.700302599464
1	11226	3382.413544447508	33.322701226107
1	11249	3392.075848400472	20.367098103161
1	11268	3398.631038063551	10.44024766062
1	11295	3407.31213086645	8.170828296919
1	11301	3409.084909513356	26.485814190005
1	11303	3409.336654424662	4.703908517491
1	11327	3418.728741472581	3.053915094118
1	11335	3421.148592315375	27.666281634242
1	11348	3427.094756524654	5.964454516651
1	11351	3428.471430973378	18.257962991717
1	11389	3445.689495317866	7.613003210863
1	11396	3448.678937832121	15.661110673565
1	11402	3449.636781480623	22.558245915919
1	11420	3456.730324233063	1.723408606719
1	11429	3460.86483123735	17.199461044045
1	11436	3462.840231743404	1.951929917792
1	11446	3469.096689897468	19.908651753678
1	11471	3479.284729677132	7.945301222266
1	11510	3492.562594864745	15.772687125717
1	11515	3493.740880364777	27.791862391165
1	11529	3498.377500252677	15.745889323414
1	11559	3507.131288264525	18.924402409816
1	11585	3514.390961709196	20.289022094338
1	11616	3522.796766934681	23.045700482094
1	11632	3527.960798871002	11.287236111938
1	11644	3530.896156694386	25.717899430659
1	11670	3537.791154129426	26.826402780832
1	11707	3547.940115093832	9.183203831664
1	11717	3550.353747371462	21.979894531539
1	11725	3552.340204525503	2.204581438331
1	11729	3554.686413323389	32.152445649847
1	11736	3556.55501565046	12.008625481163
1	11739	3557.697996402039	24.088972710654
1	11760	3567.105172926558	6.539103925695
1	11764	3568.880257344453	13.396255199915
1	11767	3570.502424323928	4.22835252108
1	11821	3592.379596948503	3.927379540284
1	11841	3597.500843543322	19.870152309303
1	11853	3601.109424191757	28.961725366069
1	11858	3601.804404271995	2.719202437903
1	11873	3607.478424360272	13.936568970325
1	11878	3609.697296783907	27.049886090565
1	11886	3612.702546739482	2.411560237408
1	11926	3628.182658810049	23.793243418332
1	11931	3630.344080066537	14.447741907555
1	11964	3641.123859541953	20.204778764863
1	11972	3642.663295070289	16.28018565022
1	11976	3644.137363679122	7.097145674168
1	11996	3651.793584821625	20.147768749272
1	12008	3656.797672406301	8.680806375341
1	12057	3671.101596589546	17.7885767814
1	12077	3676.813469878744	34.342394008883
1	12098	3684.401017284018	25.572265411727
1	12149	3698.037860954177	28.583523412933
1	12159	3700.846698386128	36.555349621458
1	12175	3705.00424729299	29.766415430582
1	12182	3707.304849602979	26.277743314161
1	12193	3710.305719748487	12.648553399719
1	12197	3710.719681869259	2.462558383355
1	12216	3718.347256624488	31.975292112563
1	12226	3720.67299842392	28.51600481826
1	12241	3724.283682527251	5.52032721811
1	12247	3726.156333025425	23.260690147638
1	12263	3732.326324923192	18.955528795251
1	12276	3736.809418956397	7.252069506445
1	12290	3742.204215780248	18.242645737367
1	12327	3756.176972226587	21.022812342854
1	12380	3769.589708172713	17.643282972974
1	12387	3771.934884724321	31.129196205759
1	12401	3777.318000165626	19.770426125847
1	12416	3781.338759807982	34.593113686306
1	12436	3785.68652792752	11.290442235418
1	12443	3788.412506832738	25.529447976499
1	12473	3796.259287959546	5.864372896846
1	12481	3798.997759552437	18.971674459753
1	12515	3811.24036430858	42.495220754409
1	12530	3815.266450383697	29.958577548152
1	12547	3818.917826838789	5.140399219933
1	12564	3825.022984783399	17.190844140251
1	12594	3835.750278169173	33.634066058907
1	12610	3839.274189278481	2.949028285453
1	12617	3840.933438924019	44.675865519904
1	12648	3849.57664217695	24.780868319446
1	12650	3849.65229493135	7.708783814335
1	12668	3856.412231227613	25.841824273811
1	12671	3857.391957781391	4.601713569951
1	12698	3868.858808393236	50.021868467677
1	12735	3879.576298264434	20.832073758472
1	12737	3879.734999724893	32.596824241568
1	12774	3889.720274640825	14.472513248793
1	12788	3893.239719687376	28.668255718075
1	12796	3896.09466038714	26.302438297077
1	12833	3908.393794942994	9.927057987894
1	12864	3915.665634116739	34.568114746247
1	12886	3921.079731979053	34.352278227566
1	12918	3929.20667348266	36.58844586508
1	12921	3929.505960295674	15.602823139402
1	12930	3931.516316032616	22.839188106241
1	12935	3933.365886973097	29.707851634476
1	12939	3934.50549527083	14.721665060266
1	12949	3939.358764854722	3.562588236294
1	12971	3949.191586604336	23.902255475285
1	13000	3957.056737604664	5.547686831909
1	13015	3962.520060477306	31.975765614068
1	13020	3962.876324425681	16.515007760608
1	13028	3965.282262323654	2.527989200084
1	13042	3971.545529583001	30.730945742922
1	13047	3973.280709660488	16.300964633348
1	13095	3989.752509391166	21.064856840997
1	13107	3992.253484525366	1.983031804557
1	13110	3992.715571328297	8.035134002334
1	13119	3995.804367960428	21.78880873113
1	13145	4007.33785028639	27.936915079365
1	13163	4012.631923248057	11.670129550388
1	13202	4024.438682683043	29.048514303752
1	13228	4031.385480628695	13.978933567763
1	13245	4035.184437986694	28.458565601381
1	13254	4038.25242278387	26.375132972025
1	13266	4041.566829248445	2.317104103626
1	13280	4046.337762056732	18.532984806575
1	13294	4051.556276171581	28.910776463453
1	13350	4067.448181430224	33.846141399932
1	13362	4070.577264485062	25.981885816086
1	13376	4073.907511100636	23.937031090725
1	13400	4081.770963518063	26.134779824526
1	13439	4092.137244404986	25.534474161217
1	13462	4097.913496808379	15.361773017327
1	13479	4102.21148587798	41.402448615641
1	13496	4106.364581970847	29.055350462558
1	13523	4114.900527921732	26.924344691909
1	13532	4116.469357339081	44.382921261829
1	13554	4121.333781946909	27.912088740379
1	13578	4127.914620945577	29.082628009491
1	13621	4140.789825570535	36.574349621544
1	13623	4140.849250591707	31.309180202545
1	13626	4141.813642001243	20.624776951736
1	13640	4144.807153081281	29.533885429608
1	13657	4149.228722043451	5.828378509149
1	13661	4150.21158041898	17.85797326942
1	13689	4159.201009479693	32.581811647973
1	13723	4168.595136399962	30.790302720038
1	13740	4173.240599349954	18.467238835408
1	13760	4177.744807991779	28.845656802295
1	13766	4179.670766268505	8.867303694714
1	13789	4186.08476749167	26.270631982129
1	13825	4195.275809564627	19.358400136699
1	13859	4204.045530845876	17.570304512513
1	13861	4204.225956499575	38.719533834141
1	13883	4209.474253805818	28.131567472126
1	13922	4222.054702660301	19.45213961904
1	13941	4226.19642259029	28.910799798206
1	13962	4232.85372689506	2.98712688894
1	13965	4233.969581215176	14.845701337093
1	13976	4236.55751464772	44.590192378267
1	13986	4239.30583736417	26.031075116016
1	14004	4244.137893925071	19.457162733771
1	14039	4252.973399010023	6.34358810424
1	14041	4253.143899722142	45.370478092811
1	14057	4258.543856396574	17.203026090517
1	14060	4259.072222810123	6.465150025557
1	14062	4259.299255705672	23.461934728083
1	14104	4276.648672794341	13.464905188767
1	14124	4282.441991854228	24.526238026331
1	14139	4287.003300251906	18.09741516225
1	14154	4291.585624808098	5.745347089716
1	14176	4298.620371440194	7.315758784767
1	14179	4299.09546240035	24.754280347492
1	14198	4307.114089614016	4.720121746185
1	14216	4312.150924616727	32.115721960784
1	14231	4316.644150904382	9.180763050914
1	14259	4325.128156338003	28.532171099095
1	14296	4335.440014493537	22.884417478344
1	14337	4346.343541598413	28.304395279845
1	14345	4348.707947223215	25.014585913623
1	14355	4351.998970101474	17.496244106792
1	14365	4355.652752481753	4.347950925236
1	14386	4362.680527754711	33.634280092897
1	14393	4364.414148550598	18.255327062331
1	14410	4369.240783518299	12.441500639426
1	14453	4381.494279078911	41.281704372263
1	14492	4391.24973881373	29.183456586325
1	14494	4391.542445730071	23.900040901848
1	14517	4398.673879124342	25.836628370102
1	14542	4405.899587525176	27.267569919934
1	14553	4408.12824287417	7.582109765266
1	14579	4414.795063811239	24.754092809627
1	14583	4416.525348283473	31.977293081469
1	14601	4421.355483967002	15.414845622033
1	14629	4428.744214057807	33.503784510423
1	14656	4435.582994253144	24.197263269453
1	14661	4436.525021222771	7.76012208953
1	14664	4437.825918923018	20.619565385045
1	14674	4442.217513587328	19.078216848895
1	14692	4448.560439290481	3.320973661263
1	14696	4450.054065707027	15.559438998231
1	14742	4465.985847349398	15.520903305268
1	14755	4469.017620986329	29.499280462041
1	14776	4474.894182372839	18.641208160667
1	14819	4485.518124747326	18.671494259267
1	14831	4488.882834126593	11.280836162739
1	14838	4490.148912184177	17.823393081316
1	14846	4493.108068208444	31.74735506391
1	14870	4501.367024821932	11.975012556884
1	14891	4507.877821235454	24.466957042459
1	14914	4514.22138180386	18.836499306722
1	14941	4522.399826270063	21.063653140327
1	14957	4527.418965001245	4.031249148655
1	14969	4529.891589125272	23.153474988998
1	14973	4531.176869606254	13.002208159888
1	14991	4537.123100345493	8.716610552977
1	15009	4542.918120496445	30.698305267842
1	15023	4547.166208789222	8.389076568187
1	15041	4554.055184178057	3.869766935473
1	15075	4563.616736316126	30.025715040742
1	15078	4564.504699114713	20.054813733324
1	15132	4581.080691835381	24.904277044815
1	15152	4587.169405693309	25.197788540159
1	15154	4587.449582386065	3.884039536351
1	15161	4589.561809235836	17.268957758671
1	15175	4595.548993282721	6.380691590487
1	15178	4596.601651486943	29.516463531181
1	15180	4597.712318218082	3.059843350202
1	15244	4621.926617350081	15.683143518515
1	15252	4623.093900129085	22.728215591866
1	15256	4624.566829484658	46.588904026199
1	15317	4640.873372487725	17.955792436841
1	15324	4642.964269081365	31.564952684799
1	15347	4651.080459948868	33.856833876115
1	15355	4653.662060890815	3.053387085907
1	15373	4658.576034145083	2.51698767615
1	15379	4660.52928656724	31.916587857413
1	15399	4665.63856254472	31.09563229862
1	15410	4668.710134972705	23.450121589588
1	15429	4673.421415446213	12.147175124032
1	15472	4686.411912474665	46.336581803274
1	15495	4692.297726638966	25.987018449813
1	15514	4696.820505614163	19.527964614565
1	15547	4705.224954859705	33.685040021897
1	15560	4709.391130774165	26.567967388426
1	15578	4713.837413596925	25.455982847839
1	15580	4714.172056049577	15.024210013216
1	15592	4716.484726422119	5.886214260593
1	15640	4731.116352981074	37.168869119019
1	15667	4737.447691333483	21.554638676345
1	15682	4741.158332169059	36.532265363494
1	15688	4743.308382775406	21.553959124257
1	15720	4752.233019630427	13.858769112499
1	15744	4759.26337402547	15.328709727153
1	15746	4759.382992729312	32.20221240306
1	15752	4760.363123527382	11.344873123454
1	15781	4768.789567840169	35.906495430387
1	15793	4771.789092849244	17.342570762383
1	15825	4781.688677527828	21.607782397303
1	15856	4789.516860208477	23.616180444137
1	15858	4789.545887114249	12.446859396528
1	15860	4790.180508932451	7.194740237785
1	15881	4801.003884644601	29.491997901003
1	15910	4810.318588909696	21.387984369416
1	15923	4813.016778613909	7.659112117719
1	15928	4814.609311574141	19.949611606309
1	15944	4820.587078719752	10.09947434708
1	15988	4833.928719543273	34.0924956362
1	16004	4838.674165854	11.196951355552
1	16012	4841.483726918699	3.370221159187
1	16030	4848.166835775019	32.082647705101
1	16040	4851.021924679168	29.020136075558
1	16043	4851.737894736582	2.258382911677
1	16066	4859.473149212313	15.586983043235
1	16098	4869.533132633893	36.723580693591
1	16148	4882.722737641193	22.246481981477
1	16159	4886.906813484966	31.881005579952
1	16187	4893.986133280563	27.874651339254
1	16218	4904.132536238411	32.80974114884
1	16251	4912.322789645054	30.452435635491
1	16272	4918.139467757434	30.431196446766
1	16276	4918.872452277573	25.996260711803
1	16299	4924.819924903687	26.057042356464
1	16333	4933.245267518799	56.773492484353
1	16345	4936.800682050293	10.760225058183
1	16357	4939.407305486848	24.42378047539
1	16366	4942.387553430052	33.151238131224
1	16429	4959.214288497349	54.979647198462
1	16434	4961.102606415169	23.984913730878
1	16437	4961.138465030591	29.182736285967
1	16445	4963.936024849766	43.605576849305
1	16459	4967.196206490745	8.155303398148
1	16506	4980.956359929757	10.474216311588
1	16532	4987.837196500505	40.312809257765
1	16535	4988.574256946221	35.415313031876
1	16543	4990.635985597385	14.936883064565
1	16546	4992.113544801139	49.595311340064
1	16567	4997.200237477783	15.526528803981
1	16593	5003.572406084279	11.261072420748
1	16649	5020.268442629958	55.692762190595
1	16656	5022.863289503619	35.968996744606
1	16675	5027.689688755434	30.198973922524
1	16702	5035.904096313175	15.687914167883
1	16707	5036.996016252438	28.057194252381
1	16713	5038.356669196167	34.892554344381
1	16715	5038.67603923043	7.288257392706
1	16738	5045.727871155135	2.697218614165
1	16761	5053.155394803851	38.463156651822
1	16800	5063.031700906462	25.710068713292
1	16802	5064.103509864311	37.912562677176
1	16818	5068.524006685243	19.596520297695
1	16833	5072.699764871277	13.330510418169
1	16837	5074.426483301679	9.663154053967
1	16840	5074.838918808964	5.022616903646
1	16851	5080.49897284503	26.534935592672
1	16907	5098.802437024658	17.80569814751
1	16933	5106.619706722445	31.051878389672
1	16939	5108.344607502221	15.898491338592
1	16951	5111.404728435911	2.914101953385
1	16957	5113.208848729845	26.562209338763
1	17013	5128.975492599653	15.106360891601
1	17031	5133.158612924512	30.329355669557
1	17034	5133.815640948833	36.088482924624
1	17048	5136.66943219386	12.615412281248
1	17051	5137.305773348082	7.625646559056
1	17056	5138.199517749949	19.211149337236
1	17065	5143.219755058875	8.498858378734
1	17068	5145.23726033594	5.204204603913
1	17128	5167.335661649704	11.077909637708
1	17144	5171.44914158166	25.721311068978
1	17187	5183.500735195702	10.70120221551
1	17197	5185.869573346686	35.01454564824
1	17220	5192.714286219444	30.749501709709
1	17227	5194.47381315101	5.829955296359
1	17238	5198.326896686457	30.668907148648
1	17264	5206.117899710312	28.311638528714
1	17302	5215.482414122787	21.194760938524
1	17325	5222.25200444844	17.75198576122
1	17333	5225.253041118962	25.841610513275
1	17360	5230.858887972539	16.22434003418
1	17363	5231.256575112347	10.734252282768
1	17371	5234.217107101339	3.395735592345
1	17375	5235.918399585295	52.289569188027
1	17438	5253.237595518586	11.403344253545
1	17451	5257.880936373723	32.105698645814
1	17464	5263.087724175188	4.186578253401
1	17479	5267.190544578945	31.100601346698
1	17489	5269.863011958894	60.294414372069
1	17517	5276.676724298159	7.444361472037
1	17520	5276.991867309204	29.996575941333
1	17524	5278.336463547078	14.326795584754
1	17528	5279.923762189342	26.934088225129
1	17544	5285.987635805854	5.677623957512
1	17555	5292.585403468811	17.369213994245
1	17595	5306.033092051512	14.93662421382
1	17646	5320.237909420507	34.376705985862
1	17648	5320.904896661408	18.906449590577
1	17665	5328.171765089268	20.889309092424
1	17675	5330.122796610931	33.360263711541
1	17681	5331.276404776144	13.087750334756
1	17713	5340.275769468166	10.924384424929
1	17736	5346.916048820133	23.324856770226
1	17768	5355.879056426001	42.889752715595
1	17788	5360.040266463303	15.086192998338
1	17803	5364.091158735334	24.329809590475
1	17817	5367.004181705417	32.549234495266
1	17849	5376.99511318456	26.430231816251
1	17859	5379.289655919189	23.401708205697
1	17862	5379.650254940965	18.704620518373
1	17897	5388.735362967594	17.204114552704
1	17899	5389.26187803154	23.134739062051
1	17909	5392.333392996806	10.071856020715
1	17954	5405.533037791264	28.30073942966
1	18008	5420.710594522766	32.857662625842
1	18034	5427.650956884378	34.762195610326
1	18038	5428.837554112545	19.913667382907
1	18043	5430.424353652753	11.119224738914
1	18049	5431.152807296952	32.743871899088
1	18055	5432.620243912563	1.973554940196
1	18091	5445.736662594717	42.190295414881
1	18106	5449.366731065209	13.213318211376
1	18110	5450.725891292676	25.949621424194
1	18140	5458.960691664833	44.846601413329
1	18144	5460.327177730972	12.945269732155
1	18153	5463.370911678417	4.602497328656
1	18155	5463.790347392903	22.223214583704
1	18192	5475.809964567072	22.50981813704
1	18226	5486.492676603492	17.607935594046
1	18244	5492.145990207791	12.322856614599
1	18249	5494.749416339794	20.288411694696
1	18252	5497.112399101605	33.276685835675

