version 3
run General-18-20240428-16:41:49-11318
attr configname General
attr datetime 20240428-16:41:49
attr datetimef 20240428-164149
attr experiment General
attr inifile omnetpp.ini
attr iterationvars $0=false
attr iterationvarsd false
attr iterationvarsf false-
attr measurement $0=false
attr network Supermarket
attr processid 11318
attr repetition 8
attr replication #8
attr resultdir results
attr runnumber 18
attr seedset 8
config network Supermarket
config repeat 10
config seed-set 8
config num-rngs 10
config **.use_random_strategy false

vector 0 Supermarket queueSizeOverTime:vector ETV
attr recordingmode vector
attr source updateQueue
attr title queueSizeOverTime
vector 1 Supermarket customerWaitingTime:vector ETV
attr interpolationmode none
attr recordingmode vector
attr source customerFinished
attr title "cust waiting time"
0	7	5.521915714955	1
0	14	11.051358074416	1
0	20	15.484542106161	0
0	25	16.736508277478	1
0	36	22.041194577003	1
0	51	27.903086195234	1
0	61	31.237173283006	0
0	70	33.3207961109	1
0	90	38.353144190041	2
0	99	41.386561890714	0
0	109	43.429931363323	1
0	113	44.285752497845	0
0	128	49.312586921499	1
0	136	51.835913857564	0
0	143	54.416109677169	0
0	147	54.514250194886	1
0	152	56.235066539958	1
0	163	59.920326554681	1
0	173	62.962515275109	0
0	177	64.723908206098	0
0	182	65.510309597942	1
0	196	70.670624978141	1
0	216	76.437138969311	2
0	222	77.954611980474	1
0	230	79.983647863033	0
0	233	80.526579253141	0
0	240	82.209330313839	1
0	242	82.838526471866	0
0	255	87.758206186118	1
0	272	93.635460482678	1
0	283	97.030950878511	0
0	285	97.134721995681	0
0	293	99.152820547112	1
0	298	102.168609684798	0
0	307	104.275738872356	1
0	316	108.418178497929	0
0	321	109.88948784792	1
0	337	115.104972397211	1
0	345	117.815337251057	0
0	348	118.450232571456	0
0	356	121.080577136484	1
0	362	123.338358024718	0
0	372	126.414662161144	1
0	376	128.624800184275	0
0	380	129.699674561039	0
0	386	131.526881335304	1
0	399	136.527706737398	1
0	417	142.486375031062	1
0	430	146.582655183388	0
0	437	147.982835872099	1
0	439	148.528005541885	0
0	441	148.766598614166	0
0	452	153.582410367672	1
0	460	157.502734125476	0
0	468	158.768809067552	1
0	477	162.292894455721	0
0	485	164.581083680038	1
0	501	170.066948508612	1
0	514	175.166784768808	0
0	521	176.055814050372	1
0	541	181.373682836537	2
0	546	182.469993753706	0
0	548	183.427433366772	1
0	559	186.927778154379	1
0	561	187.186596825604	0
0	568	189.79862352158	0
0	576	192.51685682009	1
0	589	197.697400075617	1
0	609	203.487014921383	2
0	621	207.519538932365	0
0	629	209.107243011474	1
0	649	214.577016174794	2
0	651	214.92141267669	0
0	655	215.860945454683	1
0	657	216.054633308669	1
0	671	220.347159523285	1
0	676	222.198661627365	0
0	688	225.666588795605	1
0	700	229.136225137977	0
0	705	230.582177928766	0
0	709	231.315276912182	1
0	723	236.451731795912	1
0	744	242.235056751409	2
0	760	247.012389364071	0
0	767	248.182242250537	1
0	776	250.741155017867	0
0	782	252.704773866221	1
0	787	253.50866965158	1
0	793	254.932545952967	0
0	804	258.824732285227	1
0	827	264.325457890519	2
0	831	265.325974854759	0
0	845	269.547582979781	1
0	849	270.535466167147	0
0	863	274.712256692817	1
0	870	276.668456182001	1
0	884	280.45803961903	0
0	888	280.491793154275	1
0	908	285.973376451528	2
0	927	291.176446098138	2
0	941	295.060187434664	0
0	946	297.005475931568	0
0	950	297.048393670937	1
0	956	300.22244736762	1
0	959	300.949351221673	1
0	966	302.956373690397	1
0	974	305.534026150012	0
0	976	305.713796709084	0
0	984	308.148693734549	1
0	1001	313.769133489348	1
0	1006	315.854596745806	0
0	1016	318.898941121764	1
0	1028	322.614127690907	0
0	1033	324.270965636593	0
0	1037	324.673303239282	1
0	1053	330.595084047878	1
0	1056	331.927376583221	0
0	1060	332.85609270353	0
0	1070	336.58941479237	1
0	1081	340.765684416985	0
0	1088	342.576048551828	1
0	1089	342.591697913949	0
0	1100	347.983288011982	1
0	1108	351.769551318722	0
0	1115	353.267547258877	1
0	1127	358.252291256447	0
0	1133	358.900796902834	1
0	1134	359.012311790024	0
0	1147	364.306371940535	1
0	1153	366.820697323304	0
0	1163	370.058513322149	1
0	1176	375.672356502156	0
0	1180	376.038825920087	1
0	1184	377.484717217391	0
0	1196	381.623339006913	1
0	1211	387.210992570504	1
0	1218	389.265894977496	0
0	1225	391.489093679588	0
0	1231	392.928247037114	1
0	1242	396.786677024445	0
0	1248	398.588227769829	1
0	1254	400.921577309843	0
0	1261	403.9056479116	1
0	1268	407.123578791512	0
0	1272	408.355713362342	0
0	1277	409.391138266775	1
0	1286	414.666861262874	1
0	1288	414.894609747691	0
0	1300	420.599720127651	1
0	1317	426.357236060084	1
0	1322	427.937635646437	0
0	1339	432.318041605645	1
0	1356	437.511034151076	2
0	1357	437.524900012537	0
0	1374	443.274867889939	0
0	1378	443.350473389963	1
0	1379	444.050526813955	0
0	1390	448.40661244374	1
0	1406	454.208196813476	1
0	1417	457.959151138089	1
0	1425	459.32171733212	2
0	1444	464.399676956239	2
0	1450	466.006628543837	0
0	1456	467.955602567179	1
0	1464	469.6091967891	1
0	1487	475.603726551405	2
0	1498	479.439041823617	1
0	1501	479.98897355737	0
0	1507	480.693952247503	1
0	1525	485.848893301098	2
0	1540	489.411611475751	0
0	1545	490.934653799867	1
0	1550	491.629264087651	1
0	1571	497.44402730046	2
0	1585	501.53672339744	0
0	1591	502.450084589191	1
0	1593	503.075961246274	1
0	1595	503.321309541005	1
0	1601	504.815049628497	0
0	1607	505.79951877019	0
0	1613	507.822894662621	1
0	1630	513.018689424966	1
0	1649	518.578601029704	2
0	1652	518.915648532685	1
0	1663	522.263937518701	0
0	1670	523.973528543024	1
0	1679	527.14288902609	0
0	1687	529.619229049424	1
0	1688	529.688485751863	0
0	1703	535.187778047288	1
0	1721	540.259042185733	2
0	1734	544.104616357016	0
0	1736	544.240078805365	0
0	1742	545.621412892595	1
0	1744	546.251983508004	1
0	1758	551.208822744668	1
0	1777	556.495470149212	2
0	1782	557.563834453935	1
0	1791	560.162170696424	0
0	1799	562.253970525463	1
0	1809	565.274704951213	0
0	1820	567.871661212531	1
0	1837	572.978833664677	2
0	1838	573.203091731296	0
0	1840	573.718876963716	1
0	1845	574.606273324115	0
0	1849	576.941334432574	0
0	1854	578.970387257871	1
0	1864	584.399722191741	1
0	1879	590.27590512601	1
0	1884	591.702409131922	0
0	1892	594.214878832809	0
0	1896	595.88801654277	0
0	1900	595.930154084929	1
0	1901	596.994520145587	0
0	1908	601.155564509335	1
0	1909	602.27759144013	0
0	1916	606.894896965244	1
0	1921	611.652702050753	0
0	1926	612.174959259343	1
0	1937	617.451710508673	1
0	1942	619.68248103501	0
0	1951	622.780107157773	1
0	1953	623.652491342162	0
0	1965	628.491477017061	1
0	1968	630.205210692368	0
0	1977	633.690165442883	1
0	1992	639.054541826949	1
0	1994	639.540432628596	0
0	2012	644.216630280719	1
0	2031	649.280638955303	2
0	2039	651.304195249457	0
0	2044	652.373504944265	1
0	2047	652.594833397427	0
0	2054	655.117417864038	1
0	2059	657.28163873067	0
0	2067	660.63410377037	1
0	2068	661.211002017373	0
0	2079	666.056098859061	1
0	2083	667.994098051803	0
0	2085	668.492152713709	0
0	2091	671.515134189979	1
0	2102	677.478904891995	1
0	2109	680.231761653909	0
0	2116	682.540363410258	1
0	2126	686.725736150754	0
0	2131	688.060191943779	1
0	2132	688.088278738436	0
0	2144	693.483990405689	1
0	2150	696.221388589711	0
0	2159	699.03070569807	1
0	2160	699.743173394472	0
0	2172	704.879914377819	1
0	2187	710.637505481023	1
0	2203	716.207807315283	0
0	2207	716.496330563681	1
0	2232	722.490482487952	2
0	2244	726.220121405324	0
0	2252	728.334039739802	1
0	2258	729.98371927161	1
0	2268	732.989723264475	0
0	2274	733.468500217193	1
0	2277	734.065099613858	0
0	2292	738.796511634954	1
0	2299	740.968149415684	0
0	2304	743.452411196081	0
0	2310	744.200856158512	1
0	2312	745.157261515621	0
0	2317	747.103674500833	0
0	2321	749.497371430395	0
0	2325	749.650738553146	1
0	2332	755.287827177441	1
0	2341	760.451310951498	1
0	2359	766.2305893451	1
0	2364	767.974238275785	0
0	2379	772.161660161105	1
0	2396	777.349000328456	2
0	2399	777.955473822076	0
0	2412	782.679408475527	1
0	2414	782.983053590868	1
0	2425	786.556588023439	0
0	2430	788.11262991675	0
0	2434	788.168610916476	1
0	2447	793.410232419734	0
0	2452	794.046915736518	1
0	2454	795.126120643925	0
0	2465	799.880912154916	1
0	2479	805.707983311036	1
0	2500	811.015535346701	2
0	2509	813.428810751536	0
0	2519	816.247735866581	1
0	2529	819.081604100534	0
0	2532	819.990934900364	1
0	2534	820.28143878293	0
0	2540	822.119373325727	1
0	2541	822.361495989498	0
0	2554	827.791369796733	1
0	2564	831.84799138224	0
0	2572	833.451501092177	1
0	2584	838.529872291609	0
0	2588	838.706560088556	1
0	2602	844.398087239826	1
0	2606	846.008124070825	0
0	2611	847.17910420266	0
0	2618	849.699568513084	1
0	2619	849.881977912274	0
0	2627	854.460083982094	0
0	2632	855.361473283732	1
0	2642	861.06378080859	1
0	2657	866.773085766241	1
0	2668	870.29874918703	0
0	2674	871.83250876982	1
0	2693	877.32248885755	0
0	2697	877.371012803868	1
0	2713	881.843196131408	0
0	2718	883.005710502623	1
0	2720	883.163924290103	0
0	2723	884.228229675094	0
0	2734	888.958637433129	1
0	2735	889.383144069233	0
0	2739	891.048274796575	0
0	2746	894.722650525395	1
0	2759	900.60424849787	1
0	2768	903.963724293516	0
0	2774	905.745142820293	1
0	2789	910.745337860893	1
0	2807	916.414135348286	2
0	2812	917.500302862729	1
0	2830	922.18896816671	2
0	2839	924.74603769323	0
0	2850	927.907554297709	1
0	2860	931.578351063541	0
0	2868	933.465375329136	1
0	2877	936.05069739034	0
0	2879	936.431295752062	1
0	2885	938.217783760046	0
0	2891	939.170380272904	1
0	2892	939.528968173082	0
0	2894	939.672013072066	0
0	2902	944.25279728626	1
0	2915	949.33913645032	1
0	2917	949.94598000427	0
0	2929	954.546052358115	1
0	2932	956.433634438553	0
0	2941	959.916744994467	1
0	2950	963.857632447501	0
0	2956	965.483460185818	1
0	2967	971.036651600154	0
0	2971	971.117417102215	1
0	2980	974.157206046862	0
0	2986	977.006899859059	1
0	3005	982.293251573342	1
0	3007	982.423470863609	0
0	3010	983.403625227514	0
0	3021	987.35346636735	1
0	3033	992.057325387491	0
0	3038	992.821350828513	1
0	3054	998.110278755661	1
0	3058	999.543983480312	0
0	3073	1004.015057578219	1
0	3074	1004.315544214103	0
0	3076	1004.540703196546	0
0	3087	1009.839271750653	0
0	3091	1009.867499259535	1
0	3095	1013.07530192868	0
0	3102	1015.62435614085	1
0	3106	1018.263480424184	0
0	3113	1021.570556289518	1
0	3124	1026.930141767954	1
0	3137	1031.980843279512	1
0	3157	1037.972721683561	2
0	3177	1043.333632508992	2
0	3178	1043.365164130812	0
0	3190	1047.136678612211	1
0	3193	1047.478489912581	1
0	3198	1048.992128611543	1
0	3208	1051.805005912317	0
0	3218	1054.011032026262	1
0	3238	1059.450779218926	2
0	3244	1061.832023452851	0
0	3254	1064.474102585576	1
0	3259	1064.671311805724	1
0	3279	1069.910413493636	2
0	3286	1072.081298007051	0
0	3295	1075.023055038533	0
0	3301	1075.897668777035	1
0	3314	1081.285843649415	1
0	3320	1083.399288716261	0
0	3327	1085.431444614429	0
0	3333	1086.940127512674	1
0	3335	1088.026365297032	1
0	3347	1091.962433781476	1
0	3358	1095.613168033073	0
0	3370	1097.755274818746	1
0	3389	1102.79167684517	2
0	3400	1105.866543496612	0
0	3406	1107.335168143038	0
0	3410	1108.192170802505	1
0	3428	1113.525842284785	1
0	3433	1115.601540800302	0
0	3435	1115.895434641397	1
0	3448	1119.370133067482	1
0	3467	1124.500718349592	2
0	3474	1126.148209588603	1
0	3492	1130.462421484525	2
0	3502	1134.013746379176	0
0	3504	1134.014906934695	0
0	3507	1135.201991627692	1
0	3511	1136.238495769911	1
0	3526	1141.949689487229	1
0	3532	1143.303801052275	0
0	3547	1147.387478197926	1
0	3553	1149.777947751455	0
0	3561	1152.417258969509	1
0	3575	1156.159344004001	0
0	3582	1157.770539261634	1
0	3601	1162.90870991163	2
0	3606	1164.317054936199	0
0	3618	1168.836947266246	1
0	3625	1171.099231649424	0
0	3627	1171.363440452726	1
0	3637	1174.349350802368	1
0	3638	1174.491720264428	0
0	3653	1179.478906124132	1
0	3656	1180.100146837415	0
0	3670	1184.589368265355	1
0	3680	1187.058289008797	0
0	3691	1190.21513870405	1
0	3693	1190.590160486056	0
0	3710	1195.961860138923	1
0	3726	1200.405090311426	0
0	3731	1201.052098512417	1
0	3749	1206.562562034931	2
0	3761	1209.844648638738	1
0	3773	1212.256000689929	2
0	3778	1213.615513384224	0
0	3793	1218.198622089577	1
0	3803	1221.171903409412	0
0	3806	1221.601397980936	0
0	3810	1223.734537412994	0
0	3814	1223.988726284587	1
0	3828	1229.81851193658	1
0	3833	1232.628211116534	0
0	3841	1235.032381389755	1
0	3842	1235.530755112646	1
0	3857	1240.096761885797	1
0	3874	1245.586249125422	2
0	3895	1250.642831931821	2
0	3910	1255.264523182297	1
0	3915	1255.784324573585	2
0	3918	1256.996394591406	1
0	3922	1257.888606863561	0
0	3930	1260.83962641016	0
0	3932	1261.571824254817	0
0	3937	1261.781240354757	1
0	3941	1264.624134150215	1
0	3949	1267.276760386069	1
0	3956	1270.035535102474	0
0	3965	1272.471794269046	1
0	3981	1278.305760276502	1
0	4003	1283.806179909267	2
0	4006	1285.059204773511	0
0	4016	1287.514629058423	1
0	4018	1287.692418421734	0
0	4024	1288.892478796885	1
0	4040	1294.223441194742	1
0	4051	1298.133081648034	0
0	4059	1299.765788449206	1
0	4081	1305.283104101427	2
0	4087	1307.3850252151	0
0	4101	1311.116332070667	1
0	4103	1311.591346427915	0
0	4111	1314.712424218304	1
0	4118	1316.603887787552	1
0	4138	1322.384819330878	2
0	4153	1326.583639321149	0
0	4160	1328.310977279439	1
0	4164	1329.538280277162	0
0	4178	1334.044662755679	1
0	4185	1336.361673716803	1
0	4197	1339.237375313181	2
0	4219	1344.529168132225	2
0	4223	1345.51302109612	1
0	4225	1345.987898781777	0
0	4232	1348.103026977739	0
0	4238	1349.642065892227	1
0	4246	1352.700289492377	1
0	4257	1355.480396241879	1
0	4273	1360.109202481106	0
0	4278	1360.523628330555	1
0	4283	1361.788153034168	0
0	4288	1362.945355345377	0
0	4295	1365.842863184864	1
0	4312	1371.287975818849	1
0	4321	1374.023605048538	0
0	4327	1375.104632015802	0
0	4332	1376.375861218198	1
0	4351	1382.314096899469	1
0	4352	1382.92901392083	0
0	4355	1383.594946609691	0
0	4368	1388.304092284756	1
0	4373	1390.876836908863	0
0	4381	1393.344414105172	1
0	4397	1399.344137432052	1
0	4400	1400.732711056358	0
0	4413	1404.820927297462	1
0	4415	1405.390114624634	0
0	4423	1407.718961237345	0
0	4430	1410.774186061461	1
0	4448	1416.616958854951	1
0	4460	1420.466442336327	0
0	4462	1421.661439345566	0
0	4468	1422.083301638251	1
0	4482	1427.158847655168	1
0	4499	1432.123763983485	0
0	4504	1432.218688884283	1
0	4507	1433.210556322474	0
0	4509	1433.415431073283	0
0	4519	1437.34186880174	1
0	4533	1442.578502916963	1
0	4537	1443.960939136214	0
0	4541	1444.856858211919	0
0	4547	1447.895727516266	0
0	4551	1448.3615669969	1
0	4563	1454.121524326969	1
0	4570	1457.456152858329	0
0	4577	1459.33973377943	1
0	4587	1463.132656825357	0
0	4595	1465.170637976378	1
0	4602	1468.270521773141	0
0	4605	1469.382683682488	0
0	4610	1470.179955348139	1
0	4619	1475.36455785809	1
0	4633	1480.752473673782	1
0	4652	1486.134912840788	2
0	4656	1487.30235940509	0
0	4669	1491.557240776018	1
0	4687	1496.783995261765	0
0	4692	1497.205088530899	1
0	4706	1500.430923235021	1
0	4709	1500.786134981199	0
0	4717	1502.58523361897	1
0	4729	1506.754896831695	0
0	4736	1508.138148273573	1
0	4745	1511.482855169101	0
0	4754	1513.941972905769	1
0	4770	1518.318692439584	0
0	4777	1519.042238302994	1
0	4791	1524.086685388697	0
0	4797	1524.697386208688	1
0	4808	1528.352365492027	0
0	4813	1529.591065880259	0
0	4818	1529.796220945659	1
0	4820	1531.276778850237	0
0	4830	1535.40665740962	1
0	4831	1535.678604139947	0
0	4843	1540.952745484885	1
0	4858	1546.113239575641	1
0	4879	1551.482721253529	2
0	4888	1554.227686648257	0
0	4900	1556.96433410188	1
0	4904	1558.105562301586	1
0	4910	1560.428168833256	0
0	4914	1561.471867978922	0
0	4917	1561.994392040882	0
0	4922	1562.869435866362	1
0	4925	1564.661146766388	0
0	4931	1568.366080996113	1
0	4943	1573.524750401031	1
0	4951	1576.871537864789	0
0	4959	1578.531886691924	1
0	4961	1579.760318004524	0
0	4969	1583.511323537908	0
0	4974	1584.434200908521	1
0	4985	1589.484218836061	1
0	4989	1591.008569141149	0
0	5000	1595.118030479874	1
0	5013	1600.334611375115	1
0	5033	1605.61654973705	2
0	5036	1605.801829111065	0
0	5038	1606.381110988788	1
0	5055	1611.173000145701	1
0	5067	1615.108014832015	0
0	5076	1616.562324569791	1
0	5079	1617.636441200387	0
0	5084	1619.214120383838	0
0	5091	1621.583657475652	1
0	5108	1627.060564598299	1
0	5110	1628.171173197915	0
0	5119	1630.696263693852	0
0	5126	1632.513729659372	1
0	5142	1637.754428546407	1
0	5164	1643.20187295973	2
0	5166	1643.788905860155	0
0	5169	1644.07676684961	1
0	5182	1648.829303834817	1
0	5185	1649.530567120992	0
0	5199	1653.897303429429	1
0	5214	1658.481276388161	0
0	5222	1659.809758644781	1
0	5230	1661.926507475319	0
0	5235	1663.6283865259	0
0	5238	1664.377003729107	0
0	5242	1665.118003853594	1
0	5253	1670.252377630674	1
0	5269	1675.871652100232	1
0	5274	1677.016131835988	0
0	5288	1681.064235861177	1
0	5301	1684.638778639954	0
0	5308	1686.123055766566	1
0	5309	1686.387854284607	0
0	5329	1692.011196784905	1
0	5330	1692.426598393473	0
0	5346	1697.062918528679	1
0	5360	1701.420235265743	0
0	5364	1702.164686130357	0
0	5368	1702.38200096972	1
0	5382	1707.540139309826	1
0	5387	1709.519704144095	0
0	5395	1712.518959644713	0
0	5401	1713.442943439583	1
0	5410	1717.160201031244	0
0	5415	1718.468530680981	1
0	5428	1724.203123182986	1
0	5449	1729.543119683625	2
0	5460	1732.678383832095	1
0	5470	1734.6281812333	2
0	5472	1734.923819786052	0
0	5489	1740.377937708279	1
0	5490	1740.840647637027	0
0	5510	1746.125071525803	1
0	5517	1748.547984424509	0
0	5528	1751.481260779077	1
0	5529	1751.95484406745	1
0	5546	1756.87782209599	2
0	5567	1762.621980071995	2
0	5579	1766.152910433706	0
0	5589	1768.189542778764	1
0	5607	1773.564628676042	2
0	5611	1774.347196243349	0
0	5619	1776.474179010135	1
0	5625	1778.29055120318	1
0	5630	1778.804787611818	1
0	5646	1783.648479402527	0
0	5652	1784.788758191509	1
0	5672	1790.068791820664	2
0	5675	1791.350446684746	0
0	5685	1794.773712772523	1
0	5688	1795.448375214	1
0	5693	1795.812245790377	1
0	5695	1796.352348903191	0
0	5711	1800.87341356766	1
0	5733	1806.345658659698	2
0	5738	1807.719556090069	0
0	5748	1810.282880903913	1
0	5755	1811.814667261434	1
0	5757	1812.251024082068	0
0	5771	1817.163460734876	0
0	5775	1817.343636047556	1
0	5780	1818.788651952515	0
0	5783	1820.715569709652	0
0	5789	1823.08731897431	1
0	5790	1824.01339626044	0
0	5799	1828.458376566875	1
0	5810	1834.114865343315	1
0	5817	1837.061146802497	0
0	5825	1839.986864516274	1
0	5835	1844.279793353863	0
0	5840	1845.696316333483	1
0	5842	1845.815501788627	0
0	5854	1851.429347039894	1
0	5871	1857.119472845685	1
0	5879	1859.889977743264	0
0	5883	1861.287151574851	0
0	5889	1862.438630566461	1
0	5905	1868.202388762724	1
0	5925	1873.697863403703	2
0	5943	1878.783040847857	2
0	5952	1880.937020474225	1
0	5964	1884.175235849567	2
0	5981	1889.8675991944	0
0	5985	1890.062591997668	1
0	5996	1893.278965579106	1
0	5998	1893.565000048833	0
0	6007	1895.175484225148	1
0	6016	1898.329562967521	1
0	6018	1898.374632681015	0
0	6021	1899.292674571503	0
0	6028	1901.064478630427	1
0	6043	1906.332585406949	1
0	6046	1907.111610466143	0
0	6060	1911.363024419167	1
0	6082	1916.899898275494	2
0	6098	1921.991593742272	0
0	6103	1922.515391848044	1
0	6124	1928.058990185376	2
0	6125	1928.204193745386	0
0	6133	1930.874658914389	0
0	6141	1933.105561640806	1
0	6156	1938.76702599902	1
0	6160	1940.6319654138	1
0	6166	1942.088349770166	1
0	6177	1944.689085424871	2
0	6184	1946.940573737135	0
0	6197	1950.303402579383	1
0	6199	1951.125845787924	0
0	6205	1952.738396166351	0
0	6214	1955.355520943173	1
0	6229	1960.383561865886	1
0	6244	1965.541707427119	0
0	6248	1965.665741794271	1
0	6261	1969.687530664021	1
0	6263	1969.744033004966	0
0	6266	1970.699161573655	0
0	6271	1971.431791859673	1
0	6272	1971.515850021963	0
0	6284	1976.688487320667	1
0	6300	1982.554685953649	0
0	6304	1982.58541669533	1
0	6317	1987.640211734682	1
0	6339	1993.43208735878	2
0	6348	1995.504355835259	1
0	6363	1999.399607479799	2
0	6378	2003.633026277405	0
0	6386	2005.22486172709	1
0	6388	2005.615458385081	0
0	6392	2006.229640040541	0
0	6397	2009.087560140177	1
0	6402	2010.708164210425	1
0	6419	2016.668041955673	1
0	6425	2018.956850530114	0
0	6430	2020.482260949787	0
0	6437	2022.565655583276	1
0	6452	2027.928244871546	1
0	6457	2029.925037354457	0
0	6466	2033.404790184918	0
0	6472	2033.926703138503	1
0	6478	2036.132971603766	0
0	6481	2036.667758754681	0
0	6486	2039.289159966859	1
0	6497	2044.74159983638	1
0	6505	2048.055930870927	0
0	6512	2050.458565560861	1
0	6528	2055.73379574436	1
0	6544	2060.384459832327	0
0	6549	2060.969934010406	1
0	6568	2066.047499381465	2
0	6574	2067.790756597292	0
0	6584	2071.131194417475	0
0	6588	2071.833805360359	1
0	6602	2076.846420264796	1
0	6620	2082.263605058303	0
0	6624	2082.270588630105	1
0	6645	2087.643222102423	2
0	6647	2087.958711416688	1
0	6665	2092.993504739825	2
0	6668	2093.864555774597	1
0	6686	2098.049648710287	2
0	6698	2101.06381333444	0
0	6706	2103.401189407561	0
0	6710	2103.711847136722	1
0	6722	2109.153720795986	0
0	6728	2109.536810433951	1
0	6736	2113.111574390315	1
0	6744	2115.052186622278	1
0	6764	2120.445074259064	2
0	6767	2120.737988897241	1
0	6789	2126.206676994211	2
0	6804	2129.645414341928	1
0	6814	2131.653058476507	2
0	6822	2133.925896789867	1
0	6829	2135.794425513824	1
0	6836	2137.415323124959	2
0	6845	2139.511252724439	0
0	6855	2142.744410656852	1
0	6862	2145.863117882974	0
0	6872	2148.226895998924	1
0	6881	2151.103849044759	1
0	6888	2152.714487186161	0
0	6894	2153.502614422695	1
0	6895	2154.03384493	0
0	6909	2158.663301937975	0
0	6915	2159.094967599719	1
0	6932	2164.793422060547	1
0	6950	2170.309576567024	2
0	6955	2171.797832857693	1
0	6969	2175.349334425753	2
0	6983	2180.279932473198	0
0	6988	2180.53340136655	1
0	7000	2184.278385258972	0
0	7009	2186.124064231751	1
0	7025	2191.588362262347	0
0	7029	2191.973634672578	1
0	7048	2197.504476625233	2
0	7054	2199.013718228665	1
0	7066	2202.415922591456	0
0	7072	2202.985632090124	1
0	7089	2208.075751554913	2
0	7093	2208.864426166511	1
0	7097	2209.932298878786	1
0	7103	2210.983056806138	0
0	7111	2213.442235188087	0
0	7115	2213.476746195222	1
0	7123	2216.250469546295	0
0	7132	2219.171988559414	1
0	7135	2220.37904952524	0
0	7145	2224.901383807177	1
0	7159	2230.039377230445	1
0	7181	2235.955538375529	2
0	7187	2238.582558717574	0
0	7197	2240.964587365503	1
0	7214	2246.145647580728	1
0	7218	2246.188316213891	2
0	7239	2251.444748237955	2
0	7243	2252.678282107801	1
0	7247	2253.129196593065	0
0	7255	2255.660839655546	1
0	7262	2256.951821719755	1
0	7266	2258.608806675408	0
0	7278	2262.115631666493	1
0	7295	2267.260040624293	2
0	7308	2270.217083225951	1
0	7320	2272.910759652026	2
0	7332	2277.187792584173	0
0	7340	2278.570641719962	1
0	7349	2281.313609254655	0
0	7358	2283.750887367169	1
0	7381	2289.690499387907	2
0	7388	2292.371093424029	0
0	7390	2292.512189805385	1
0	7398	2294.815794700517	1
0	7423	2300.771465372986	2
0	7432	2303.999777899467	1
0	7437	2305.576965644367	1
0	7442	2305.865533967496	2
0	7461	2311.361558996135	0
0	7466	2311.864668159274	1
0	7486	2317.691698434524	2
0	7506	2322.740948368789	0
0	7510	2322.825711291278	1
0	7515	2323.88895918044	1
0	7533	2328.794770075469	2
0	7540	2330.614695414895	0
0	7544	2331.539565327222	1
0	7552	2334.046890320484	1
0	7557	2335.189818020325	0
0	7570	2339.202909003938	1
0	7578	2341.289322418503	0
0	7588	2344.301803042408	1
0	7589	2344.386892227564	1
0	7604	2348.366349043785	0
0	7611	2349.458450470114	1
0	7624	2353.395451793439	0
0	7632	2355.268793455785	1
0	7633	2355.307626932736	0
0	7642	2358.597191853559	0
0	7648	2360.411453321803	1
0	7661	2365.891294516616	0
0	7666	2366.05942203686	1
0	7679	2371.086726021482	1
0	7700	2376.551067684073	2
0	7703	2377.169200564961	0
0	7721	2382.365514029976	1
0	7724	2383.628701102798	0
0	7738	2387.964713692892	1
0	7745	2390.382442449214	0
0	7752	2393.098731864939	1
0	7756	2393.191629164381	1
0	7773	2398.548138731852	2
0	7795	2404.467977599002	2
0	7809	2408.818802313875	0
0	7816	2409.53347050072	1
0	7822	2411.173668174532	1
0	7833	2414.087678010917	0
0	7839	2415.170900283375	1
0	7846	2416.955143728637	0
0	7858	2420.240028592405	1
0	7863	2420.748977215721	1
0	7879	2425.875770072679	2
0	7897	2431.068510752514	0
0	7902	2431.779398646898	1
0	7909	2434.273986669017	0
0	7919	2436.864924099057	1
0	7925	2438.016080433498	1
0	7932	2439.697439962759	0
0	7944	2442.857112569495	1
0	7955	2446.23560637328	0
0	7964	2448.764382919988	1
0	7985	2454.602506540476	2
0	7989	2456.013739015901	0
0	7996	2458.338982810028	1
0	8004	2460.182390186696	1
0	8023	2465.347972904791	2
0	8026	2466.709560843526	0
0	8040	2470.621915821212	1
0	8058	2476.266251087648	2
0	8070	2480.403887035438	1
0	8074	2480.715098976382	1
0	8080	2481.645588026841	2
0	8095	2487.157868539557	0
0	8101	2487.538286522955	1
0	8118	2492.863425255513	2
0	8124	2494.617766533272	1
0	8139	2497.995947929092	2
0	8144	2499.365974391575	1
0	8160	2503.355219878715	2
0	8174	2507.699442694774	0
0	8181	2509.124549724155	1
0	8182	2509.633922566073	0
0	8188	2511.30602992186	1
0	8199	2514.63768251356	1
0	8202	2514.86170415009	1
0	8207	2516.737120774336	0
0	8221	2520.40258428314	1
0	8228	2522.70136319461	0
0	8235	2524.139197955251	0
0	8242	2526.247917141991	1
0	8249	2528.052216090022	0
0	8258	2531.627846716197	1
0	8271	2536.126909691716	0
0	8273	2537.126081764579	0
0	8277	2537.247427641174	1
0	8287	2542.803085809101	1
0	8299	2547.223578227328	0
0	8307	2548.738438048859	1
0	8321	2554.163765671889	1
0	8334	2558.42406498512	0
0	8341	2559.474017122986	1
0	8351	2562.870581746793	0
0	8353	2563.327178634811	0
0	8361	2564.901616887648	1
0	8375	2570.510676257538	0
0	8379	2570.593008191318	1
0	8385	2572.977654982817	0
0	8395	2576.467997328837	1
0	8402	2579.164843892788	0
0	8411	2582.033207444933	1
0	8415	2583.448454763152	0
0	8427	2588.001150939374	1
0	8440	2593.476984857226	0
0	8444	2593.834796851494	1
0	8454	2598.286040593279	0
0	8459	2599.438695532496	1
0	8477	2605.235490162617	1
0	8482	2607.188423524954	0
0	8488	2609.735657537235	0
0	8494	2611.109599122305	1
0	8497	2611.821027320105	0
0	8509	2616.230785459273	1
0	8514	2618.260996650199	0
0	8517	2618.710397083422	0
0	8524	2621.695631989504	1
0	8536	2627.642518349684	1
0	8551	2632.711561496829	1
0	8570	2637.788264105902	0
0	8574	2637.931215965183	1
0	8593	2643.812573984492	2
0	8607	2647.449811905966	1
0	8615	2648.906223541352	2
0	8622	2650.651233947364	0
0	8624	2651.011846312316	0
0	8628	2652.394507030368	1
0	8636	2654.519708772882	1
0	8638	2655.145458487554	0
0	8648	2660.491368187585	1
0	8666	2666.273472182446	1
0	8683	2671.224616188666	0
0	8688	2671.58462191256	1
0	8697	2674.899248302211	0
0	8706	2676.645929216866	1
0	8723	2681.370914316963	0
0	8727	2681.809414568583	1
0	8746	2686.846984196214	2
0	8765	2692.25753500987	2
0	8766	2692.50568796554	1
0	8789	2697.748227660769	2
0	8791	2698.120233548333	0
0	8800	2701.19974544504	0
0	8806	2703.00030098389	1
0	8807	2703.183400114291	1
0	8824	2708.820253403151	1
0	8842	2714.529214282978	2
0	8845	2714.831556083864	1
0	8860	2719.128729573907	1
0	8867	2720.26076760119	2
0	8873	2722.003868327234	0
0	8876	2723.155428217597	0
0	8883	2725.378779272076	1
0	8889	2727.609343503361	0
0	8899	2731.366828529855	1
0	8916	2737.268148342838	1
0	8932	2742.384397513695	1
0	8938	2743.179993111399	2
0	8961	2749.092459975035	2
0	8972	2752.245734635383	1
0	8979	2754.244657643014	0
0	8985	2754.951737269984	1
0	8995	2757.814863063852	0
0	9004	2760.477152160596	1
0	9008	2760.667373514493	1
0	9029	2766.122832131797	2
0	9035	2767.946828225387	0
0	9050	2772.056705092072	1
0	9051	2772.140845598296	0
0	9069	2777.839300076236	1
0	9071	2778.431023465231	1
0	9081	2781.320353289828	0
0	9089	2783.245122026877	1
0	9109	2788.574671011177	2
0	9111	2788.987868232296	0
0	9122	2792.382497867445	1
0	9129	2794.381426519939	1
0	9135	2796.003691515994	0
0	9143	2798.859662984954	0
0	9147	2799.459786379469	1
0	9148	2799.553222659502	0
0	9156	2803.446949548778	0
0	9161	2804.570803239701	1
0	9170	2809.698946886222	1
0	9178	2813.292067796913	0
0	9184	2814.78072578855	1
0	9198	2819.831694804823	1
0	9214	2824.950925282661	0
0	9219	2825.815820047392	1
0	9233	2829.706771229853	0
0	9242	2831.597374671597	1
0	9248	2834.02223012351	0
0	9262	2837.183555268442	1
0	9271	2840.043400247689	0
0	9280	2842.186943011584	1
0	9292	2846.136877635602	0
0	9300	2847.448724888724	1
0	9302	2848.011208555537	0
0	9308	2850.051404144377	0
0	9319	2853.443667868378	1
0	9326	2856.109288636705	0
0	9334	2859.288815204978	1
0	9342	2862.939691464875	0
0	9349	2864.979160781942	1
0	9351	2865.837807563243	0
0	9361	2870.049561361076	1
0	9378	2875.977574423181	1
0	9398	2881.689540906103	2
0	9407	2884.384662464603	0
0	9411	2885.379006143536	1
0	9418	2886.841879905892	1
0	9430	2891.119364139731	0
0	9438	2892.50827662646	1
0	9449	2896.626720927301	0
0	9457	2898.053026955101	1
0	9466	2901.183234628049	0
0	9475	2903.546669557683	1
0	9489	2908.255412330728	0
0	9496	2909.421324618852	1
0	9497	2909.826189869308	0
0	9513	2915.375359691672	1
0	9514	2915.547858343337	0
0	9533	2921.309279077679	1
0	9540	2924.092722420689	0
0	9552	2926.880253642557	1
0	9560	2929.627118857451	0
0	9565	2931.41670833411	0
0	9568	2932.443439803311	0
0	9572	2932.615951838663	1
0	9577	2935.527918906642	0
0	9584	2938.015076347387	1
0	9593	2943.292547883924	0
0	9597	2943.942021487507	1
0	9608	2949.18375965766	1
0	9614	2951.895607060398	0
0	9623	2954.645369668019	1
0	9637	2959.882314638694	1
0	9656	2965.152860567899	2
0	9657	2965.218798633891	0
0	9667	2968.545819850631	1
0	9675	2970.773557701608	1
0	9695	2975.964972146548	2
0	9714	2981.39487541187	2
0	9720	2983.073642597995	0
0	9725	2984.37117152672	0
0	9734	2987.210926879425	1
0	9741	2989.74540358781	1
0	9743	2989.868105985685	1
0	9747	2991.395682815574	0
0	9752	2992.453897657101	1
0	9758	2995.290640035872	0
0	9769	2998.346088728397	1
0	9781	3003.842804746345	0
0	9786	3004.047249831487	1
0	9788	3005.292308048688	0
0	9800	3009.054426593002	1
0	9803	3010.510976437474	0
0	9812	3014.316387011198	1
0	9819	3017.276386217674	0
0	9825	3019.795845987968	1
0	9837	3024.406044455938	0
0	9843	3025.669682391913	1
0	9848	3028.005933571018	0
0	9858	3030.923177547979	1
0	9873	3036.087300287087	1
0	9874	3037.081274960417	0
0	9889	3041.626448636868	1
0	9906	3046.614601493691	0
0	9912	3047.108433987007	1
0	9931	3052.445132462766	2
0	9943	3055.57556021178	1
0	9953	3058.273832355618	2
0	9957	3059.48955337365	0
0	9971	3063.740076387293	1
0	9981	3066.700822240198	0
0	9993	3069.425146726883	1
0	9995	3069.564985342897	0
0	10002	3071.486921540922	1
0	10014	3074.981635928378	1
0	10033	3080.115624300894	2
0	10048	3084.256396492469	0
0	10050	3084.509570472517	0
0	10053	3085.454724888426	0
0	10057	3085.822660045224	1
0	10071	3091.381600926389	1
0	10076	3093.290807737959	0
0	10078	3093.54365952813	1
0	10087	3097.070346951011	1
0	10096	3099.937507545683	0
0	10105	3102.38487839209	1
0	10109	3103.790269173675	0
0	10118	3108.000867520218	1
0	10134	3113.160786404266	1
0	10152	3118.438698236356	2
0	10165	3121.991751354645	0
0	10173	3123.454979625056	1
0	10178	3125.256251519422	1
0	10190	3128.339504778958	0
0	10194	3128.591692699343	1
0	10215	3134.188615813609	2
0	10235	3139.32403638958	2
0	10236	3139.475214371448	1
0	10242	3140.838028032672	0
0	10248	3142.784689933868	0
0	10252	3144.76004616508	0
0	10257	3145.024346921584	1
0	10263	3148.257847219817	1
0	10271	3150.489518687819	1
0	10285	3155.8137565446	1
0	10294	3159.023281407069	0
0	10305	3161.652548339209	1
0	10323	3166.76537436991	2
0	10345	3172.05937079805	2
0	10354	3174.50001356517	1
0	10365	3177.146301254971	0
0	10368	3177.47419923171	1
0	10372	3177.61515516135	1
0	10377	3179.39039892714	0
0	10385	3182.011777877102	0
0	10391	3183.588074572609	1
0	10408	3189.363930189275	1
0	10417	3191.872167543384	0
0	10426	3194.894894839023	1
0	10449	3200.819373064666	2
0	10457	3203.161098019218	1
0	10463	3204.554388339856	0
0	10471	3205.941941580028	1
0	10475	3206.717296860175	0
0	10489	3211.692843388757	1
0	10494	3213.415471077779	0
0	10507	3217.482384823719	1
0	10508	3217.672691564883	0
0	10511	3218.768974761005	0
0	10523	3222.831380216395	1
0	10539	3228.693650989551	1
0	10541	3229.145076342849	0
0	10552	3234.142326500955	0
0	10556	3234.501618397413	1
0	10566	3238.12465689342	0
0	10574	3240.258812088976	1
0	10589	3245.767474623388	1
0	10601	3249.897863729266	0
0	10603	3250.133922498548	0
0	10609	3251.705459653624	1
0	10613	3253.356389595536	0
0	10624	3257.639613873782	1
0	10628	3259.746769259206	0
0	10636	3262.701714941059	1
0	10649	3267.919472064116	1
0	10653	3269.057691468964	0
0	10667	3273.665199516566	1
0	10669	3273.910225966937	0
0	10686	3278.933122521258	1
0	10696	3282.089648064917	0
0	10704	3284.004604628301	1
0	10720	3288.227612714273	0
0	10725	3289.305476982138	1
0	10731	3290.934993327587	0
0	10743	3295.15167849999	1
0	10750	3297.756861046297	0
0	10755	3298.544119151067	0
0	10761	3300.849928617702	1
0	10774	3306.027055468635	0
0	10779	3306.518920085152	1
0	10793	3311.570077812291	1
0	10800	3314.135325645321	0
0	10811	3317.023026770671	1
0	10822	3320.302037930806	0
0	10832	3322.308423080706	1
0	10839	3324.945264332687	0
0	10851	3328.063975782824	1
0	10859	3329.945599710328	0
0	10861	3330.364248316728	0
0	10871	3333.763571760609	1
0	10873	3335.078126731903	0
0	10878	3337.412245674398	0
0	10884	3339.556455986333	1
0	10892	3344.837077836498	1
0	10899	3347.324406596824	0
0	10908	3350.488749210482	1
0	10923	3355.524514745447	1
0	10934	3359.109404948882	0
0	10945	3361.331752046236	1
0	10957	3365.263172344879	0
0	10962	3366.512181951191	1
0	10970	3368.342665228636	0
0	10982	3372.437826639034	1
0	11003	3377.590988368021	2
0	11029	3383.262123482061	2
0	11041	3387.384390586165	0
0	11043	3387.814063562654	0
0	11049	3388.348468923468	1
0	11064	3393.430933626361	1
0	11079	3398.197405744104	1
0	11082	3398.431562287377	0
0	11086	3399.094619633157	1
0	11101	3404.182174518813	1
0	11107	3404.497779012185	2
0	11108	3404.760474324799	0
0	11123	3409.620466821587	1
0	11125	3409.928006720374	1
0	11144	3415.006464217782	2
0	11147	3415.567082230111	0
0	11152	3417.373063926579	0
0	11161	3420.797072982641	1
0	11172	3425.146411293996	0
0	11177	3425.994413180502	1
0	11180	3427.629413496815	1
0	11184	3428.715150560364	0
0	11193	3431.293218865983	1
0	11209	3436.653421017799	1
0	11222	3441.217761829487	0
0	11231	3442.43783617275	1
0	11232	3443.193972057423	0
0	11240	3445.178872894021	0
0	11245	3447.527041919407	0
0	11249	3448.213505631538	1
0	11260	3453.51457668747	1
0	11276	3459.114818409776	1
0	11284	3461.393591195685	0
0	11296	3464.57246703677	1
0	11297	3465.392255826963	0
0	11313	3470.068284687578	1
0	11316	3470.70090225839	0
0	11333	3475.386633514186	1
0	11351	3480.73740061558	2
0	11356	3482.796791098304	1
0	11359	3483.146215233014	0
0	11368	3486.166028160827	1
0	11389	3492.067709706716	2
0	11392	3493.755892927517	1
0	11407	3497.340919299975	2
0	11427	3502.523526726167	0
0	11431	3502.789482058251	1
0	11442	3505.692395185812	0
0	11452	3508.37247927393	1
0	11456	3509.914043249555	1
0	11460	3510.631247073637	0
0	11473	3513.734391584985	1
0	11477	3514.602256052419	0
0	11492	3519.080415634897	1
0	11502	3522.020895599498	0
0	11513	3524.397197307313	1
0	11518	3525.971082965371	0
0	11524	3527.841399224118	0
0	11533	3530.348491176723	1
0	11534	3530.609762082451	0
0	11543	3534.820310788687	0
0	11547	3535.705696684301	1
0	11560	3541.520193349097	1
0	11575	3546.734010189764	1
0	11587	3551.0715047192	0
0	11594	3552.274590637062	1
0	11613	3558.111773737233	2
0	11618	3558.990021076047	1
0	11637	3563.865534992182	2
0	11653	3568.856052481679	1
0	11657	3568.958548087153	2
0	11665	3571.292687577769	0
0	11675	3574.609002161297	0
0	11679	3574.8709113344	1
0	11686	3577.630022599819	0
0	11695	3580.400902004904	1
0	11702	3583.756155758972	0
0	11708	3585.590095702085	1
0	11729	3591.323808450709	1
0	11730	3591.826341945669	1
0	11745	3596.333916516267	0
0	11752	3597.223330600412	1
0	11770	3602.358728949904	2
0	11777	3604.627116351847	0
0	11781	3605.452799714394	1
0	11788	3607.855728773742	0
0	11792	3607.985903871703	1
0	11794	3608.723536473459	0
0	11804	3612.986363229101	1
0	11821	3618.538686232168	1
0	11827	3620.671063117909	0
0	11838	3623.853236233575	1
0	11841	3625.233667869578	0
0	11857	3629.813589186167	1
0	11879	3635.261901066398	2
0	11890	3638.866256346686	0
0	11899	3641.059348157134	1
0	11918	3646.282190731602	0
0	11922	3646.684617967337	1
0	11924	3647.054198464835	0
0	11928	3648.558250767987	1
0	11934	3650.231429919128	0
0	11940	3652.474403882391	1
0	11954	3657.192559192647	0
0	11958	3657.705005069255	1
0	11971	3662.807534414102	1
0	11990	3668.546156800576	2
0	11996	3670.306334489949	0
0	11999	3671.060932283281	1
0	12010	3673.884303167686	1
0	12022	3677.782193824758	0
0	12029	3679.281034652135	1
0	12033	3680.493003465342	0
0	12039	3682.003244309677	0
0	12047	3684.566159856031	1
0	12049	3685.282482586443	0
0	12060	3690.321419882579	1
0	12076	3695.664361353722	1
0	12092	3700.428533125893	0
0	12098	3701.152254037783	1
0	12101	3702.068817538433	0
0	12116	3706.182732459847	1
0	12135	3712.050535331005	2
0	12138	3712.540919541604	0
0	12147	3715.210117560217	1
0	12155	3717.29963633487	1
0	12174	3723.118727785759	2
0	12178	3724.848846079656	0
0	12185	3727.502170637238	1
0	12191	3728.862247362491	1
0	12193	3729.104497450511	0
0	12199	3731.40852246642	0
0	12208	3734.590100054154	1
0	12222	3739.684295118311	1
0	12241	3745.09816590975	2
0	12243	3745.816572017844	0
0	12254	3749.34433997794	0
0	12260	3750.495573959304	1
0	12267	3753.35168633725	1
0	12276	3755.784292523507	1
0	12281	3757.769551839437	0
0	12287	3760.365679733213	0
0	12291	3760.865416757055	1
0	12307	3766.152164900899	1
0	12309	3766.65571860642	0
0	12314	3768.342256131336	0
0	12324	3772.127570854956	1
0	12329	3774.115599210714	0
0	12338	3777.699316505333	1
0	12353	3782.908714441806	1
0	12374	3788.338068825183	2
0	12379	3789.764359265091	0
0	12382	3790.267889862871	1
0	12394	3793.600151413111	1
0	12395	3793.647644151696	0
0	12400	3795.487644155967	0
0	12405	3797.366794735534	0
0	12410	3798.610693366025	1
0	12422	3804.302127821362	1
0	12429	3807.800212615509	0
0	12436	3809.597295038393	1
0	12438	3810.636029146368	0
0	12451	3815.057511501704	1
0	12465	3820.283839629489	1
0	12466	3820.798492355499	0
0	12483	3826.037995423182	1
0	12485	3826.697705134275	0
0	12498	3831.466706696424	1
0	12511	3834.978750260654	0
0	12520	3837.13088397774	1
0	12542	3842.954542725804	2
0	12558	3848.140265396673	1
0	12563	3848.680302171028	2
0	12573	3851.218993812673	0
0	12584	3854.59812246169	1
0	12595	3858.504187747245	0
0	12599	3859.605838794368	0
0	12603	3860.001537620081	1
0	12617	3865.726108794092	1
0	12627	3869.24909166467	0
0	12635	3871.666747318572	1
0	12659	3877.566639717194	2
0	12661	3878.119255606077	0
0	12667	3879.291615394751	1
0	12680	3883.208226209498	1
0	12690	3885.84595417929	0
0	12699	3888.688988047876	1
0	12713	3893.411486758027	0
0	12720	3894.598911366417	1
0	12723	3895.532651662352	1
0	12727	3896.233945622566	0
0	12741	3900.248129261183	1
0	12751	3903.795671942168	0
0	12756	3904.678029855473	0
0	12760	3905.387348658163	1
0	12771	3909.826964396044	0
0	12773	3910.153350903877	0
0	12777	3910.810701722968	1
0	12788	3916.115945663061	1
0	12805	3922.074561091363	1
0	12819	3926.367532699127	0
0	12826	3927.194684920124	1
0	12840	3931.786587046565	0
0	12846	3932.839399663954	1
0	12866	3938.19091279664	2
0	12873	3940.214926154925	0
0	12886	3943.81639597075	1
0	12893	3945.263899975563	0
0	12897	3946.639114655894	0
0	12899	3947.063722744343	1
0	12906	3949.298034676108	1
0	12919	3954.486600637193	1
0	12921	3954.95491886138	0
0	12937	3959.601946395113	1
0	12957	3965.562663906243	2
0	12977	3971.216372816347	2
0	12982	3972.195207540636	1
0	12994	3976.073677724683	0
0	13002	3977.075713915972	1
0	13021	3982.675129650615	2
0	13024	3983.362074055232	1
0	13037	3987.555305731705	0
0	13044	3988.514841472253	1
0	13065	3994.286971520388	2
0	13071	3995.709145546766	1
0	13082	3998.813306985179	0
0	13088	3999.862763495173	1
0	13100	4003.623511439177	0
0	13106	4005.229835887894	1
0	13128	4010.982874208119	2
0	13131	4011.924548015802	1
0	13151	4016.222869786889	2
0	13154	4016.978395937701	1
0	13171	4021.380470969937	2
0	13174	4021.564382013739	0
0	13191	4026.480776540459	1
0	13200	4029.76656314101	1
0	13204	4030.486252102292	0
0	13211	4031.697169719952	1
0	13216	4032.922416839972	0
0	13227	4036.902966576152	1
0	13245	4042.067182850082	2
0	13251	4043.960161347049	0
0	13255	4044.702710417558	1
0	13262	4047.107015041158	1
0	13283	4052.545558030706	2
0	13285	4053.22989235608	0
0	13299	4058.133233834047	1
0	13309	4061.622149183405	1
0	13317	4063.77948791486	2
0	13325	4066.067003527066	1
0	13335	4069.11076096223	0
0	13340	4069.759693643067	1
0	13346	4071.708386496049	1
0	13353	4073.357249936197	0
0	13362	4075.5729345139	1
0	13374	4079.295947999452	0
0	13383	4081.19743839883	1
0	13402	4086.610841363191	2
0	13408	4088.129751340709	0
0	13421	4092.034842132579	1
0	13422	4092.360146094333	0
0	13437	4097.462759554607	1
0	13452	4102.491215887352	0
0	13457	4102.678987736103	1
0	13478	4108.334509036957	2
0	13481	4109.596748339349	1
0	13486	4110.513748917017	0
0	13489	4110.905807738995	0
0	13498	4113.876582175248	1
0	13509	4117.881129748294	1
0	13516	4119.03840623655	1
0	13534	4124.404805771528	2
0	13541	4126.518591557733	0
0	13553	4129.841433700627	1
0	13571	4134.996099850383	2
0	13584	4138.785747626318	1
0	13592	4140.230249039583	2
0	13597	4141.405865874827	0
0	13613	4145.619724123726	1
0	13615	4146.411899979329	1
0	13625	4148.797545807194	1
0	13636	4151.552255005796	2
0	13657	4157.423470688506	2
0	13658	4157.454635548043	0
0	13668	4160.893567588982	1
0	13677	4162.826337820838	1
0	13697	4168.55469415941	2
0	13703	4170.578778060022	1
0	13720	4174.222955832944	2
0	13722	4174.847650099881	0
0	13728	4176.415688102125	1
0	13739	4180.039482441718	1
0	13754	4184.556637143701	1
0	13759	4185.407614710029	2
0	13765	4187.122899193071	0
0	13777	4190.869764999706	1
0	13799	4196.615015708828	2
0	13807	4198.649192985605	1
0	13812	4200.467219972387	0
0	13816	4200.929210377259	1
0	13822	4202.313814454466	1
0	13829	4204.501960710957	0
0	13839	4207.355432361118	1
0	13841	4208.255827054017	0
0	13850	4210.681043633828	0
0	13857	4212.60190004272	1
0	13871	4217.927127980381	1
0	13886	4222.455273714603	0
0	13891	4223.132536349106	1
0	13896	4224.296162176398	0
0	13906	4228.070971818286	0
0	13912	4229.006881596507	1
0	13913	4229.626630983768	0
0	13924	4234.130460618749	1
0	13933	4236.973060262025	0
0	13942	4239.945413817638	1
0	13956	4245.133705509813	1
0	13966	4247.758907601339	0
0	13974	4250.138741064105	1
0	13987	4254.358026007991	0
0	13994	4255.561323918156	1
0	14006	4259.725587668117	0
0	14008	4259.743157822158	0
0	14012	4261.107915623564	0
0	14017	4261.304047866711	1
0	14027	4266.504322301816	1
0	14041	4271.716757608797	1
0	14053	4275.017238241025	0
0	14061	4277.013160873657	1
0	14081	4282.444160016939	2
0	14084	4283.245461328291	1
0	14087	4283.923234984615	0
0	14093	4286.187032727512	0
0	14101	4288.374328727821	1
0	14116	4294.102154967129	1
0	14118	4294.773738656879	0
0	14136	4300.099336925415	1
0	14145	4302.186116669549	0
0	14157	4305.684503205107	1
0	14163	4307.841978661237	0
0	14168	4309.272267817506	0
0	14175	4311.413237136309	1
0	14181	4313.352943884659	0
0	14185	4315.254662373672	0
0	14187	4315.836674880689	0
0	14191	4316.625335057019	1
0	14198	4322.479851526892	1
0	14202	4324.563552177497	0
0	14207	4327.490403152056	1
0	14217	4332.924727600053	1
0	14225	4336.111335129463	0
0	14232	4337.984948259763	1
0	14248	4343.073322539901	1
0	14270	4348.995700471786	2
0	14280	4351.931260560507	0
0	14287	4354.309261088477	1
0	14288	4354.328641769694	1
0	14294	4356.181565261548	0
0	14299	4357.829374637439	0
0	14308	4360.059725061276	1
0	14325	4365.786250796386	1
0	14328	4366.726911164107	0
0	14334	4368.163305942768	0
0	14345	4371.507460595558	1
0	14347	4372.0382649832	0
0	14350	4373.559792200903	0
0	14356	4376.652050979652	1
0	14359	4378.218543558016	0
0	14361	4379.203221633781	0
0	14365	4382.110340508383	1
0	14372	4387.738601830073	1
0	14382	4393.367985239934	1
0	14399	4398.62299745924	1
0	14401	4399.395127082343	0
0	14414	4403.852408435179	0
0	14418	4404.069438794844	1
0	14423	4406.556852666646	0
0	14427	4407.438360944023	0
0	14433	4409.933783861792	1
0	14443	4415.059623450024	1
0	14452	4418.256845701935	0
0	14459	4420.976416233445	1
0	14462	4422.271333048104	0
0	14472	4426.594094119018	1
0	14475	4427.498841495936	0
0	14486	4432.375635977585	1
0	14488	4433.413451602667	0
0	14498	4437.611402815424	1
0	14514	4443.391758737836	0
0	14518	4443.567948802358	1
0	14529	4447.729168175587	0
0	14535	4449.276922592877	1
0	14550	4454.770658247855	1
0	14553	4455.563727251588	0
0	14559	4457.383631305405	0
0	14565	4459.771298827587	1
0	14566	4459.851355133096	0
0	14570	4461.737089095736	0
0	14576	4465.460351135565	1
0	14587	4470.482830588223	1
0	14588	4470.639219559363	0
0	14592	4472.993251149758	0
0	14598	4475.64701748009	1
0	14608	4481.116295989819	1
0	14625	4486.378950880125	1
0	14644	4491.421485891549	2
0	14645	4491.596532231297	0
0	14652	4494.682382199896	0
0	14655	4495.646821453218	1
0	14659	4496.751246941958	1
0	14674	4502.108473746788	1
0	14686	4505.229817184719	0
0	14698	4507.336718482647	1
0	14712	4512.506554709847	0
0	14716	4512.709662064893	1
0	14718	4513.315490500752	0
0	14725	4515.760619134976	0
0	14735	4518.572169748351	1
0	14745	4522.609254472174	0
0	14752	4524.470997286245	1
0	14760	4528.217124560016	0
0	14767	4529.475104190858	1
0	14783	4535.190787253885	1
0	14789	4537.196870684023	0
0	14794	4538.547012044565	0
0	14801	4540.427154699091	1
0	14817	4545.580741485099	1
0	14839	4551.035975560763	2
0	14840	4551.119977672218	1
0	14845	4552.473629887315	0
0	14857	4556.274859600219	1
0	14858	4557.021854435659	0
0	14871	4561.654213880405	0
0	14875	4561.867768305571	1
0	14891	4567.388513226745	1
0	14892	4567.733342662671	0
0	14900	4570.036549325784	0
0	14908	4572.682594582423	1
0	14926	4578.666214386684	1
0	14928	4579.200874945015	0
0	14932	4580.41800644282	0
0	14940	4583.796122745595	1
0	14959	4589.502321643506	1
0	14981	4594.757676676133	2
0	14984	4596.034243694839	0
0	14989	4597.911250290444	1
0	15000	4600.724236920693	1
0	15014	4604.971329991223	0
0	15017	4605.908477826379	0
0	15022	4606.262797090675	1
0	15030	4609.027929820105	0
0	15036	4611.559812187319	0
0	15040	4611.974284671231	1
0	15052	4617.287528234751	1
0	15067	4623.037199310477	1
0	15077	4625.783189648979	0
0	15087	4628.113696326253	1
0	15093	4629.440949944645	0
0	15107	4634.015048799323	0
0	15111	4634.056043080271	1
0	15113	4634.962544335387	0
0	15124	4639.936816114916	1
0	15131	4642.937293644047	0
0	15139	4644.965579842434	1
0	15154	4650.213651683631	1
0	15159	4652.05848966444	0
0	15163	4653.080060466293	0
0	15173	4655.999822878728	1
0	15180	4658.400758441055	0
0	15189	4661.723662674178	1
0	15204	4666.855563341857	1
0	15206	4667.292346818706	0
0	15223	4672.015105634213	1
0	15232	4674.663110908338	0
0	15239	4676.926861158904	0
0	15243	4677.64360120402	1
0	15258	4683.040018364654	0
0	15264	4683.543838793629	1
0	15280	4688.670516122117	1
0	15288	4691.082353530783	0
0	15298	4694.411306917186	1
0	15312	4699.54926421189	0
0	15318	4700.164288937564	1
0	15323	4701.846796120967	0
0	15339	4705.77180706708	1
0	15344	4707.827520082806	0
0	15356	4711.226603601577	1
0	15371	4715.850525792556	0
0	15376	4716.417332945841	1
0	15377	4716.757184563421	0
0	15383	4718.389637236002	0
0	15386	4719.01053578568	0
0	15392	4722.214635578899	1
0	15404	4727.712432002399	1
0	15411	4730.25257763975	0
0	15421	4733.027264732851	1
0	15423	4733.7039764308	0
0	15435	4738.925348014089	1
0	15444	4741.844770864684	0
0	15449	4744.164372421436	0
0	15453	4744.197994516448	1
0	15463	4749.229756037223	1
0	15477	4755.216410926062	1
0	15481	4756.951195401822	0
0	15495	4760.345601182415	1
0	15506	4763.610272948847	0
0	15517	4765.984669920972	1
0	15525	4768.756780667795	0
0	15527	4769.108232485229	0
0	15534	4771.239348000132	1
0	15549	4776.316815585813	1
0	15562	4780.795774641666	0
0	15567	4781.390358755582	1
0	15582	4785.942829134859	0
0	15590	4787.30862629249	1
0	15607	4792.846035483974	0
0	15611	4792.971595615365	1
0	15631	4798.096615137982	2
0	15639	4800.400340356849	0
0	15649	4803.157912204026	1
0	15657	4805.184963185442	0
0	15666	4808.491783064075	0
0	15670	4808.959759595788	1
0	15673	4810.0072160455	1
0	15678	4811.109895346204	0
0	15681	4812.275871783129	0
0	15687	4814.135037205865	1
0	15699	4819.712818600688	1
0	15707	4822.579327807978	0
0	15715	4825.649605830185	1
0	15729	4831.215656884931	1
0	15751	4836.964130082851	2
0	15754	4837.499802814432	0
0	15767	4842.303132485118	0
0	15771	4842.413078453609	1
0	15772	4842.445729710494	1
0	15774	4843.018659101202	0
0	15782	4847.590780463171	0
0	15787	4847.631313723031	1
0	15799	4852.929078822707	1
0	15803	4854.667744756192	0
0	15813	4858.671388830043	1
0	15829	4864.173756260875	1
0	15833	4865.587502097696	0
0	15848	4869.961914420578	1
0	15867	4875.418567399944	2
0	15869	4875.868721690479	0
0	15876	4877.498401695264	0
0	15885	4881.187949513768	1
0	15887	4881.769300558238	0
0	15891	4884.014457881435	0
0	15897	4886.602221491731	1
0	15908	4892.47387108927	1
0	15923	4897.526004879022	1
0	15930	4899.412578647359	0
0	15934	4900.638195975785	1
0	15943	4903.325523894498	1
0	15963	4908.477562058469	2
0	15964	4908.574147964112	0
0	15982	4914.027682231491	1
0	15986	4914.999682064502	0
0	15993	4917.230784551691	1
0	16002	4919.3675812953	1
0	16003	4919.590885918805	0
0	16021	4925.31123687954	1
0	16029	4928.096077421083	0
0	16038	4930.442273718057	1
0	16056	4936.14258523738	0
0	16061	4936.240235451361	1
0	16073	4940.003714955978	0
0	16080	4941.600894842049	1
0	16084	4943.262448230975	0
0	16094	4946.428125486695	0
0	16098	4946.605543596189	1
0	16111	4951.94758216034	1
0	16117	4953.33461698271	0
0	16120	4953.526342119191	0
0	16130	4957.61086434916	1
0	16145	4963.211397768682	1
0	16146	4963.362398797513	0
0	16165	4969.159197991233	1
0	16178	4973.197033936143	0
0	16185	4974.780196732361	1
0	16186	4974.841246042618	0
0	16201	4980.729057793724	1
0	16223	4986.587720582713	2
0	16225	4986.895311202606	0
0	16243	4992.068541514207	1
0	16260	4997.207195264503	0
0	16265	4997.366018480141	1
0	16268	4997.840499179888	0
0	16273	4999.759490289943	1
0	16284	5003.150987665853	1
0	16306	5008.819594843997	2
0	16315	5011.732170397284	0
0	16326	5014.196827660999	1
0	16332	5015.803540488573	1
0	16338	5017.281878362745	0
0	16347	5019.371413738453	1
0	16350	5020.619508754563	0
0	16356	5022.582067262018	0
0	16364	5025.240782010588	1
0	16378	5030.464473861141	0
0	16382	5030.692288864157	1
0	16398	5036.28603537682	1
0	16417	5041.29196413768	2
0	16439	5046.416836168137	2
0	16453	5050.285721003878	0
0	16461	5052.219634330817	1
0	16471	5055.08062260259	1
0	16483	5057.251237256438	2
0	16485	5058.210772659266	1
0	16499	5062.266577171846	2
0	16501	5062.86172810405	0
0	16510	5066.009119197946	1
0	16517	5067.517042987267	1
0	16538	5073.02243866933	2
0	16558	5078.47986014768	2
0	16559	5078.567543771106	1
0	16563	5079.732841378412	1
0	16569	5081.003102627218	1
0	16580	5084.240260817795	2
0	16588	5086.168185907168	0
0	16590	5086.350437142291	1
0	16594	5087.419539180685	0
0	16597	5087.803134881062	0
0	16601	5089.385794158778	1
0	16607	5092.472969600219	0
0	16612	5094.493848265833	1
0	16623	5099.677045202567	1
0	16640	5105.315359193585	1
0	16654	5109.855264959727	0
0	16662	5111.192929998026	1
0	16669	5113.418783738846	0
0	16676	5115.600254726815	0
0	16681	5116.608562523951	1
0	16691	5120.674576629522	0
0	16697	5121.794297128902	1
0	16714	5127.476338247056	1
0	16721	5129.507040765588	0
0	16732	5132.53596538234	1
0	16748	5137.587775660897	0
0	16753	5137.937270812909	1
0	16754	5138.111068890533	0
0	16759	5139.842179210959	0
0	16762	5140.589527464575	0
0	16768	5143.294997811536	1
0	16780	5149.064754041829	1
0	16796	5154.978084704126	1
0	16797	5155.476653782871	0
0	16806	5158.562019479449	0
0	16814	5160.255566107793	1
0	16816	5161.098303747349	0
0	16819	5161.58340928737	0
0	16826	5165.509460117886	1
0	16838	5170.892865214948	1
0	16841	5172.316195174455	0
0	16849	5176.209300894276	1
0	16858	5179.453505708706	0
0	16869	5182.050086895688	1
0	16885	5187.758592335027	1
0	16898	5192.155920102129	0
0	16905	5193.412448747069	1
0	16912	5195.25864080734	0
0	16924	5198.424694084548	1
0	16930	5200.105198857594	0
0	16932	5200.243222865028	0
0	16941	5203.640980884884	1
0	16945	5205.441752864035	0
0	16951	5208.033391793243	0
0	16956	5209.156532189794	1
0	16960	5211.769084984189	0
0	16967	5214.777274755513	1
0	16978	5220.256672590257	1
0	16993	5225.444126089088	1
0	16998	5227.870668067816	0
0	17007	5229.937495915203	0
0	17013	5231.285058761	1
0	17018	5234.411639955114	0
0	17026	5236.688754890797	1
0	17042	5242.527989552341	1
0	17059	5247.192169399566	0
0	17063	5247.6636682581	1
0	17078	5253.08364520942	0
0	17083	5253.325442447079	1
0	17085	5253.695389585554	0
0	17088	5254.436142144126	0
0	17094	5256.382041845339	0
0	17100	5258.381064011467	1
0	17111	5264.21374723337	1
0	17114	5265.412370287215	0
0	17125	5269.691209935801	1
0	17141	5275.092008127816	1
0	17148	5276.851394930838	0
0	17151	5277.706228467968	0
0	17161	5280.711425870875	1
0	17180	5286.327244021682	1
0	17201	5292.288128384374	2
0	17219	5297.832343274132	1
0	17224	5297.984316654488	2
0	17242	5302.136387979711	0
0	17250	5303.428007299065	1
0	17253	5304.302999181776	0
0	17255	5304.717439639483	0
0	17265	5308.616559307075	1
0	17279	5313.703786978948	1
0	17287	5315.963532355599	0
0	17291	5317.322588609982	0
0	17294	5318.687384450445	1
0	17299	5319.470859288222	1
0	17306	5322.054061482879	0
0	17313	5324.726174360591	1
0	17314	5324.897612174841	0
0	17319	5327.669926435321	0
0	17324	5330.309452890403	1
0	17335	5335.41705184568	1
0	17342	5339.065612001096	0
0	17349	5340.434570544151	1
0	17362	5345.554165398687	1
0	17381	5350.700134550905	2
0	17389	5353.029013026023	0
0	17401	5356.357464448534	1
0	17402	5356.450380246024	0
0	17407	5357.880432326216	1
0	17419	5362.080987826208	1
0	17421	5362.836903092785	0
0	17430	5365.582663553287	0
0	17438	5367.55040982597	1
0	17456	5372.815756009179	1
0	17478	5378.631474490729	2
0	17480	5379.472401692169	0
0	17491	5383.862318566984	1
0	17495	5383.931520712315	1
0	17517	5389.648916269871	2
0	17521	5390.267179306928	1
0	17542	5395.434096640893	2
0	17555	5398.70800167798	0
0	17560	5400.600121932206	0
0	17565	5400.980523021877	1
0	17573	5403.853866823467	0
0	17577	5405.802817465024	0
0	17579	5406.029714533458	1
0	17583	5406.280130313462	1
0	17594	5411.994982697055	1
0	17608	5417.128490172079	1
0	17617	5419.726366843892	0
0	17628	5422.590968056102	1
0	17647	5428.02807671389	2
0	17658	5430.578360181402	0
0	17669	5433.484047740217	1
0	17678	5436.308893370777	0
0	17686	5438.931456565143	1
0	17688	5439.401604529223	0
0	17696	5442.855874219196	0
0	17703	5444.890377588788	1
0	17704	5445.55808194411	1
0	17723	5450.829111922285	1
0	17743	5456.294768457985	2
0	17747	5457.533347632139	1
0	17762	5461.334414223427	2
0	17770	5463.711899737813	0
0	17779	5466.575608883504	1
0	17781	5467.040428267543	0
0	17798	5471.963960031033	1
0	17801	5472.764973556026	0
0	17816	5477.69236767733	1
0	17824	5479.970009210388	1
0	17831	5481.580510708955	0
0	17837	5482.865297605037	1
0	17856	5488.045858203653	2
0	17857	5488.483678173375	1
0	17868	5491.780670745517	0
0	17877	5493.932399608647	1
0	17897	5500.785332564716	0
0	17911	5505.824763741563	0
0	17913	5506.287812763462	0
0	17917	5510.554089782979	0
1	20	15.484542106161	9.962626391206
1	61	31.237173283006	14.500665005528
1	99	41.386561890714	19.345367313711
1	113	44.285752497845	33.234394423429
1	136	51.835913857564	23.93282766233
1	143	54.416109677169	5.10352275567
1	152	56.235066539958	22.914270429058
1	173	62.962515275109	19.532583911786
1	177	64.723908206098	4.803581651417
1	222	77.954611980474	39.601467790433
1	230	79.983647863033	3.546508893722
1	233	80.526579253141	26.012329058255
1	242	82.838526471866	12.167901493725
1	283	97.030950878511	31.520641280569
1	285	97.134721995681	3.499261513003
1	298	102.168609684798	14.41040349868
1	316	108.418178497929	26.20884818409
1	345	117.815337251057	7.925849403137
1	348	118.450232571456	19.297412024344
1	362	123.338358024718	19.062619152362
1	376	128.624800184275	13.519827787064
1	380	129.699674561039	8.619097424555
1	430	146.582655183388	15.055773848084
1	439	148.528005541885	6.041630510823
1	441	148.766598614166	12.238891876768
1	460	157.502734125476	31.088071964332
1	477	162.292894455721	14.310058583622
1	514	175.166784768808	21.584374401136
1	546	182.469993753706	23.701184686154
1	548	183.427433366772	18.846349686734
1	561	187.186596825604	17.119648316992
1	568	189.79862352158	13.742809471208
1	621	207.519538932365	9.822138856748
1	651	214.92141267669	22.4045558566
1	655	215.860945454683	34.487262618146
1	657	216.054633308669	29.12685515429
1	676	222.198661627365	13.091418615891
1	700	229.136225137977	25.649210216594
1	705	230.582177928766	16.005161753972
1	760	247.012389364071	26.665229840786
1	776	250.741155017867	25.074566222262
1	782	252.704773866221	21.389496954039
1	793	254.932545952967	18.480814157055
1	831	265.325974854759	17.143732604222
1	849	270.535466167147	17.026796515567
1	870	276.668456182001	34.433399430592
1	884	280.45803961903	21.633307333803
1	941	295.060187434664	20.347930741847
1	946	297.005475931568	27.457892951787
1	956	300.22244736762	19.730654213345
1	959	300.949351221673	36.623893331154
1	974	305.534026150012	2.577652459615
1	976	305.713796709084	14.537350610946
1	1006	315.854596745806	29.881220294278
1	1028	322.614127690907	25.56573401997
1	1033	324.270965636593	5.372024514829
1	1056	331.927376583221	18.158243093873
1	1060	332.85609270353	2.261008655652
1	1081	340.765684416985	4.176269624615
1	1089	342.591697913949	34.4430041794
1	1108	351.769551318722	27.09624807944
1	1127	358.252291256447	15.676242704619
1	1134	359.012311790024	11.029023778042
1	1153	366.820697323304	7.91990042047
1	1176	375.672356502156	22.404809243279
1	1184	377.484717217391	13.178345276856
1	1218	389.265894977496	13.227069057409
1	1225	391.489093679588	4.278101109084
1	1242	396.786677024445	26.728163702296
1	1254	400.921577309843	7.993330272729
1	1268	407.123578791512	25.500239784599
1	1272	408.355713362342	4.450065450742
1	1288	414.894609747691	16.306381977862
1	1322	427.937635646437	18.546497379662
1	1357	437.524900012537	16.925179884886
1	1374	443.274867889939	28.608006627065
1	1379	444.050526813955	17.693290753871
1	1417	457.959151138089	25.641109532444
1	1450	466.006628543837	17.600016100097
1	1456	467.955602567179	24.605129177216
1	1498	479.439041823617	41.928007672541
1	1501	479.98897355737	25.780776743894
1	1540	489.411611475751	19.802414686651
1	1545	490.934653799867	26.534976843628
1	1585	501.53672339744	9.907459309789
1	1593	503.075961246274	27.472234694869
1	1595	503.321309541005	43.999592208885
1	1601	504.815049628497	7.371022328037
1	1607	505.79951877019	25.105566522687
1	1652	518.915648532685	33.066755231587
1	1663	522.263937518701	9.245248093735
1	1679	527.14288902609	24.692804436899
1	1688	529.688485751863	21.865591089242
1	1734	544.104616357016	20.131087813992
1	1736	544.240078805365	14.620849755941
1	1744	546.251983508004	27.6733824783
1	1782	557.563834453935	17.304792268202
1	1791	560.162170696424	3.666700547212
1	1809	565.274704951213	30.086926903925
1	1838	573.203091731296	21.994268986628
1	1840	573.718876963716	11.464906438253
1	1845	574.606273324115	28.98486043152
1	1849	576.941334432574	9.069673220043
1	1884	591.702409131922	12.732021874051
1	1892	594.214878832809	9.815156641068
1	1896	595.88801654277	22.909182878093
1	1901	596.994520145587	6.718615019577
1	1909	602.27759144013	6.347437355201
1	1921	611.652702050753	4.757805085509
1	1942	619.68248103501	7.507521775667
1	1953	623.652491342162	6.200780833489
1	1968	630.205210692368	29.049646183033
1	1994	639.540432628596	16.760325470823
1	2039	651.304195249457	17.614029806574
1	2044	652.373504944265	8.156874663546
1	2047	652.594833397427	13.540291570478
1	2059	657.28163873067	28.790161713609
1	2068	661.211002017373	6.093584153335
1	2083	667.994098051803	7.359994281433
1	2085	668.492152713709	19.211513758406
1	2109	680.231761653909	8.71662746393
1	2126	686.725736150754	9.246831258759
1	2132	688.088278738436	22.032179879375
1	2150	696.221388589711	8.161196645932
1	2160	699.743173394472	6.259182988783
1	2203	716.207807315283	33.667443905025
1	2244	726.220121405324	27.189415707254
1	2258	729.98371927161	13.487388707929
1	2268	732.989723264475	4.655683524673
1	2277	734.065099613858	23.427594132835
1	2299	740.968149415684	36.088235037865
1	2304	743.452411196081	4.655899561127
1	2312	745.157261515621	22.666779027669
1	2317	747.103674500833	2.902818342321
1	2321	749.497371430395	16.028871213202
1	2364	767.974238275785	1.743648930685
1	2399	777.955473822076	17.504162870578
1	2414	782.983053590868	33.332315037722
1	2425	786.556588023439	31.268760845998
1	2430	788.11262991675	10.763629588294
1	2447	793.410232419734	21.248572258629
1	2454	795.126120643925	12.446712168398
1	2509	813.428810751536	19.381895015018
1	2529	819.081604100534	13.373620789498
1	2532	819.990934900364	31.822323983888
1	2534	820.28143878293	20.400526628014
1	2541	822.361495989498	11.345960642797
1	2564	831.84799138224	4.056621585507
1	2584	838.529872291609	16.410498965882
1	2606	846.008124070825	7.301563982269
1	2611	847.17910420266	13.727603110483
1	2619	849.881977912274	33.634242045693
1	2627	854.460083982094	4.76051546901
1	2668	870.29874918703	25.900661947204
1	2693	877.32248885755	16.25870804896
1	2713	881.843196131408	26.481722847676
1	2720	883.163924290103	16.390838523862
1	2723	884.228229675094	12.395720905274
1	2735	889.383144069233	12.012131265365
1	2739	891.048274796575	8.042564293952
1	2768	903.963724293516	15.005086860387
1	2812	917.500302862729	22.777652337334
1	2839	924.74603769323	19.000894872937
1	2860	931.578351063541	30.974102565671
1	2877	936.05069739034	2.585322061204
1	2879	936.431295752062	20.017160403776
1	2885	938.217783760046	27.472445899153
1	2892	939.528968173082	17.340000006372
1	2894	939.672013072066	11.764458774357
1	2917	949.94598000427	10.775599731366
1	2932	956.433634438553	7.094497988233
1	2950	963.857632447501	19.604835161241
1	2967	971.036651600154	16.490599242039
1	2980	974.157206046862	3.039788944647
1	3007	982.423470863609	16.940010677791
1	3010	983.403625227514	23.486880233047
1	3033	992.057325387491	4.703859020141
1	3058	999.543983480312	17.25073190697
1	3074	1004.315544214103	6.205265458442
1	3076	1004.540703196546	27.533803337487
1	3087	1009.839271750653	5.824214172434
1	3095	1013.07530192868	3.207802669145
1	3106	1018.263480424184	25.442129595671
1	3178	1043.365164130812	16.435022362858
1	3190	1047.136678612211	31.512322471361
1	3193	1047.478489912581	25.907933623063
1	3208	1051.805005912317	19.824162632805
1	3244	1061.832023452851	12.839894841308
1	3254	1064.474102585576	26.501380902015
1	3286	1072.081298007051	28.747665498059
1	3295	1075.023055038533	10.351743232809
1	3320	1083.399288716261	7.501619939226
1	3327	1085.431444614429	31.420412588167
1	3335	1088.026365297032	28.575586078106
1	3358	1095.613168033073	25.702754539437
1	3400	1105.866543496612	24.580699847197
1	3406	1107.335168143038	20.395040630364
1	3433	1115.601540800302	23.639107018826
1	3435	1115.895434641397	18.140159822651
1	3474	1126.148209588603	23.356532743433
1	3502	1134.013746379176	14.643613311694
1	3504	1134.014906934695	25.82273613219
1	3507	1135.201991627692	10.7012732781
1	3532	1143.303801052275	29.77795876749
1	3553	1149.777947751455	13.539451981544
1	3575	1156.159344004001	25.696922519476
1	3606	1164.317054936199	11.89979596669
1	3625	1171.099231649424	23.711753451498
1	3627	1171.363440452726	13.592901191092
1	3638	1174.491720264428	32.542030777199
1	3656	1180.100146837415	11.263199571169
1	3680	1187.058289008797	24.149579097167
1	3693	1190.590160486056	16.240809683688
1	3726	1200.405090311426	15.815722046071
1	3761	1209.844648638738	19.629509934688
1	3778	1213.615513384224	34.136607260092
1	3803	1221.171903409412	2.973281319835
1	3806	1221.601397980936	25.639537842013
1	3810	1223.734537412994	22.682438900577
1	3833	1232.628211116534	8.639484831947
1	3842	1235.530755112646	28.968193077715
1	3910	1255.264523182297	43.008522492368
1	3918	1256.996394591406	11.410145465984
1	3922	1257.888606863561	17.791844977764
1	3930	1260.83962641016	31.02111447358
1	3932	1261.571824254817	5.787499681232
1	3941	1264.624134150215	29.59175276046
1	3956	1270.035535102474	19.392703170653
1	4006	1285.059204773511	6.753444497009
1	4016	1287.514629058423	25.733388703666
1	4018	1287.692418421734	20.415658035665
1	4051	1298.133081648034	25.661287378988
1	4087	1307.3850252151	18.492546418215
1	4103	1311.591346427915	17.367905233173
1	4111	1314.712424218304	30.906244309037
1	4153	1326.583639321149	26.817850871943
1	4164	1329.538280277162	12.93439248961
1	4185	1336.361673716803	31.078569615376
1	4223	1345.51302109612	23.128201765242
1	4225	1345.987898781777	34.87156671111
1	4232	1348.103026977739	14.05836422206
1	4246	1352.700289492377	24.389312212938
1	4273	1360.109202481106	10.467136588879
1	4283	1361.788153034168	6.307756792289
1	4288	1362.945355345377	23.707980032196
1	4321	1374.023605048538	29.494436916313
1	4327	1375.104632015802	9.261768830938
1	4352	1382.92901392083	6.553152702632
1	4355	1383.594946609691	23.071318279136
1	4373	1390.876836908863	2.572744624107
1	4400	1400.732711056358	29.444735237509
1	4415	1405.390114624634	23.076017725165
1	4423	1407.718961237345	14.374547132173
1	4460	1420.466442336327	3.849483481376
1	4462	1421.661439345566	22.317301913514
1	4499	1432.123763983485	10.040462345234
1	4507	1433.210556322474	22.436370261013
1	4509	1433.415431073283	28.594503775821
1	4537	1443.960939136214	16.802091481046
1	4541	1444.856858211919	7.514989410179
1	4547	1447.895727516266	15.677038631983
1	4570	1457.456152858329	14.877649941366
1	4587	1463.132656825357	9.011132498388
1	4602	1468.270521773141	19.908954776241
1	4605	1469.382683682488	4.21204570611
1	4656	1487.30235940509	27.96262562566
1	4687	1496.783995261765	5.226754485747
1	4706	1500.430923235021	30.250967886882
1	4709	1500.786134981199	25.421577123109
1	4729	1506.754896831695	26.002423157913
1	4745	1511.482855169101	3.344706895528
1	4770	1518.318692439584	21.113603908685
1	4791	1524.086685388697	21.501451769727
1	4808	1528.352365492027	3.654979283339
1	4813	1529.591065880259	15.64909297449
1	4820	1531.276778850237	45.141866009449
1	4831	1535.678604139947	16.636365836953
1	4888	1554.227686648257	24.431465702598
1	4904	1558.105562301586	22.698904891966
1	4910	1560.428168833256	19.475423348371
1	4914	1561.471867978922	9.989146725393
1	4917	1561.994392040882	5.030057939002
1	4925	1564.661146766388	18.547907190747
1	4951	1576.871537864789	8.505456868676
1	4961	1579.760318004524	16.890882138162
1	4969	1583.511323537908	4.979436845984
1	4989	1591.008569141149	6.574368232628
1	5036	1605.801829111065	32.277078710034
1	5038	1606.381110988788	11.263080508914
1	5067	1615.108014832015	25.623795995954
1	5079	1617.636441200387	6.463441054686
1	5084	1619.214120383838	13.597570646788
1	5110	1628.171173197915	27.8365618228
1	5119	1630.696263693852	14.133939124061
1	5166	1643.788905860155	6.034477313748
1	5169	1644.07676684961	22.493109373958
1	5185	1649.530567120992	6.328694161262
1	5214	1658.481276388161	31.420711789862
1	5230	1661.926507475319	29.412777815947
1	5235	1663.6283865259	3.818627881119
1	5238	1664.377003729107	10.479700299678
1	5274	1677.016131835988	6.763754205314
1	5301	1684.638778639954	35.809474805137
1	5309	1686.387854284607	21.269850431013
1	5330	1692.426598393473	11.362362532296
1	5360	1701.420235265743	25.548583165511
1	5364	1702.164686130357	10.153489345452
1	5387	1709.519704144095	23.396648377529
1	5395	1712.518959644713	4.978820334887
1	5410	1717.160201031244	20.097282502565
1	5460	1732.678383832095	30.296382862375
1	5472	1734.923819786052	21.480876346469
1	5490	1740.840647637027	22.372116956046
1	5517	1748.547984424509	24.344861241523
1	5529	1751.95484406745	22.411724383825
1	5579	1766.152910433706	25.774972725427
1	5611	1774.347196243349	22.865935464272
1	5619	1776.474179010135	30.349107484332
1	5625	1778.29055120318	43.66236996988
1	5646	1783.648479402527	4.843691790709
1	5675	1791.350446684746	28.728466612751
1	5685	1794.773712772523	26.584169993759
1	5688	1795.448375214	38.57055311801
1	5695	1796.352348903191	11.563590711682
1	5738	1807.719556090069	6.846142522409
1	5748	1810.282880903913	20.214089083249
1	5757	1812.251024082068	38.686395406026
1	5771	1817.163460734876	21.351214944499
1	5780	1818.788651952515	1.445015904959
1	5783	1820.715569709652	14.369911049954
1	5790	1824.01339626044	12.198728999006
1	5817	1837.061146802497	13.973827828187
1	5835	1844.279793353863	4.292928837589
1	5842	1845.815501788627	17.357125221752
1	5879	1859.889977743264	14.193661409781
1	5883	1861.287151574851	27.172286231536
1	5952	1880.937020474225	29.507673434331
1	5981	1889.8675991944	32.748126348715
1	5996	1893.278965579106	30.840335012645
1	5998	1893.565000048833	3.502408051165
1	6016	1898.329562967521	19.546522119664
1	6018	1898.374632681015	3.199148455867
1	6021	1899.292674571503	31.090285808779
1	6046	1907.111610466143	33.41374706244
1	6098	1921.991593742272	37.816357892705
1	6125	1928.204193745386	21.871608338437
1	6133	1930.874658914389	29.810180283962
1	6160	1940.6319654138	18.116573565756
1	6166	1942.088349770166	30.725325350999
1	6184	1946.940573737135	8.173547738115
1	6199	1951.125845787924	23.066855602548
1	6205	1952.738396166351	2.434993586968
1	6244	1965.541707427119	32.436145786313
1	6261	1969.687530664021	52.787632388527
1	6263	1969.744033004966	4.078291210695
1	6266	1970.699161573655	26.010076148784
1	6272	1971.515850021963	11.132288156077
1	6300	1982.554685953649	27.199165010476
1	6348	1995.504355835259	24.072563975586
1	6378	2003.633026277405	15.992814542723
1	6388	2005.615458385081	23.030041689751
1	6392	2006.229640040541	29.541152719874
1	6397	2009.087560140177	15.655472781397
1	6425	2018.956850530114	19.557243050315
1	6430	2020.482260949787	3.814218994114
1	6457	2029.925037354457	1.996792482911
1	6466	2033.404790184918	28.179928457828
1	6478	2036.132971603766	13.56731602049
1	6481	2036.667758754681	25.959594544256
1	6505	2048.055930870927	14.129227732424
1	6544	2060.384459832327	21.095299865468
1	6574	2067.790756597292	17.332191036431
1	6584	2071.131194417475	26.389594581095
1	6620	2082.263605058303	26.529809313943
1	6647	2087.958711416688	16.124906056329
1	6668	2093.864555774597	32.894621764191
1	6698	2101.06381333444	18.793224704335
1	6706	2103.401189407561	26.554769142765
1	6722	2109.153720795986	5.441873659264
1	6736	2113.111574390315	25.468352287892
1	6767	2120.737988897241	54.690489515776
1	6804	2129.645414341928	31.595765631641
1	6822	2133.925896789867	7.719219795656
1	6829	2135.794425513824	42.800920773999
1	6845	2139.511252724439	29.974442290488
1	6862	2145.863117882974	30.810931260696
1	6881	2151.103849044759	19.450790568252
1	6888	2152.714487186161	4.487591187237
1	6895	2154.03384493	33.588770670936
1	6909	2158.663301937975	15.918891281123
1	6955	2171.797832857693	34.382509732734
1	6983	2180.279932473198	21.184964873479
1	7000	2184.278385258972	30.775770836277
1	7025	2191.588362262347	26.7949402018
1	7054	2199.013718228665	28.704141661641
1	7066	2202.415922591456	16.291858359705
1	7093	2208.864426166511	28.331024799961
1	7097	2209.932298878786	34.582964453033
1	7103	2210.983056806138	13.478580180905
1	7111	2213.442235188087	21.468600515509
1	7123	2216.250469546295	8.174717991382
1	7135	2220.37904952524	6.902303330018
1	7187	2238.582558717574	35.59692662745
1	7214	2246.145647580728	26.973659021314
1	7243	2252.678282107801	16.722743732272
1	7247	2253.129196593065	12.164609227562
1	7255	2255.660839655546	30.759455848369
1	7266	2258.608806675408	28.569429444963
1	7308	2270.217083225951	24.02876701206
1	7332	2277.187792584173	25.743044346218
1	7349	2281.313609254655	24.3617875349
1	7388	2292.371093424029	30.255461757536
1	7390	2292.512189805385	25.252149181092
1	7432	2303.999777899467	31.089018247441
1	7437	2305.576965644367	27.006323924405
1	7461	2311.361558996135	27.610671628966
1	7506	2322.740948368789	27.925153668272
1	7515	2323.88895918044	34.198459792533
1	7540	2330.614695414895	7.788984123617
1	7544	2331.539565327222	30.768099954236
1	7557	2335.189818020325	23.325149861051
1	7578	2341.289322418503	35.423788451007
1	7589	2344.386892227564	26.69519379304
1	7604	2348.366349043785	9.163440039847
1	7624	2353.395451793439	24.60068171797
1	7633	2355.307626932736	21.260736612252
1	7642	2358.597191853559	9.138741383445
1	7661	2365.891294516616	21.589491474208
1	7703	2377.169200564961	21.900407109176
1	7724	2383.628701102798	23.217247780995
1	7745	2390.382442449214	19.295716427732
1	7752	2393.098731864939	27.039309828079
1	7809	2408.818802313875	15.627173149494
1	7822	2411.173668174532	28.808154144556
1	7833	2414.087678010917	26.122964318025
1	7846	2416.955143728637	12.487166129635
1	7858	2420.240028592405	43.688960908332
1	7897	2431.068510752514	21.535040251794
1	7909	2434.273986669017	19.103086385642
1	7925	2438.016080433498	39.467941701646
1	7932	2439.697439962759	7.918041315861
1	7955	2446.23560637328	25.486629157559
1	7989	2456.013739015901	19.148814916844
1	7996	2458.338982810028	32.463212737349
1	8026	2466.709560843526	23.852448274031
1	8070	2480.403887035438	25.801380494962
1	8074	2480.715098976382	31.950716056394
1	8095	2487.157868539557	26.975478352861
1	8124	2494.617766533272	18.351515445624
1	8144	2499.365974391575	34.018001486784
1	8174	2507.699442694774	37.077526873562
1	8182	2509.633922566073	22.095636043118
1	8188	2511.30602992186	29.660441895019
1	8202	2514.86170415009	21.998278894577
1	8207	2516.737120774336	7.612571050181
1	8228	2522.70136319461	2.29877891147
1	8235	2524.139197955251	9.501515441691
1	8249	2528.052216090022	1.804298948031
1	8271	2536.126909691716	38.130961762624
1	8273	2537.126081764579	33.770861885864
1	8299	2547.223578227328	4.420492418227
1	8334	2558.42406498512	26.796218268923
1	8351	2562.870581746793	3.396564623807
1	8353	2563.327178634811	26.079750993637
1	8375	2570.510676257538	16.346910585649
1	8385	2572.977654982817	2.384646791499
1	8402	2579.164843892788	14.26322700514
1	8415	2583.448454763152	34.710016714293
1	8440	2593.476984857226	11.443777412293
1	8454	2598.286040593279	21.818043264442
1	8482	2607.188423524954	7.749727992458
1	8488	2609.735657537235	21.734506597861
1	8497	2611.821027320105	6.585537157488
1	8514	2618.260996650199	2.030211190926
1	8517	2618.710397083422	24.875600231928
1	8570	2637.788264105902	26.678664983597
1	8607	2647.449811905966	25.754179916462
1	8622	2650.651233947364	12.720017982181
1	8624	2651.011846312316	23.369327962632
1	8628	2652.394507030368	8.581933045876
1	8638	2655.145458487554	22.433896990725
1	8683	2671.224616188666	10.733248001081
1	8697	2674.899248302211	25.993024760859
1	8723	2681.370914316963	26.851205544081
1	8766	2692.50568796554	15.859758748674
1	8791	2698.120233548333	31.846761365887
1	8800	2701.19974544504	29.61512353248
1	8807	2703.183400114291	21.373985545708
1	8845	2714.831556083864	27.98457188765
1	8860	2719.128729573907	26.871194564037
1	8873	2722.003868327234	19.003567343344
1	8876	2723.155428217597	8.626213934619
1	8889	2727.609343503361	18.78909010021
1	8932	2742.384397513695	44.636169852926
1	8972	2752.245734635383	26.866955363307
1	8979	2754.244657643014	22.877829113159
1	8995	2757.814863063852	20.546714721014
1	9004	2760.477152160596	40.216384559406
1	9035	2767.946828225387	12.995090955403
1	9051	2772.140845598296	23.048385623261
1	9071	2778.431023465231	35.251030353832
1	9081	2781.320353289828	15.197521158031
1	9111	2788.987868232296	28.320494717803
1	9122	2792.382497867445	9.137375840568
1	9135	2796.003691515994	7.429020504817
1	9143	2798.859662984954	26.802957892882
1	9148	2799.553222659502	5.171796139563
1	9156	2803.446949548778	25.607649472542
1	9178	2813.292067796913	13.832281417444
1	9214	2824.950925282661	10.170199494111
1	9233	2829.706771229853	3.890951182461
1	9248	2834.02223012351	24.323283237288
1	9271	2840.043400247689	35.472597007988
1	9292	2846.136877635602	26.305182830779
1	9302	2848.011208555537	10.827653287095
1	9308	2850.051404144377	18.45402947278
1	9326	2856.109288636705	8.660563747981
1	9342	2862.939691464875	20.752748453291
1	9351	2865.837807563243	6.548992358265
1	9407	2884.384662464603	19.405501682661
1	9411	2885.379006143536	31.935338275158
1	9430	2891.119364139731	21.069802778655
1	9449	2896.626720927301	20.64914650412
1	9466	2901.183234628049	14.341354722157
1	9489	2908.255412330728	26.565871424625
1	9497	2909.826189869308	17.317913242848
1	9514	2915.547858343337	12.001188785654
1	9540	2924.092722420689	8.717362729017
1	9560	2929.627118857451	31.57409190235
1	9565	2931.41670833411	21.995383715258
1	9568	2932.443439803311	5.563186160754
1	9577	2935.527918906642	2.911967067979
1	9593	2943.292547883924	21.983268806245
1	9614	2951.895607060398	2.711847402738
1	9657	2965.218798633891	21.276777146384
1	9667	2968.545819850631	30.530743503244
1	9720	2983.073642597995	28.428272929976
1	9725	2984.37117152672	24.488856888026
1	9741	2989.74540358781	24.592543019911
1	9743	2989.868105985685	19.094548284077
1	9747	2991.395682815574	4.184755936149
1	9758	2995.290640035872	2.836742378771
1	9781	3003.842804746345	27.877832599797
1	9788	3005.292308048688	23.897432636818
1	9803	3010.510976437474	12.164887709077
1	9819	3017.276386217674	8.221959624672
1	9837	3024.406044455938	20.358794624451
1	9848	3028.005933571018	13.68954655982
1	9874	3037.081274960417	11.411592568504
1	9906	3046.614601493691	26.818755505723
1	9943	3055.57556021178	13.949111574912
1	9957	3059.48955337365	28.566375825671
1	9981	3066.700822240198	19.592388253191
1	9995	3069.564985342897	33.47768505581
1	10002	3071.486921540922	19.041789078156
1	10048	3084.256396492469	9.274760564091
1	10050	3084.509570472517	15.084423745634
1	10053	3085.454724888426	21.714648501133
1	10076	3093.290807737959	7.468147692735
1	10078	3093.54365952813	35.269827172512
1	10096	3099.937507545683	8.555906619294
1	10109	3103.790269173675	23.674644872781
1	10165	3121.991751354645	24.921404403634
1	10178	3125.256251519422	17.255383999204
1	10190	3128.339504778958	25.954626386868
1	10236	3139.475214371448	16.020234746392
1	10242	3140.838028032672	1.513991643092
1	10248	3142.784689933868	29.623903529602
1	10252	3144.76004616508	16.168353465737
1	10263	3148.257847219817	29.819148983461
1	10294	3159.023281407069	8.53376271925
1	10354	3174.50001356517	29.475666643586
1	10365	3177.146301254971	21.332544710371
1	10368	3177.47419923171	43.285583418101
1	10377	3179.39039892714	7.33102812909
1	10385	3182.011777877102	20.359229537893
1	10417	3191.872167543384	8.284092970775
1	10457	3203.161098019218	36.395723649308
1	10463	3204.554388339856	15.190458150581
1	10475	3206.717296860175	29.102141698825
1	10494	3213.415471077779	12.596098013113
1	10508	3217.672691564883	22.77779672586
1	10511	3218.768974761005	12.827033180977
1	10541	3229.145076342849	11.66269151913
1	10552	3234.142326500955	22.449483112198
1	10566	3238.12465689342	15.293276677025
1	10601	3249.897863729266	4.130389105878
1	10603	3250.133922498548	9.875110409572
1	10613	3253.356389595536	18.854771198123
1	10628	3259.746769259206	31.053118269655
1	10653	3269.057691468964	17.35223181534
1	10669	3273.910225966937	11.208511025878
1	10696	3282.089648064917	3.156525543659
1	10720	3288.227612714273	30.587998840491
1	10731	3290.934993327587	6.930388699286
1	10750	3297.756861046297	29.837388982181
1	10755	3298.544119151067	9.238642168929
1	10774	3306.027055468635	32.361855952069
1	10800	3314.135325645321	13.285397027619
1	10822	3320.302037930806	25.150359430816
1	10839	3324.945264332687	7.922237562016
1	10859	3329.945599710328	18.375521898037
1	10861	3330.364248316728	8.055825236022
1	10873	3335.078126731903	7.014150949079
1	10878	3337.412245674398	30.893325589246
1	10899	3347.324406596824	13.560834836215
1	10934	3359.109404948882	8.6206557384
1	10957	3365.263172344879	25.706716358546
1	10970	3368.342665228636	23.505587392138
1	11041	3387.384390586165	26.052638539929
1	11043	3387.814063562654	32.289548817207
1	11079	3398.197405744104	31.685223792913
1	11082	3398.431562287377	5.000628661016
1	11101	3404.182174518813	31.744347879779
1	11108	3404.760474324799	16.412005401331
1	11125	3409.928006720374	32.337018352353
1	11147	3415.567082230111	32.30495874805
1	11152	3417.373063926579	7.752597104992
1	11172	3425.146411293996	26.051791660839
1	11180	3427.629413496815	23.13163448463
1	11184	3428.715150560364	13.708686342582
1	11222	3441.217761829487	15.223348648985
1	11232	3443.193972057423	6.540551039624
1	11240	3445.178872894021	13.885654028038
1	11245	3447.527041919407	26.729968936766
1	11284	3461.393591195685	13.180085564147
1	11297	3465.392255826963	6.277437417187
1	11316	3470.70090225839	28.26306608564
1	11356	3482.796791098304	18.224324061534
1	11359	3483.146215233014	29.631638545544
1	11392	3493.755892927517	13.018492311937
1	11427	3502.523526726167	32.455242038589
1	11442	3505.692395185812	30.305761671626
1	11456	3509.914043249555	17.846333542839
1	11460	3510.631247073637	13.290327773662
1	11477	3514.602256052419	28.436227891592
1	11502	3522.020895599498	19.231413541247
1	11518	3525.971082965371	1.573885658058
1	11524	3527.841399224118	8.760983589221
1	11534	3530.609762082451	16.875370497466
1	11543	3534.820310788687	26.447831514757
1	11587	3551.0715047192	20.723013542477
1	11618	3558.990021076047	23.284324391746
1	11653	3568.856052481679	10.744278744446
1	11665	3571.292687577769	29.772494228672
1	11675	3574.609002161297	27.874991971533
1	11686	3577.630022599819	2.759111265419
1	11702	3583.756155758972	31.48156512191
1	11730	3591.826341945669	27.960806953487
1	11745	3596.333916516267	15.933014511363
1	11777	3604.627116351847	19.037020649762
1	11781	3605.452799714394	36.494251627241
1	11788	3607.855728773742	10.63239817333
1	11794	3608.723536473459	17.39972802275
1	11827	3620.671063117909	18.312334168005
1	11841	3625.233667869578	17.247763997875
1	11890	3638.866256346686	25.879893117585
1	11918	3646.282190731602	27.743504499434
1	11924	3647.054198464835	17.240609278668
1	11928	3648.558250767987	24.705014534412
1	11934	3650.231429919128	14.96952885273
1	11954	3657.192559192647	4.718155310256
1	11996	3670.306334489949	29.246986332815
1	11999	3671.060932283281	13.355927214026
1	12022	3677.782193824758	31.097575857421
1	12033	3680.493003465342	6.608700297656
1	12039	3682.003244309677	13.457087509101
1	12049	3685.282482586443	22.474948172341
1	12092	3700.428533125893	21.147498473758
1	12101	3702.068817538433	6.404456184711
1	12138	3712.540919541604	22.219499659025
1	12147	3715.210117560217	30.643957704186
1	12178	3724.848846079656	7.549209744786
1	12185	3727.502170637238	15.451635306233
1	12193	3729.104497450511	27.952243412728
1	12199	3731.40852246642	25.225790006573
1	12243	3745.816572017844	16.954324655353
1	12254	3749.34433997794	9.660044859629
1	12267	3753.35168633725	30.232958551491
1	12281	3757.769551839437	7.273977880133
1	12287	3760.365679733213	4.581387209706
1	12309	3766.65571860642	32.065618552266
1	12314	3768.342256131336	23.244090221586
1	12329	3774.115599210714	13.250182453659
1	12379	3789.764359265091	6.855644823285
1	12382	3790.267889862871	18.140319007915
1	12395	3793.647644151696	27.495479250797
1	12400	3795.487644155967	7.149575330784
1	12405	3797.366794735534	3.766643322423
1	12429	3807.800212615509	30.100896110176
1	12438	3810.636029146368	12.025335780343
1	12466	3820.798492355499	16.496364534137
1	12485	3826.697705134275	6.413865504786
1	12511	3834.978750260654	25.381455222261
1	12558	3848.140265396673	33.082753894969
1	12573	3851.218993812673	19.752287116249
1	12595	3858.504187747245	21.373303769505
1	12599	3859.605838794368	33.567843371186
1	12627	3869.24909166467	3.522982870578
1	12661	3878.119255606077	23.521133144387
1	12667	3879.291615394751	36.337072668947
1	12690	3885.84595417929	14.179206860718
1	12713	3893.411486758027	4.722498710151
1	12723	3895.532651662352	35.531114042271
1	12727	3896.233945622566	13.025719413068
1	12751	3903.795671942168	3.547542680985
1	12756	3904.678029855473	55.997727684445
1	12771	3909.826964396044	32.26032467885
1	12773	3910.153350903877	15.55443953746
1	12819	3926.367532699127	15.556830976159
1	12840	3931.786587046565	26.399238388402
1	12873	3940.214926154925	24.098980491864
1	12893	3945.263899975563	1.447504004813
1	12897	3946.639114655894	19.44442973577
1	12899	3947.063722744343	14.224323080389
1	12921	3954.95491886138	32.880357770017
1	12982	3972.195207540636	34.004294743996
1	12994	3976.073677724683	21.58707708749
1	13024	3983.362074055232	34.064039379124
1	13037	3987.555305731705	27.953359336592
1	13071	3995.709145546766	30.146481640523
1	13082	3998.813306985179	21.737593069207
1	13100	4003.623511439177	3.760747944004
1	13131	4011.924548015802	40.708175199455
1	13154	4016.978395937701	34.303266287086
1	13174	4021.564382013739	33.049540541486
1	13200	4029.76656314101	35.479591620622
1	13204	4030.486252102292	14.263382315403
1	13216	4032.922416839972	27.692580952078
1	13251	4043.960161347049	7.057194770897
1	13255	4044.702710417558	33.719836209439
1	13285	4053.22989235608	26.749115815621
1	13309	4061.622149183405	29.924979463453
1	13325	4066.067003527066	44.686532557129
1	13335	4069.11076096223	10.977527128183
1	13346	4071.708386496049	29.641203645967
1	13353	4073.357249936197	20.811691905491
1	13374	4079.295947999452	32.188932958294
1	13408	4088.129751340709	24.350263425849
1	13422	4092.360146094333	22.600452451266
1	13452	4102.491215887352	21.293777488522
1	13481	4109.596748339349	34.023813825449
1	13486	4110.513748917017	7.834761180914
1	13489	4110.905807738995	13.443048184388
1	13509	4117.881129748294	25.846287615715
1	13541	4126.518591557733	7.480185321183
1	13584	4138.785747626318	52.174906263127
1	13597	4141.405865874827	27.529283699579
1	13615	4146.411899979329	22.007094207801
1	13625	4148.797545807194	40.463036770237
1	13658	4157.454635548043	27.613201847416
1	13668	4160.893567588982	20.663318549399
1	13703	4170.578778060022	19.026523054226
1	13722	4174.847650099881	29.227925976155
1	13728	4176.415688102125	41.419588251742
1	13754	4184.556637143701	16.001942984291
1	13765	4187.122899193071	24.296561372233
1	13807	4198.649192985605	41.225722297099
1	13812	4200.467219972387	20.427737530669
1	13816	4200.929210377259	26.706254544315
1	13829	4204.501960710957	13.632195711251
1	13841	4208.255827054017	22.848212343988
1	13850	4210.681043633828	3.32561127271
1	13886	4222.455273714603	4.528145734222
1	13896	4224.296162176398	1.163625827292
1	13906	4228.070971818286	31.455956109458
1	13913	4229.626630983768	17.024730941048
1	13933	4236.973060262025	34.659245807559
1	13966	4247.758907601339	18.752026004832
1	13987	4254.358026007991	20.227565389242
1	14006	4259.725587668117	19.780173850479
1	14008	4259.743157822158	9.604416758053
1	14012	4261.107915623564	15.974210113751
1	14053	4275.017238241025	8.512915939209
1	14084	4283.245461328291	27.684137410135
1	14087	4283.923234984615	1.479074967676
1	14093	4286.187032727512	24.882984860801
1	14118	4294.773738656879	17.760577783222
1	14145	4302.186116669549	30.469359060752
1	14163	4307.841978661237	7.742641735822
1	14168	4309.272267817506	3.587764612399
1	14181	4313.352943884659	24.978615156838
1	14185	4315.254662373672	3.841425237363
1	14187	4315.836674880689	21.73451991356
1	14202	4324.563552177497	7.938217120478
1	14225	4336.111335129463	8.620931977407
1	14280	4351.931260560507	29.451409033615
1	14288	4354.328641769694	16.343693509931
1	14294	4356.181565261548	23.256837661495
1	14299	4357.829374637439	14.756052097538
1	14328	4366.726911164107	17.731210692321
1	14334	4368.163305942768	2.377055146382
1	14347	4372.0382649832	11.978539921924
1	14350	4373.559792200903	19.250531112426
1	14359	4378.218543558016	6.711082962458
1	14361	4379.203221633781	2.551170654129
1	14401	4399.395127082343	11.65652525227
1	14414	4403.852408435179	21.742067926796
1	14423	4406.556852666646	7.933855207406
1	14427	4407.438360944023	14.070375704089
1	14452	4418.256845701935	14.187406907091
1	14462	4422.271333048104	12.337549186312
1	14475	4427.498841495936	6.522425262491
1	14488	4433.413451602667	18.353828152643
1	14514	4443.391758737836	11.016122760251
1	14529	4447.729168175587	21.135074056569
1	14553	4455.563727251588	11.99577844923
1	14559	4457.383631305405	8.106708712528
1	14566	4459.851355133096	5.080696885241
1	14570	4461.737089095736	24.125686280312
1	14588	4470.639219559363	5.178868423798
1	14592	4472.993251149758	2.510420561535
1	14645	4491.596532231297	10.480236241478
1	14652	4494.682382199896	19.035364719806
1	14655	4495.646821453218	35.875522625631
1	14686	4505.229817184719	3.121343437931
1	14712	4512.506554709847	5.1698362272
1	14718	4513.315490500752	26.936539620627
1	14725	4515.760619134976	19.009372193018
1	14745	4522.609254472174	31.187768580625
1	14760	4528.217124560016	9.644954811665
1	14789	4537.196870684023	12.725873397778
1	14794	4538.547012044565	25.837349979672
1	14840	4551.119977672218	10.692822973127
1	14845	4552.473629887315	22.998525696457
1	14858	4557.021854435659	21.831067181774
1	14871	4561.654213880405	16.073472395306
1	14892	4567.733342662671	11.458483062452
1	14900	4570.036549325784	2.648036099039
1	14928	4579.200874945015	17.333106639444
1	14932	4580.41800644282	29.382030882057
1	14984	4596.034243694839	23.351649112416
1	14989	4597.911250290444	14.115127544849
1	15014	4604.971329991223	15.469008347717
1	15017	4605.908477826379	27.242263439695
1	15030	4609.027929820105	2.76513272943
1	15036	4611.559812187319	10.835575266626
1	15077	4625.783189648979	8.495661414228
1	15093	4629.440949944645	34.683273268512
1	15107	4634.015048799323	22.040764128092
1	15113	4634.962544335387	6.848848009134
1	15131	4642.937293644047	8.881250563776
1	15159	4652.05848966444	29.021290353963
1	15163	4653.080060466293	13.143244351377
1	15180	4658.400758441055	8.187106757424
1	15206	4667.292346818706	22.326766976272
1	15232	4674.663110908338	12.93944823416
1	15239	4676.926861158904	20.927038280176
1	15258	4683.040018364654	11.024912730441
1	15288	4691.082353530783	24.226790188926
1	15312	4699.54926421189	21.90566300787
1	15323	4701.846796120967	1.682507183403
1	15344	4707.827520082806	13.41621316562
1	15371	4715.850525792556	32.306686998927
1	15377	4716.757184563421	10.985377496341
1	15383	4718.389637236002	29.719121113885
1	15386	4719.01053578568	2.593202839839
1	15411	4730.25257763975	8.037942060851
1	15423	4733.7039764308	22.477372829223
1	15444	4741.844770864684	2.919422850595
1	15449	4744.164372421436	16.451940419037
1	15481	4756.951195401822	23.923930668971
1	15506	4763.610272948847	3.264671766432
1	15525	4768.756780667795	19.527024630572
1	15527	4769.108232485229	24.910237968781
1	15562	4780.795774641666	25.579363715604
1	15582	4785.942829134859	14.703481134727
1	15607	4792.846035483974	26.861365563002
1	15639	4800.400340356849	24.083524771036
1	15657	4805.184963185442	17.876336892952
1	15666	4808.491783064075	5.333870860049
1	15673	4810.0072160455	17.035620430135
1	15678	4811.109895346204	29.719536590622
1	15681	4812.275871783129	3.316112187341
1	15707	4822.579327807978	24.482712669996
1	15754	4837.499802814432	23.364765608567
1	15767	4842.303132485118	22.59031388443
1	15772	4842.445729710494	16.796123880309
1	15774	4843.018659101202	11.803002216271
1	15782	4847.590780463171	5.177702009562
1	15803	4854.667744756192	17.703614673341
1	15833	4865.587502097696	6.916113267653
1	15869	4875.868721690479	22.939642867772
1	15876	4877.498401695264	29.867087972233
1	15887	4881.769300558238	17.595544297363
1	15891	4884.014457881435	2.826508367667
1	15930	4899.412578647359	6.938707558089
1	15934	4900.638195975785	30.676281555207
1	15964	4908.574147964112	21.971926472381
1	15986	4914.999682064502	17.47367718548
1	15993	4917.230784551691	41.812217151747
1	16003	4919.590885918805	11.113323860336
1	16029	4928.096077421083	8.728496125783
1	16056	4936.14258523738	32.817061342882
1	16073	4940.003714955978	9.561441237921
1	16084	4943.262448230975	29.234765999484
1	16094	4946.428125486695	21.116888607155
1	16117	4953.33461698271	17.094381531349
1	16120	4953.526342119191	11.925447277142
1	16146	4963.362398797513	11.414816637173
1	16178	4973.197033936143	9.985636167461
1	16186	4974.841246042618	28.235702446429
1	16225	4986.895311202606	29.284446853446
1	16260	4997.207195264503	28.04799727327
1	16268	4997.840499179888	23.060302447527
1	16273	4999.759490289943	19.030432496219
1	16315	5011.732170397284	14.366151917143
1	16332	5015.803540488573	29.21581990586
1	16338	5017.281878362745	25.213336848538
1	16350	5020.619508754563	11.799913910566
1	16356	5022.582067262018	8.385239601019
1	16378	5030.464473861141	27.313486195288
1	16453	5050.285721003878	30.914307265425
1	16471	5055.08062260259	29.839840592002
1	16485	5058.210772659266	27.518483795109
1	16501	5062.86172810405	26.57569272723
1	16510	5066.009119197946	24.717155060266
1	16559	5078.567543771106	21.316306514668
1	16563	5079.732841378412	33.316005210275
1	16569	5081.003102627218	28.783468296401
1	16588	5086.168185907168	7.688325759488
1	16590	5086.350437142291	13.327998472961
1	16594	5087.419539180685	25.152962008839
1	16597	5087.803134881062	20.286091893795
1	16607	5092.472969600219	8.232708782424
1	16654	5109.855264959727	4.539905766142
1	16669	5113.418783738846	24.032989580068
1	16676	5115.600254726815	21.106406460982
1	16691	5120.674576629522	20.997531426955
1	16721	5129.507040765588	7.712743636686
1	16748	5137.587775660897	20.979213136946
1	16754	5138.111068890533	26.918138892507
1	16759	5139.842179210959	7.306213828619
1	16762	5140.589527464575	13.113189217519
1	16797	5155.476653782871	12.181655971335
1	16806	5158.562019479449	20.62474866654
1	16816	5161.098303747349	12.03354970552
1	16819	5161.58340928737	6.605324583244
1	16841	5172.316195174455	6.806735056569
1	16858	5179.453505708706	19.197939600913
1	16898	5192.155920102129	15.946619207853
1	16912	5195.25864080734	24.365775592392
1	16930	5200.105198857594	18.055111961906
1	16932	5200.243222865028	12.484630530001
1	16945	5205.441752864035	12.029304116966
1	16951	5208.033391793243	4.392410908359
1	16960	5211.769084984189	2.612552794395
1	16998	5227.870668067816	13.093393312303
1	17007	5229.937495915203	9.680823324946
1	17018	5234.411639955114	35.986945870566
1	17059	5247.192169399566	15.907110638566
1	17078	5253.08364520942	16.394890318623
1	17085	5253.695389585554	6.031721327454
1	17088	5254.436142144126	28.992016055038
1	17094	5256.382041845339	13.854052292998
1	17114	5265.412370287215	7.031306275748
1	17148	5276.851394930838	12.637647697468
1	17151	5277.706228467968	24.380786020889
1	17219	5297.832343274132	28.141133338331
1	17242	5302.136387979711	27.044379851895
1	17253	5304.302999181776	23.591573310901
1	17255	5304.717439639483	18.390195617801
1	17287	5315.963532355599	12.535525056534
1	17291	5317.322588609982	8.706029302907
1	17294	5318.687384450445	26.399256066071
1	17306	5322.054061482879	24.069744828391
1	17314	5324.897612174841	5.426752886619
1	17319	5327.669926435321	13.966139456373
1	17342	5339.065612001096	8.756159110693
1	17389	5353.029013026023	17.611961180343
1	17402	5356.450380246024	10.896214847337
1	17407	5357.880432326216	33.154257965625
1	17421	5362.836903092785	22.402332548634
1	17430	5365.582663553287	9.225199104753
1	17480	5379.472401692169	17.391413865961
1	17491	5383.862318566984	33.162184016079
1	17521	5390.267179306928	11.635704816199
1	17555	5398.70800167798	31.15759185201
1	17560	5400.600121932206	16.668601219891
1	17573	5403.853866823467	31.038110814288
1	17577	5405.802817465024	4.822294443147
1	17579	5406.029714533458	16.380798263587
1	17617	5419.726366843892	24.292270202999
1	17658	5430.578360181402	24.29822986794
1	17678	5436.308893370777	19.180403198698
1	17688	5439.401604529223	27.406621832168
1	17696	5442.855874219196	9.371826478979
1	17704	5445.55808194411	22.967113888008
1	17747	5457.533347632139	29.505270918249
1	17770	5463.711899737813	12.882787815528
1	17781	5467.040428267543	28.1089717024
1	17801	5472.764973556026	27.874595967238
1	17824	5479.970009210388	23.675240752403
1	17831	5481.580510708955	15.004901825451
1	17857	5488.483678173375	27.149263949948
1	17868	5491.780670745517	19.816710714484
1	17897	5500.785332564716	23.092964887386
1	17911	5505.824763741563	17.77890553791
1	17913	5506.287812763462	12.355413154815
1	17917	5510.554089782979	27.688792177942

