version 3
run General-5-20240430-20:30:42-5479
attr configname General
attr datetime 20240430-20:30:42
attr datetimef 20240430-203042
attr experiment General
attr inifile omnetpp.ini
attr iterationvars $0=true
attr iterationvarsd true
attr iterationvarsf true-
attr measurement $0=true
attr network Supermarket
attr processid 5479
attr repetition 5
attr replication #5
attr resultdir results
attr runnumber 5
attr seedset 5
config network Supermarket
config repeat 10
config num-rngs 10
config **.use_random_strategy true

vector 0 Supermarket queueSizeOverTime:vector ETV
attr recordingmode vector
attr source updateQueue
attr title queueSizeOverTime
vector 1 Supermarket customerWaitingTime:vector ETV
attr interpolationmode none
attr recordingmode vector
attr source customerFinished
attr title "cust waiting time"
0	7	5.09310828452	1
0	13	10.22228286718	1
0	23	15.477756786626	1
0	38	20.499193017371	2
0	43	22.241940365522	1
0	57	26.495767245535	2
0	62	28.845533915446	0
0	64	29.63601818285	1
0	71	32.300449798815	1
0	73	32.596920734155	0
0	80	35.675276516356	0
0	85	37.625647104112	2
0	92	42.972188308369	1
0	96	45.880958967841	1
0	105	48.944852997083	1
0	115	53.533459783997	0
0	122	54.504810103914	2
0	132	60.0214217545	3
0	139	63.858832893428	0
0	145	65.286080478225	1
0	156	70.793264603242	4
0	158	71.822061085257	3
0	168	76.157683941303	1
0	183	81.324475812959	4
0	187	82.698403518413	3
0	201	86.376734498889	4
0	202	86.405333981732	0
0	211	91.358167941798	3
0	215	91.65387749672	1
0	229	96.833705186845	4
0	230	97.381092311232	3
0	234	98.904513371642	2
0	246	101.886446508347	2
0	250	104.10534227884	1
0	261	107.087631746662	3
0	275	112.795521047433	2
0	279	113.018961018185	2
0	281	113.899811249693	1
0	283	114.181037169766	1
0	296	118.702166788281	2
0	301	120.877447501874	0
0	311	123.908228419722	1
0	326	129.130267806352	2
0	329	130.004827801838	0
0	340	135.056264302228	3
0	353	140.852981558768	1
0	358	143.484461842455	2
0	361	143.9676706685	1
0	370	146.043332992121	1
0	390	151.825166664319	2
0	391	151.891216077261	0
0	401	155.772473627703	0
0	406	157.280573513359	1
0	423	162.499924349599	1
0	425	163.405791664497	1
0	430	165.302673746367	0
0	434	166.158179675928	1
0	436	166.333008058718	0
0	438	166.512585380698	0
0	443	167.794853892178	2
0	450	173.065135515296	1
0	461	178.320474423469	1
0	480	184.303690057947	2
0	489	187.423720638384	1
0	497	189.530804223149	1
0	506	192.644801031332	0
0	511	193.901780509972	0
0	513	194.608773687972	1
0	518	195.009920464364	2
0	529	200.426125161584	2
0	532	202.996300330386	1
0	540	205.45215687086	1
0	549	209.072102784763	1
0	557	210.992453101092	2
0	562	212.790597721004	0
0	573	216.57624541293	1
0	576	217.728346057006	1
0	589	222.300846871455	2
0	604	228.220103890636	1
0	627	233.483807717684	3
0	638	236.461372739636	2
0	651	239.44808383356	2
0	660	241.776955299431	1
0	663	242.861586317887	0
0	669	244.370245254485	1
0	673	245.245843942279	2
0	684	249.389494754607	0
0	689	250.963834089229	1
0	698	254.112657988796	0
0	700	254.282058956686	1
0	707	256.385379897665	1
0	712	258.011427023683	0
0	719	260.86106196244	0
0	725	262.224497202553	1
0	734	267.238402571065	2
0	746	273.101710536984	1
0	764	278.657295540908	3
0	768	280.232015200195	0
0	774	282.603683191818	2
0	777	284.204946959741	1
0	781	284.478952571984	2
0	788	288.257222767688	1
0	795	290.319296743489	1
0	812	296.312600461069	2
0	826	301.925838029246	2
0	843	306.98548891116	2
0	845	308.287993202686	1
0	859	312.745191254654	3
0	869	317.784353606289	2
0	874	318.245082889917	3
0	879	320.697797612522	1
0	889	323.525672506309	2
0	904	328.575370188803	1
0	908	329.600635085606	2
0	913	330.814919981176	0
0	925	334.529622578528	1
0	928	335.419884913486	1
0	947	340.016666061711	2
0	969	345.57831047196	3
0	974	346.629438927166	0
0	984	350.146374386736	0
0	991	351.565332274652	4
0	993	352.917290838318	3
0	1003	357.080364289927	1
0	1004	357.290912107102	1
0	1024	363.041499335552	2
0	1028	364.826323074172	2
0	1030	365.483029093127	1
0	1040	368.804609455401	2
0	1056	374.18546186178	3
0	1057	374.456023100415	1
0	1074	379.39409150416	1
0	1081	381.409092594058	2
0	1092	384.48388457857	2
0	1111	389.601794828661	0
0	1118	390.098383438773	3
0	1132	395.27383940597	2
0	1141	398.504187065181	1
0	1151	400.862154230708	3
0	1162	404.860717624076	2
0	1167	406.086501093581	4
0	1169	406.29135503818	3
0	1176	409.186798908514	1
0	1185	411.128630598308	4
0	1187	412.204678276791	0
0	1194	415.248793559381	0
0	1199	416.307898821309	5
0	1208	421.415424247738	1
0	1220	427.321376292268	2
0	1231	432.833181065507	3
0	1236	434.623952804599	4
0	1246	438.3043412189	5
0	1254	442.425938583445	2
0	1261	443.872526995372	1
0	1276	449.046355522703	2
0	1279	450.156338915812	1
0	1295	454.162798645673	3
0	1311	459.757735571125	2
0	1314	460.467517381884	4
0	1318	461.755773731389	2
0	1326	464.252311884544	1
0	1332	464.898622662061	1
0	1351	470.207106821471	3
0	1354	470.401572145291	0
0	1370	475.622192831011	2
0	1380	479.088440378196	3
0	1382	479.640505239249	2
0	1385	480.452483114204	1
0	1392	481.417462349403	3
0	1408	487.152003448223	2
0	1423	493.07200207794	3
0	1427	494.019932039546	2
0	1431	495.113896563416	2
0	1446	499.05707893148	3
0	1461	504.909074830124	4
0	1464	505.480193954775	1
0	1479	509.960770708509	2
0	1483	511.695897293161	2
0	1496	515.406570089283	3
0	1511	520.429405312054	1
0	1514	520.742600116992	3
0	1521	523.108948811073	0
0	1523	523.233648297377	2
0	1526	524.575016138377	1
0	1536	526.294333002065	4
0	1551	532.249738320476	2
0	1569	537.565665436443	1
0	1583	542.337898910743	1
0	1589	542.88826645189	5
0	1591	543.730609886347	0
0	1602	546.824849231633	1
0	1608	548.209444481414	2
0	1618	551.525308392359	0
0	1620	551.539904358794	4
0	1627	553.340160228545	1
0	1631	555.13448615337	3
0	1646	559.300752480282	4
0	1653	562.098039817179	3
0	1658	563.248047231116	1
0	1665	564.871403184487	2
0	1668	565.792998300402	0
0	1678	570.523195724469	1
0	1688	575.097979062584	1
0	1694	576.000089773909	1
0	1707	579.88840636995	2
0	1714	581.242413109402	2
0	1729	586.081273881371	0
0	1734	586.663037609077	2
0	1749	591.914030965418	3
0	1761	597.363408833511	2
0	1765	597.550476924051	3
0	1767	597.772345686678	2
0	1787	603.46365820244	3
0	1790	604.731432120197	2
0	1796	605.978265739978	1
0	1807	609.245067457669	1
0	1827	614.989387382987	3
0	1829	615.64909316797	2
0	1833	616.66885203938	1
0	1849	620.178639787949	2
0	1854	621.768126384472	1
0	1870	625.31251949235	2
0	1891	631.251549831127	3
0	1892	631.252667960013	0
0	1899	634.001293597973	2
0	1904	635.643825775129	0
0	1909	636.39410641743	3
0	1917	641.229580395043	2
0	1923	642.308220216307	1
0	1937	647.390032685363	1
0	1955	652.600389433095	2
0	1980	658.282079323429	3
0	1990	661.497024629151	1
0	1998	663.207195435187	0
0	2000	663.558567043855	1
0	2004	663.613581605723	4
0	2018	669.119830479381	1
0	2034	673.678219019669	3
0	2036	673.882315248368	0
0	2043	674.98515908816	2
0	2056	680.144041917055	3
0	2058	680.762865807855	2
0	2071	685.181171620731	4
0	2076	686.720928286902	0
0	2081	688.679938048359	3
0	2083	689.780610375799	1
0	2087	690.305731650675	1
0	2094	692.957172028838	0
0	2103	696.039421475493	4
0	2111	700.846406734084	3
0	2116	701.724453666714	1
0	2133	707.475955273258	4
0	2148	712.822108806577	2
0	2154	715.722298432721	1
0	2158	716.773340373419	3
0	2164	717.827379955911	2
0	2179	723.408257468604	3
0	2192	728.885173334741	2
0	2199	731.055635814436	2
0	2208	734.194202314365	3
0	2218	737.810470171389	1
0	2226	739.252455104376	4
0	2241	745.027524371865	4
0	2243	745.894125523513	3
0	2258	750.261733046035	4
0	2260	750.616668320842	3
0	2263	751.481182917603	0
0	2273	755.500187361148	5
0	2276	756.498418673759	4
0	2284	760.701611972998	3
0	2288	761.459936177359	4
0	2291	762.714900987458	3
0	2302	766.960418732605	1
0	2303	767.151285924482	2
0	2306	768.204619380528	1
0	2320	772.211267767475	2
0	2337	777.854638633785	2
0	2352	783.046146708076	3
0	2357	784.078951521312	2
0	2361	785.398493722082	1
0	2372	788.426872498124	1
0	2377	789.495471455975	2
0	2390	793.693639040226	0
0	2396	794.321044809884	3
0	2404	797.579810538679	2
0	2412	799.698584523285	2
0	2423	804.090090944316	1
0	2429	805.26127008861	1
0	2443	809.349247685867	1
0	2450	811.068817320979	2
0	2470	816.269593710081	3
0	2479	818.661028258968	0
0	2487	821.368281463395	4
0	2489	822.067647582971	1
0	2505	827.236255454832	1
0	2524	832.938706984279	5
0	2525	833.59318979038	0
0	2533	836.502357144491	4
0	2539	838.3573270567	0
0	2543	838.358883850045	1
0	2560	843.69639945985	2
0	2563	845.016826003327	0
0	2574	848.969061245911	3
0	2581	852.943240360124	3
0	2587	854.885024542922	4
0	2599	860.750763722464	5
0	2612	866.245118438268	4
0	2614	867.753328291	3
0	2624	871.61240235693	6
0	2630	875.213265093276	5
0	2634	876.387611497192	2
0	2638	877.165487183725	6
0	2650	882.335516407156	1
0	2657	885.292081567461	5
0	2667	887.840657323833	2
0	2683	893.096127881204	6
0	2699	898.872910304695	7
0	2711	903.636753039317	1
0	2716	904.361733637286	1
0	2718	904.842564308665	0
0	2721	906.020370189453	6
0	2737	909.935875545956	3
0	2746	913.20013783756	5
0	2749	913.993031944966	4
0	2756	915.327043746134	2
0	2757	915.750633784572	2
0	2769	920.683478197783	1
0	2778	923.747186510127	1
0	2788	926.02829187154	5
0	2806	931.49013903679	0
0	2810	931.612807068044	6
0	2826	937.426230385668	7
0	2829	938.723585854173	6
0	2836	942.051231709311	1
0	2842	942.661471305416	1
0	2849	944.523968815107	0
0	2861	947.962437760319	2
0	2877	953.409422049533	2
0	2882	954.990662853356	5
0	2885	956.317249576215	1
0	2893	958.610386755086	2
0	2896	959.139091784257	4
0	2908	963.568797508144	3
0	2915	964.389746796341	3
0	2931	969.641678838992	4
0	2935	971.47602182883	2
0	2937	972.281140565175	1
0	2949	975.634727813305	2
0	2957	978.564148514532	1
0	2963	981.005769015643	3
0	2967	981.486449319172	4
0	2970	982.228530442343	1
0	2983	986.76276519755	1
0	2998	991.623597160332	0
0	3002	992.138419853757	2
0	3021	997.62279615691	2
0	3036	1003.01842021593	3
0	3042	1004.8026612344	3
0	3044	1005.807068404396	2
0	3048	1006.917582297934	1
0	3059	1008.795095104725	4
0	3063	1009.845389194092	0
0	3065	1010.618483542234	1
0	3070	1013.301688130831	3
0	3075	1014.541245740606	4
0	3087	1020.084398339503	1
0	3088	1020.482924680695	3
0	3103	1025.675293961544	2
0	3107	1025.903753329767	2
0	3116	1029.148534975246	1
0	3124	1031.206524313428	3
0	3127	1032.218590490519	0
0	3137	1036.431827519089	2
0	3149	1042.148336647777	1
0	3163	1047.37128593633	2
0	3172	1051.25249452493	1
0	3179	1052.782287373441	4
0	3188	1056.886277994959	3
0	3194	1057.876980829985	2
0	3214	1063.498461671175	3
0	3231	1069.403311946198	3
0	3240	1072.667058644585	2
0	3242	1073.138080021484	2
0	3244	1073.463056831735	2
0	3250	1074.564758827446	3
0	3251	1074.786705594624	1
0	3261	1078.760556327296	2
0	3269	1080.556396474831	1
0	3276	1082.910867339118	1
0	3281	1083.657261216429	0
0	3290	1085.990566713738	2
0	3300	1089.063292412206	1
0	3310	1091.614251187539	3
0	3316	1093.294829752415	0
0	3319	1094.16094716557	2
0	3327	1097.317966407633	3
0	3331	1099.328531563168	0
0	3337	1102.39554059692	4
0	3339	1103.955564246746	3
0	3345	1107.661907176956	4
0	3353	1113.477661929562	1
0	3365	1118.746383461639	1
0	3375	1123.234864015832	3
0	3382	1124.681915311612	2
0	3400	1130.287408662265	1
0	3417	1135.781989153012	3
0	3418	1136.015213821319	2
0	3421	1136.46974267648	0
0	3426	1138.296170989171	1
0	3433	1140.976063858487	2
0	3438	1141.764288434529	2
0	3439	1142.315148163589	1
0	3442	1142.798742820979	1
0	3456	1146.887443613963	2
0	3469	1151.256155042328	0
0	3474	1151.9483804144	2
0	3486	1157.168976616351	3
0	3488	1158.503433475743	2
0	3491	1159.528685813538	1
0	3501	1163.160099294739	1
0	3512	1167.997659830611	0
0	3516	1168.214721091794	1
0	3532	1173.672243865444	3
0	3534	1174.157414685473	0
0	3544	1178.828892871975	1
0	3549	1180.788089698885	2
0	3561	1184.299952700972	3
0	3563	1184.984642406231	0
0	3573	1189.621582277124	1
0	3583	1194.423613057244	0
0	3589	1194.734024741459	4
0	3590	1195.652768739156	0
0	3597	1199.799198542028	5
0	3603	1205.392716715816	1
0	3611	1210.460068318766	4
0	3616	1211.326017276389	1
0	3630	1216.53226128384	5
0	3648	1221.987233698838	2
0	3664	1227.829955946658	1
0	3673	1230.887296016101	1
0	3687	1233.771892414898	2
0	3698	1236.772521761716	0
0	3703	1238.068514910649	4
0	3711	1239.612240113322	3
0	3712	1240.059706723904	2
0	3729	1245.401093670404	5
0	3741	1250.481918940674	1
0	3746	1250.722899708435	2
0	3756	1254.30018677528	1
0	3764	1256.459198423199	6
0	3779	1261.49288830045	1
0	3783	1262.403283660072	0
0	3789	1263.63652913669	5
0	3798	1266.842334406221	2
0	3799	1267.11801573716	1
0	3817	1272.818511809692	1
0	3837	1278.166105735585	2
0	3851	1282.781181758626	4
0	3857	1283.552783000985	2
0	3860	1284.591886112238	1
0	3863	1284.929621119405	0
0	3872	1288.531988694453	1
0	3878	1289.068927564895	2
0	3892	1294.880905390488	5
0	3897	1297.628751065702	0
0	3906	1300.231621400457	1
0	3920	1305.393577032146	4
0	3925	1305.700312994424	1
0	3944	1311.41011546017	2
0	3948	1312.019529695977	1
0	3969	1316.91314350488	2
0	3983	1321.19095023268	0
0	3989	1322.626051050149	3
0	3999	1326.177158896814	2
0	4007	1327.972364679681	3
0	4008	1328.120018740304	1
0	4024	1333.038841093195	5
0	4032	1336.722575237397	4
0	4039	1338.301624613119	4
0	4042	1339.503747271029	3
0	4059	1344.271884853955	5
0	4073	1349.528441286416	2
0	4074	1349.82990151027	1
0	4076	1349.884681658243	4
0	4087	1354.299846308076	0
0	4092	1355.042782735781	5
0	4103	1359.770404777845	4
0	4108	1360.390716061465	1
0	4122	1365.815311197428	5
0	4128	1367.801453655589	2
0	4131	1369.002124951457	0
0	4138	1370.881208998853	6
0	4150	1376.574937768284	1
0	4166	1382.001202004034	7
0	4175	1385.850728275726	6
0	4178	1386.560068053426	1
0	4185	1387.686153908264	2
0	4200	1392.927618730817	2
0	4202	1393.937868610027	1
0	4206	1395.178884270484	1
0	4218	1398.707660830583	1
0	4238	1404.661425711125	2
0	4241	1405.486004200418	1
0	4257	1410.138489565583	7
0	4272	1414.340172010356	0
0	4278	1415.19765776466	8
0	4285	1418.055446706714	0
0	4289	1420.718757892849	7
0	4293	1421.133847111374	1
0	4294	1421.168948120556	0
0	4304	1426.240257088099	2
0	4308	1428.183584121641	1
0	4312	1430.799914526989	0
0	4314	1431.361630454549	6
0	4318	1431.919305694992	7
0	4324	1436.999761348594	1
0	4336	1442.281309411865	1
0	4349	1447.415620368444	2
0	4350	1447.456570717511	0
0	4363	1453.093697385168	1
0	4377	1458.347125825243	3
0	4382	1460.645209580897	2
0	4393	1463.479183334395	2
0	4396	1463.94036136766	6
0	4410	1468.973730448637	7
0	4425	1473.994015333479	3
0	4437	1479.151514111789	1
0	4444	1480.956633535218	2
0	4460	1484.825404486157	3
0	4465	1486.860618667564	0
0	4469	1487.606329064705	2
0	4472	1488.452313914202	6
0	4482	1490.40526311193	1
0	4499	1494.605019920162	1
0	4507	1496.392333247004	3
0	4509	1496.820289148955	5
0	4529	1502.027325153122	2
0	4532	1503.094602058996	2
0	4547	1507.059686924568	6
0	4557	1509.619558402924	1
0	4566	1511.496501029707	0
0	4568	1511.569097293196	1
0	4572	1512.141950469468	2
0	4576	1513.206485131181	5
0	4587	1516.739463540617	4
0	4593	1517.595734478211	2
0	4595	1518.494358296977	1
0	4609	1523.170848990561	5
0	4626	1529.02907181159	6
0	4629	1529.659466762453	5
0	4643	1534.207345385108	3
0	4654	1539.283886031717	2
0	4669	1544.54478997691	1
0	4673	1546.086404088773	2
0	4678	1547.04204002873	1
0	4692	1550.144935472174	3
0	4711	1555.227803554856	2
0	4731	1560.710127434465	3
0	4735	1561.868762496519	4
0	4749	1565.658894951931	3
0	4755	1565.982889203825	4
0	4767	1569.745042524655	2
0	4776	1571.207794360588	3
0	4785	1573.178489595658	2
0	4788	1574.308101968147	3
0	4795	1576.395041221647	2
0	4802	1576.969219112075	3
0	4811	1579.996294316373	0
0	4820	1582.665962959877	1
0	4821	1583.189672815036	2
0	4826	1583.853877955821	2
0	4840	1587.736291294922	3
0	4850	1590.630647108547	1
0	4861	1592.921745492848	4
0	4872	1595.821342293183	3
0	4878	1597.625381984405	0
0	4883	1598.190250858669	4
0	4899	1603.951566860317	5
0	4901	1604.327942727137	1
0	4907	1606.050921848631	0
0	4916	1609.345121774827	2
0	4926	1614.149116148011	1
0	4931	1615.301319373543	1
0	4940	1619.406868896808	4
0	4946	1620.912066320194	2
0	4960	1625.934750153687	2
0	4976	1631.048893011877	1
0	4987	1633.854449269132	1
0	4998	1636.210599663671	2
0	5002	1636.934287103712	1
0	5020	1641.91846288904	3
0	5029	1644.526567122554	2
0	5042	1647.348371018194	5
0	5048	1649.097813424784	4
0	5052	1650.364743298981	3
0	5056	1651.327648331076	2
0	5064	1652.727815175666	2
0	5071	1654.848442890569	1
0	5079	1656.272314110658	0
0	5088	1657.789561692629	3
0	5090	1658.847232099509	0
0	5098	1663.276173431546	1
0	5102	1663.383728506746	4
0	5114	1668.956528967716	1
0	5115	1669.442227926934	3
0	5130	1674.24073067203	0
0	5134	1674.805793354525	1
0	5135	1674.891752757378	2
0	5145	1679.508955136411	0
0	5151	1680.50777245942	3
0	5154	1682.71460797056	0
0	5160	1685.755177956544	4
0	5167	1691.234010978839	1
0	5178	1697.176341399322	1
0	5193	1702.865984612149	2
0	5199	1705.274119325693	3
0	5209	1708.031876874394	4
0	5210	1708.343667908343	1
0	5216	1710.309138747053	0
0	5225	1713.272149510919	1
0	5240	1718.753236882393	2
0	5244	1720.100702215813	3
0	5255	1724.096920660236	1
0	5256	1724.394162098656	2
0	5261	1725.656607030896	0
0	5274	1729.913521051644	2
0	5288	1734.949313291353	1
0	5306	1739.974536703556	1
0	5314	1740.749615781712	2
0	5322	1743.209924909292	1
0	5334	1746.105237724729	3
0	5338	1747.281821953603	0
0	5344	1749.136310640968	1
0	5351	1751.540241298735	2
0	5358	1754.003424398488	2
0	5368	1757.308367291702	1
0	5386	1762.678567641186	2
0	5396	1765.527067505408	1
0	5405	1768.067989176375	1
0	5410	1768.634753451687	2
0	5412	1769.400708771314	0
0	5418	1770.695154127788	1
0	5428	1773.650811716453	2
0	5441	1778.777685852736	1
0	5446	1779.233067794475	3
0	5463	1785.010998257906	4
0	5479	1790.487720839917	2
0	5493	1795.826560551771	5
0	5495	1796.396075746978	4
0	5498	1796.926849488067	1
0	5507	1800.859141337344	0
0	5511	1800.985252209711	2
0	5515	1802.218548072866	1
0	5517	1803.106134941816	0
0	5524	1806.888005519291	1
0	5536	1812.737675304763	2
0	5548	1818.068971366627	3
0	5554	1822.436975589257	3
0	5560	1823.630673649493	1
0	5573	1828.725108770891	4
0	5576	1830.058427445132	3
0	5589	1833.910137627278	1
0	5612	1839.793804050195	4
0	5613	1839.803647561003	2
0	5634	1845.323881887835	5
0	5636	1845.943522488705	4
0	5647	1848.808525240871	3
0	5657	1850.681856718617	3
0	5664	1852.410229506674	0
0	5669	1853.867004881968	0
0	5676	1855.971048689917	4
0	5680	1858.417580465094	2
0	5687	1861.829784360718	3
0	5693	1864.781882201561	3
0	5700	1866.934137170672	4
0	5711	1872.803334863394	1
0	5718	1875.125698857831	3
0	5730	1878.55463109189	1
0	5740	1881.54591865745	2
0	5753	1884.262406991565	3
0	5762	1886.977354350041	2
0	5773	1889.269225172934	2
0	5775	1890.063292269367	1
0	5791	1894.640823301396	3
0	5801	1897.410318608985	2
0	5803	1897.793113947384	0
0	5811	1899.837350402495	4
0	5816	1901.767426010693	3
0	5829	1905.729419131067	3
0	5831	1906.193622634868	0
0	5841	1911.015720996775	1
0	5842	1911.155384442078	2
0	5859	1916.912382001059	4
0	5876	1922.570553863656	1
0	5887	1925.597344545189	3
0	5899	1928.521739157617	2
0	5903	1929.851899429226	0
0	5907	1930.533240787925	2
0	5910	1931.806622053855	1
0	5914	1932.861853146346	1
0	5920	1934.444216759644	2
0	5932	1939.461060989307	1
0	5936	1939.646301398055	3
0	5952	1945.506040784299	2
0	5969	1951.084616719979	2
0	5976	1953.645931220268	1
0	5990	1956.800353093074	1
0	5991	1957.556503248641	2
0	6010	1962.525173960953	3
0	6014	1963.314993910036	2
0	6023	1965.615014323038	0
0	6030	1967.629876653199	2
0	6037	1969.74519901036	1
0	6052	1973.338409184712	3
0	6059	1976.540856510409	2
0	6067	1978.801017422928	1
0	6086	1983.849739433267	2
0	6088	1984.014652187936	0
0	6093	1986.029478210958	1
0	6097	1987.183720533396	1
0	6104	1989.500395582058	3
0	6111	1991.70311698469	0
0	6115	1992.961811291294	2
0	6123	1995.107335874346	3
0	6133	2000.481039610692	4
0	6145	2005.880998244743	2
0	6148	2007.291778898804	3
0	6158	2011.290298359237	3
0	6164	2015.653355812083	2
0	6169	2016.59623153275	1
0	6185	2022.399434588618	1
0	6204	2027.606909006602	3
0	6205	2027.737481137739	0
0	6215	2030.821572213209	2
0	6223	2033.465617380106	1
0	6244	2038.963206802729	3
0	6247	2039.739624943945	2
0	6251	2040.365545786453	0
0	6253	2040.799656562868	1
0	6267	2044.869932941395	4
0	6282	2050.5027881784	3
0	6287	2050.639763225104	2
0	6300	2055.645165886731	1
0	6309	2058.410744984518	0
0	6321	2061.449993230869	2
0	6332	2064.534163675514	2
0	6344	2067.106304808753	1
0	6349	2069.065868866641	1
0	6358	2071.330123125935	1
0	6364	2072.319980354747	2
0	6383	2077.23216050805	1
0	6388	2078.225379222771	2
0	6403	2081.947519202018	0
0	6411	2084.116650788113	3
0	6412	2084.238875973517	2
0	6429	2089.77560344641	3
0	6441	2094.841943049802	4
0	6448	2096.595403513754	1
0	6461	2100.594147621187	1
0	6466	2101.854556456334	0
0	6480	2106.393451664363	2
0	6481	2106.438022653469	3
0	6500	2111.731041058199	1
0	6516	2117.022734433179	2
0	6520	2117.766900678979	0
0	6536	2122.696559729287	4
0	6537	2123.054427914218	3
0	6544	2124.938663146108	1
0	6557	2128.389226629166	4
0	6573	2134.177966405638	1
0	6597	2140.110517795198	2
0	6599	2140.646594833464	1
0	6609	2142.874554073319	1
0	6613	2144.339662674012	3
0	6617	2144.993918569291	0
0	6622	2145.631509842119	2
0	6635	2150.438145708875	1
0	6639	2150.650915754261	1
0	6658	2156.288694299525	2
0	6679	2161.830417141552	2
0	6690	2164.984426548485	2
0	6702	2167.352855861421	3
0	6709	2169.990767685462	1
0	6719	2172.446262143321	2
0	6735	2176.693320441408	1
0	6738	2177.272024866777	1
0	6743	2177.599450309995	2
0	6760	2182.486119440289	1
0	6766	2182.86107647489	2
0	6785	2188.165047145218	4
0	6802	2193.389648573137	3
0	6808	2194.013461583529	2
0	6830	2199.866520329846	4
0	6845	2203.908906351777	0
0	6852	2205.61415160075	3
0	6853	2205.949587887383	2
0	6871	2211.461575372146	3
0	6874	2212.828040569569	3
0	6876	2213.33102708554	2
0	6888	2217.246265973664	3
0	6906	2222.622086632998	3
0	6921	2228.354541333859	4
0	6931	2232.13641172333	3
0	6934	2232.567343997647	2
0	6938	2233.44908775203	4
0	6955	2238.479031643132	4
0	6960	2240.410157894847	3
0	6971	2243.880689064972	1
0	6991	2249.783996339654	3
0	7010	2254.910399468149	2
0	7021	2258.290729857279	2
0	7023	2258.298460988925	2
0	7026	2258.748132650272	3
0	7033	2260.170248871901	3
0	7050	2265.140087459583	2
0	7056	2266.008430937304	4
0	7060	2267.076909539524	3
0	7063	2267.595172142973	1
0	7080	2271.879197242901	3
0	7091	2275.343257496829	1
0	7102	2277.670581696088	4
0	7111	2280.64643901227	0
0	7114	2280.959084533502	2
0	7122	2282.743006316711	3
0	7128	2285.640570910649	3
0	7136	2288.162437095769	0
0	7140	2288.258307256968	1
0	7155	2293.817032389808	4
0	7161	2296.402682259561	2
0	7164	2297.527948527946	0
0	7172	2299.54075116897	5
0	7178	2303.916552326179	4
0	7184	2305.072596680606	5
0	7187	2307.709983324634	4
0	7192	2310.692713584404	3
0	7196	2310.840787787456	4
0	7203	2314.894487323474	3
0	7209	2316.549335155869	1
0	7215	2319.336401818319	1
0	7225	2321.811585452175	4
0	7226	2322.287981636009	3
0	7241	2327.141305205645	4
0	7257	2332.624304879457	2
0	7261	2334.191406504133	0
0	7269	2337.636766058859	1
0	7277	2340.819046499441	3
0	7289	2343.422089276836	2
0	7306	2348.69519085344	4
0	7312	2351.086096898185	1
0	7319	2353.502664781524	1
0	7323	2354.017680714373	2
0	7328	2355.898359120125	3
0	7339	2359.629254699916	0
0	7343	2360.002254108899	1
0	7348	2362.636364246369	2
0	7358	2365.111635934096	3
0	7373	2370.297916373704	1
0	7391	2375.662356575486	2
0	7394	2376.286633736568	2
0	7413	2381.276711747749	2
0	7434	2386.790671837051	3
0	7443	2389.33104965207	1
0	7455	2392.420380875003	3
0	7456	2392.42913938954	1
0	7463	2394.372271849309	0
0	7465	2394.898072907468	2
0	7477	2398.266921187053	3
0	7484	2400.829753982715	2
0	7494	2403.441526000388	1
0	7499	2404.672768667455	2
0	7514	2408.30338015093	0
0	7519	2408.815262287157	1
0	7543	2414.456413464388	2
0	7545	2415.091222853399	1
0	7557	2418.447475917869	1
0	7559	2418.827261969563	0
0	7566	2419.946389657213	1
0	7571	2421.044234551372	1
0	7580	2423.387337223977	0
0	7588	2425.364178134828	2
0	7599	2430.055741684277	0
0	7603	2430.393303430175	2
0	7605	2431.309735342509	1
0	7612	2434.645735567318	0
0	7617	2435.822438395584	1
0	7619	2437.481263829162	1
0	7629	2440.953523931794	1
0	7647	2446.286207256375	1
0	7651	2447.475661733772	0
0	7655	2448.630145077362	0
0	7662	2451.50781680993	2
0	7675	2457.032851476457	1
0	7692	2463.03251128155	2
0	7697	2464.566917260182	1
0	7699	2464.607985717596	1
0	7710	2468.415453491502	2
0	7728	2473.532759428492	1
0	7746	2478.989699699918	2
0	7761	2483.18577103818	1
0	7767	2484.235352558086	3
0	7775	2486.526478383227	2
0	7778	2487.333957805072	0
0	7781	2487.740846933101	0
0	7789	2489.611439444127	3
0	7798	2493.907049606673	2
0	7804	2494.942209322008	1
0	7811	2498.131320182469	0
0	7813	2498.504596206828	0
0	7815	2499.096686096515	1
0	7820	2500.153674140808	1
0	7829	2505.335504488556	2
0	7840	2511.186637941983	1
0	7854	2516.572319762318	2
0	7860	2518.601896946903	0
0	7864	2520.768080332552	1
0	7866	2520.785080883655	1
0	7872	2522.196654026166	2
0	7882	2527.749808260592	1
0	7886	2527.93720291462	1
0	7888	2528.973977123156	0
0	7899	2533.590983016884	2
0	7911	2539.125422894724	1
0	7925	2544.240413729569	2
0	7936	2548.027356004229	1
0	7938	2548.730320761332	1
0	7945	2550.074439501857	1
0	7956	2553.388319916094	0
0	7964	2555.405575164362	2
0	7966	2555.615212361795	0
0	7981	2560.805901665242	3
0	7993	2566.235220915872	1
0	7995	2567.882415346336	2
0	8008	2571.404485946755	1
0	8024	2575.974992355568	0
0	8031	2576.575008701767	2
0	8038	2579.408552179114	1
0	8040	2579.883374055965	0
0	8045	2582.07870911772	1
0	8049	2582.219901758014	2
0	8059	2587.760119599756	0
0	8064	2588.026665150654	3
0	8067	2593.290379412358	2
0	8071	2593.888353311224	3
0	8079	2599.062592997216	1
0	8084	2602.63083420368	2
0	8090	2604.274975728011	3
0	8099	2609.851146413945	1
0	8110	2613.926205166035	2
0	8117	2615.495426752139	2
0	8133	2620.77785526216	1
0	8138	2622.781483095723	0
0	8141	2622.982122294723	1
0	8151	2626.203401171136	3
0	8158	2628.42524044961	0
0	8163	2630.954487496987	2
0	8169	2632.082486050436	3
0	8171	2633.155768837896	2
0	8178	2637.389104725559	0
0	8183	2637.933056609705	1
0	8193	2643.021566511597	1
0	8210	2649.015741598559	1
0	8228	2654.141183724859	3
0	8250	2659.588979931548	2
0	8266	2664.042320501175	2
0	8271	2664.809836575296	3
0	8274	2665.406670277472	2
0	8284	2668.523394323302	0
0	8292	2669.912025358761	3
0	8296	2671.394760870607	0
0	8298	2671.765681655378	1
0	8307	2675.323320004391	4
0	8310	2677.218060455285	0
0	8318	2680.910082411953	5
0	8322	2685.872358582447	4
0	8327	2686.861788784853	1
0	8332	2691.115119523252	3
0	8334	2691.562025245279	0
0	8338	2691.950999804773	4
0	8346	2697.775327802636	1
0	8350	2700.871465120812	3
0	8358	2703.428093285067	1
0	8360	2704.373621744218	2
0	8372	2708.524043539772	2
0	8390	2714.401255641831	3
0	8403	2719.444378710817	2
0	8407	2719.786775295855	2
0	8410	2720.669684158521	1
0	8422	2725.030081406934	1
0	8426	2725.661129431799	2
0	8428	2726.18528983928	1
0	8442	2731.33407196193	2
0	8448	2732.892127834724	0
0	8457	2737.095498505747	3
0	8470	2742.597419798607	1
0	8486	2748.032489548204	1
0	8489	2748.305110009505	1
0	8499	2750.675878579145	2
0	8504	2751.809931835743	0
0	8511	2753.550819153199	3
0	8525	2758.655962541467	4
0	8543	2764.073512916454	2
0	8551	2767.021063192285	1
0	8560	2769.932511903346	2
0	8568	2773.152810237835	3
0	8571	2773.568271646508	1
0	8578	2775.540645334404	2
0	8588	2779.316957590519	2
0	8592	2780.563304697628	0
0	8598	2781.399261882994	1
0	8603	2783.37129782571	0
0	8612	2786.530030341586	1
0	8628	2792.288411553716	3
0	8630	2793.211576785193	0
0	8638	2797.402669877164	1
0	8642	2798.011689747218	2
0	8648	2802.036715233697	2
0	8653	2803.082571914652	1
0	8664	2807.856891465838	0
0	8670	2809.035355632892	3
0	8680	2814.380561469356	1
0	8683	2815.550290029496	1
0	8693	2819.676113568014	2
0	8697	2819.86286877608	3
0	8709	2824.884825158166	0
0	8714	2824.984526852379	4
0	8715	2825.055744967773	3
0	8728	2830.02748331544	1
0	8748	2835.969739408465	2
0	8750	2837.099121975247	1
0	8757	2839.412804657594	0
0	8759	2839.904992185652	2
0	8765	2841.444357955363	1
0	8778	2846.511811387726	1
0	8796	2851.605241483078	3
0	8812	2857.199290974183	0
0	8818	2857.470454470721	1
0	8829	2861.457319480596	0
0	8838	2863.470104380977	1
0	8850	2867.359074968031	2
0	8862	2869.416133431951	3
0	8866	2871.229669626105	2
0	8869	2871.261345502107	0
0	8871	2871.755686282646	0
0	8879	2874.445622702362	3
0	8887	2879.048130635058	2
0	8889	2879.797480504263	0
0	8894	2880.160147021059	3
0	8902	2885.694117963547	1
0	8908	2888.713176092017	0
0	8912	2890.450712151362	2
0	8916	2891.002563550137	1
0	8929	2896.640768106328	1
0	8943	2901.812646436505	2
0	8956	2906.834208520595	1
0	8963	2908.957811274216	0
0	8969	2911.018907100312	1
0	8971	2911.651029437666	1
0	8975	2911.921965956455	2
0	8978	2912.712404465419	1
0	8994	2917.56152010127	1
0	9005	2921.358842162996	0
0	9010	2922.21876152966	0
0	9014	2922.964821575675	2
0	9017	2924.260023495416	0
0	9025	2928.91046826262	1
0	9034	2934.2409193255	2
0	9036	2935.609106119725	1
0	9046	2939.953553248196	1
0	9055	2943.953337901971	1
0	9066	2945.813082507811	2
0	9069	2947.322869395957	0
0	9074	2949.695976722287	1
0	9081	2951.396080192644	1
0	9096	2956.614067856455	1
0	9104	2960.079814600176	0
0	9112	2962.139780935598	1
0	9120	2964.941970310521	0
0	9130	2967.414094725856	2
0	9147	2972.422548087313	1
0	9152	2973.60769870924	1
0	9160	2975.722307497288	0
0	9170	2978.110679515637	2
0	9188	2983.862237492809	2
0	9203	2988.897532082396	3
0	9206	2989.576645566148	2
0	9208	2990.233919543563	0
0	9219	2994.394099115162	3
0	9229	2999.988835589263	1
0	9239	3003.594113316385	2
0	9246	3005.118514855626	2
0	9255	3008.682386617057	1
0	9262	3010.269052483375	3
0	9278	3015.371756714769	3
0	9290	3019.436949339112	2
0	9292	3020.228398712117	0
0	9296	3020.553441757802	3
0	9310	3026.538349221228	1
0	9315	3029.316948021762	2
0	9318	3029.713065168823	2
0	9328	3032.354737171438	1
0	9337	3035.572306256974	0
0	9343	3037.168029659427	1
0	9348	3037.834365305491	2
0	9361	3042.447983679132	1
0	9366	3043.370786787709	2
0	9369	3044.812183764415	0
0	9378	3048.382065967191	1
0	9394	3054.064483473543	2
0	9403	3056.901089013442	1
0	9406	3058.476402135566	1
0	9412	3059.306308651809	1
0	9435	3065.207970122109	2
0	9446	3068.349307645811	1
0	9452	3069.725251707597	1
0	9460	3070.956292463234	2
0	9473	3074.57465983054	0
0	9482	3076.611048038118	3
0	9484	3077.29808765452	0
0	9494	3082.468011913357	2
0	9496	3082.525907405305	0
0	9500	3082.584716494428	1
0	9512	3088.413603099762	2
0	9515	3090.082097385546	1
0	9524	3093.778158875183	1
0	9535	3099.021460570979	0
0	9541	3099.777782523307	1
0	9556	3104.814023845364	2
0	9568	3110.099869217026	1
0	9573	3111.008842339041	0
0	9577	3112.67005591269	1
0	9587	3115.723955204013	3
0	9603	3120.760270118249	2
0	9610	3123.215855705901	2
0	9623	3126.625435731608	2
0	9627	3128.027607476454	1
0	9642	3132.142362613	3
0	9644	3133.24515496148	1
0	9646	3133.839030966979	2
0	9653	3135.911736585318	1
0	9659	3137.182344092291	2
0	9676	3142.858523816804	2
0	9685	3146.770600156158	0
0	9691	3148.416497553701	3
0	9699	3151.91245305096	2
0	9707	3153.696951118067	3
0	9709	3154.699413127384	1
0	9718	3158.713931996843	2
0	9719	3158.848546524418	1
0	9730	3164.467347873377	2
0	9732	3165.225395565738	1
0	9734	3165.909661393033	2
0	9744	3170.202202884948	3
0	9756	3176.00550008612	4
0	9766	3181.612074964333	3
0	9770	3181.757205316799	4
0	9773	3183.393929101761	0
0	9780	3186.915941479618	5
0	9784	3189.931101539873	4
0	9789	3191.927466551543	1
0	9796	3196.362975793544	0
0	9801	3197.144249009437	1
0	9802	3198.466686473464	3
0	9814	3203.067102800825	2
0	9829	3208.608475971737	4
0	9840	3213.656015858756	3
0	9846	3217.306005722611	2
0	9853	3218.809415285479	1
0	9860	3221.448642259817	3
0	9872	3224.776887862481	3
0	9874	3225.23445405078	2
0	9889	3230.394402306298	4
0	9896	3233.044417153464	1
0	9903	3235.344037227801	3
0	9907	3235.727187501038	2
0	9923	3241.657483143969	4
0	9937	3247.491971753309	5
0	9942	3249.631398520784	0
0	9945	3250.225835802269	4
0	9949	3251.959095674453	1
0	9953	3252.581192511371	2
0	9965	3258.019942369782	3
0	9978	3263.219197783856	5
0	9987	3268.328376739988	6
0	9991	3270.382832630889	5
0	9999	3273.638168526119	6
0	10000	3273.831132548282	2
0	10012	3278.906841393564	7
0	10025	3284.777530672731	3
0	10038	3290.614846640736	4
0	10040	3291.507424034066	6
0	10051	3296.4634085896	5
0	10055	3298.489808211687	4
0	10060	3301.040766955937	3
0	10065	3302.072245188294	4
0	10072	3305.022025968183	3
0	10079	3307.613763779173	1
0	10096	3313.157962968111	7
0	10111	3318.413236375436	2
0	10112	3318.769099754165	6
0	10125	3323.722220381256	5
0	10131	3324.40661456413	6
0	10147	3330.266603325264	7
0	10159	3334.468777237576	6
0	10163	3335.465189034355	3
0	10164	3335.509604578024	2
0	10166	3335.62875744235	2
0	10182	3341.055469440299	3
0	10189	3343.190335463267	5
0	10192	3343.986349905143	2
0	10204	3347.040844070961	3
0	10215	3351.880946705353	1
0	10221	3352.921308567052	6
0	10237	3358.629868623105	7
0	10239	3359.6247616451	2
0	10252	3363.789318018942	1
0	10256	3363.949549699205	1
0	10261	3365.721555225669	0
0	10264	3366.484308154322	0
0	10268	3368.461407069116	6
0	10273	3369.784472800794	2
0	10283	3374.822293030101	1
0	10298	3380.012081594675	7
0	10311	3385.674498417883	8
0	10321	3389.803327516306	1
0	10323	3389.962786796618	7
0	10328	3390.707605394305	8
0	10340	3395.095826649342	0
0	10344	3396.256431082499	9
0	10356	3401.465485716241	10
0	10367	3406.855186391391	11
0	10368	3406.98867843929	0
0	10378	3412.723748577295	12
0	10382	3418.662862731608	11
0	10386	3418.687600494364	12
0	10393	3423.848953987473	13
0	10395	3425.229767996933	12
0	10402	3429.443942142186	1
0	10413	3435.218139958103	1
0	10424	3439.078214353882	11
0	10431	3440.70606144378	12
0	10436	3441.878852995347	0
0	10447	3446.659336441197	1
0	10461	3452.058923401405	2
0	10462	3452.469866322121	1
0	10468	3455.280649554219	0
0	10473	3456.821960989153	11
0	10476	3457.572205741657	0
0	10480	3457.84370752168	1
0	10492	3463.201220275137	1
0	10504	3469.174704562408	1
0	10519	3473.297407741308	10
0	10526	3474.196462807247	11
0	10528	3474.477851518196	10
0	10547	3479.754942717498	2
0	10554	3481.793248610805	0
0	10567	3485.489026866389	11
0	10582	3491.122385991506	3
0	10586	3492.210736480775	0
0	10597	3496.714380189778	1
0	10602	3498.704529935377	10
0	10605	3499.352117830306	2
0	10613	3502.12630817597	2
0	10627	3507.856848268306	11
0	10637	3511.409224189701	10
0	10646	3513.248346819544	1
0	10648	3513.953999077789	1
0	10665	3518.61029917095	11
0	10682	3523.469340284709	0
0	10687	3524.081765577431	12
0	10691	3525.417918387803	0
0	10697	3528.102983020478	11
0	10703	3529.656503980049	1
0	10704	3530.627662652172	10
0	10706	3531.136126672616	1
0	10722	3535.387992787176	11
0	10735	3540.04041086859	0
0	10741	3540.943681655918	1
0	10756	3546.406474144664	12
0	10760	3547.740271201823	11
0	10770	3551.230580997769	10
0	10776	3552.403678848641	11
0	10777	3552.601142370259	0
0	10791	3557.886193668935	2
0	10798	3562.805534311569	1
0	10803	3563.141748439753	2
0	10805	3564.662324536008	1
0	10808	3565.51103361696	10
0	10816	3569.020989247597	2
0	10823	3572.552482380765	9
0	10828	3574.088176878867	10
0	10839	3579.729487868957	1
0	10854	3585.260996122844	1
0	10870	3590.924406591803	9
0	10874	3591.028725893702	2
0	10888	3596.021424085015	1
0	10893	3596.125330245122	3
0	10904	3600.046805432183	2
0	10913	3601.701187767321	2
0	10922	3605.313802488729	8
0	10934	3607.526300953002	2
0	10935	3607.74600866402	1
0	10952	3612.460527993388	7
0	10956	3612.594037134433	8
0	10961	3614.212239677317	1
0	10979	3618.556066568941	3
0	11000	3624.099791264394	9
0	11002	3624.637864284683	2
0	11007	3626.227449411757	0
0	11020	3629.60046612937	2
0	11022	3630.818536354924	8
0	11034	3634.286159045062	1
0	11036	3634.580743023657	7
0	11040	3635.271609873744	2
0	11050	3638.535337584909	1
0	11060	3641.222416960867	2
0	11075	3646.324538374552	1
0	11095	3651.973184294532	2
0	11096	3652.19093238306	6
0	11117	3657.22347293212	3
0	11135	3662.301822607638	3
0	11141	3663.645673753227	2
0	11149	3665.447996649192	1
0	11152	3666.080678669154	2
0	11160	3668.114848587894	0
0	11164	3668.190998435719	1
0	11185	3673.341212253552	7
0	11191	3674.802436963074	0
0	11193	3675.057819408714	6
0	11195	3675.538137164198	1
0	11207	3679.156250565546	7
0	11217	3683.454584360007	1
0	11222	3684.458258526167	2
0	11240	3690.361144646071	3
0	11256	3695.824623933993	1
0	11270	3700.534415177301	2
0	11276	3701.061358853243	2
0	11285	3704.320796307991	1
0	11298	3706.839525463991	3
0	11301	3707.646392242633	6
0	11304	3708.64081223379	2
0	11312	3711.076326602371	5
0	11318	3712.460319312289	6
0	11341	3717.923477332573	3
0	11362	3723.64210017072	2
0	11369	3725.264683804706	0
0	11375	3726.514528900733	1
0	11385	3729.444101809291	2
0	11394	3733.361781083746	5
0	11405	3735.287779920734	1
0	11408	3736.072320755689	2
0	11419	3739.6721334717	0
0	11425	3740.79774959525	3
0	11440	3746.194194471928	6
0	11441	3746.923350523808	5
0	11450	3750.194266809267	4
0	11457	3751.210423835319	1
0	11476	3756.213297019013	4
0	11477	3756.307871270691	1
0	11492	3760.259573614226	3
0	11494	3760.42557570408	0
0	11500	3761.997727301436	1
0	11512	3765.497182751657	3
0	11523	3767.489512164377	2
0	11529	3769.422035417518	1
0	11532	3769.720282548571	0
0	11539	3772.536840365616	0
0	11542	3773.20154118212	2
0	11546	3773.388250585411	3
0	11559	3779.315079126738	1
0	11561	3780.303255209817	2
0	11570	3783.35811451811	2
0	11577	3784.781166527418	1
0	11585	3787.668880369049	1
0	11596	3789.895865291588	2
0	11611	3794.698950531888	0
0	11615	3794.919537351931	3
0	11618	3795.18597174727	0
0	11629	3800.524623654316	4
0	11633	3803.113892093185	1
0	11641	3805.92613713839	1
0	11653	3811.159965142723	3
0	11657	3811.234442864544	1
0	11658	3811.612106863757	0
0	11670	3815.643048880739	0
0	11675	3816.826751416781	4
0	11677	3818.208491289406	3
0	11688	3822.123822406632	4
0	11694	3825.207283950759	3
0	11696	3825.943121504503	0
0	11701	3827.318569419905	4
0	11709	3832.975089227082	5
0	11710	3832.981920973978	4
0	11720	3838.865983376279	5
0	11722	3841.760507968252	4
0	11728	3844.493685255525	5
0	11736	3849.517415742855	1
0	11746	3855.339613404357	2
0	11757	3861.163773517356	6
0	11761	3863.868147579484	5
0	11764	3865.131653165793	1
0	11771	3867.151980387279	1
0	11783	3871.784765677872	4
0	11788	3872.520269334315	2
0	11800	3877.985109857167	1
0	11804	3878.409263978245	5
0	11824	3884.326359335564	2
0	11835	3889.359407284646	0
0	11839	3889.777718961935	3
0	11851	3895.474238942608	4
0	11855	3897.304343470257	3
0	11864	3900.69451507367	6
0	11865	3901.349767488657	5
0	11875	3905.821155411655	1
0	11892	3911.377718070054	6
0	11900	3915.665055014193	0
0	11907	3916.765582366611	4
0	11918	3922.476780752882	1
0	11919	3922.594013625759	3
0	11925	3924.784877427159	2
0	11937	3928.386480054117	2
0	11947	3932.583132685392	5
0	11953	3934.15190866892	1
0	11961	3936.378175621501	0
0	11963	3936.916996839221	1
0	11973	3939.475070207145	2
0	11976	3939.908541684037	4
0	11986	3943.725045198921	1
0	11993	3945.264526721787	2
0	12008	3950.51892156503	3
0	12010	3951.365941918568	3
0	12014	3952.205499804467	1
0	12028	3956.20790668018	4
0	12043	3961.627668777246	5
0	12048	3963.816822519057	2
0	12059	3967.432234611357	4
0	12063	3967.600967522243	5
0	12067	3968.79011384247	0
0	12069	3969.257279641109	1
0	12077	3972.6519298451	2
0	12081	3974.567776903155	4
0	12088	3978.188394425319	1
0	12092	3978.249529173363	1
0	12102	3982.144409231142	0
0	12105	3982.887013618131	3
0	12110	3983.646151630905	2
0	12123	3989.577592364977	3
0	12131	3994.627913374683	2
0	12136	3995.548107476205	4
0	12139	3996.691869742002	3
0	12144	4000.3887289518	2
0	12146	4001.071246674513	1
0	12151	4001.490115640218	2
0	12152	4001.846720131927	1
0	12157	4004.220480892805	0
0	12164	4007.348584362072	1
0	12171	4011.314220729399	0
0	12177	4012.421667689224	1
0	12180	4014.959708536038	1
0	12188	4017.674018408637	1
0	12203	4022.999422655208	2
0	12215	4027.865061857621	0
0	12219	4028.194294105284	3
0	12231	4033.928257772466	4
0	12242	4039.120790461777	1
0	12248	4040.783443395513	3
0	12254	4043.642668724638	0
0	12260	4044.645246647299	1
0	12264	4046.309123107699	0
0	12275	4050.567322898191	1
0	12290	4055.715264111991	2
0	12305	4061.210729862797	2
0	12315	4066.303159479167	2
0	12319	4066.368736836129	3
0	12330	4070.978640321176	1
0	12338	4072.118574011373	3
0	12345	4075.204498248756	2
0	12354	4077.773317387095	2
0	12362	4080.443147980142	2
0	12372	4082.928571610013	3
0	12389	4088.729762655217	3
0	12400	4091.660331289984	2
0	12410	4094.669535319553	3
0	12414	4096.057004285861	2
0	12419	4097.871313557727	2
0	12429	4099.890253973658	3
0	12440	4104.325395502383	1
0	12447	4105.543113855877	4
0	12458	4109.79099553323	3
0	12464	4110.832092180847	3
0	12480	4116.360099880024	1
0	12495	4121.053294260521	0
0	12499	4121.761693185896	2
0	12503	4122.137926288647	3
0	12514	4126.661393820889	0
0	12520	4127.745656398357	1
0	12534	4132.773639583727	2
0	12536	4132.919672339923	2
0	12551	4138.021731628105	3
0	12553	4138.802538220657	2
0	12556	4138.992082821903	1
0	12568	4143.043693720829	3
0	12578	4146.932295231031	0
0	12585	4148.965122168418	4
0	12598	4154.401128259487	4
0	12610	4159.708616868825	5
0	12612	4161.316597995117	4
0	12621	4164.849583614151	5
0	12624	4166.332161226661	4
0	12635	4170.338129660812	1
0	12652	4175.727611851644	5
0	12669	4181.646937889511	2
0	12679	4185.439522609	3
0	12684	4186.799893783404	4
0	12688	4187.736849916632	1
0	12696	4191.481241184984	0
0	12702	4192.423603077651	1
0	12719	4197.637383602326	2
0	12722	4198.174699617553	4
0	12731	4201.699991942736	3
0	12737	4202.707718629156	3
0	12746	4206.314585639046	2
0	12752	4207.84791444056	2
0	12757	4208.651620934483	1
0	12765	4210.726632940351	3
0	12777	4213.717117011313	4
0	12783	4215.828314514249	3
0	12797	4219.037006447789	4
0	12798	4219.105801514698	0
0	12806	4222.097791606677	1
0	12809	4223.238271014184	1
0	12816	4224.594811383168	1
0	12825	4227.154830749731	0
0	12835	4229.640404023695	1
0	12839	4230.34068658529	3
0	12843	4231.64059527428	0
0	12858	4235.484966395888	2
0	12867	4239.896075058727	1
0	12873	4240.699693297734	1
0	12889	4244.955356064602	0
0	12896	4246.449408883927	2
0	12912	4252.440554361092	3
0	12918	4254.74184558529	0
0	12922	4255.568491378451	2
0	12929	4258.193964077625	3
0	12941	4263.609244648367	4
0	12943	4264.698796636307	3
0	12953	4268.797690034611	1
0	12970	4274.371990866028	1
0	12972	4274.578281474416	2
0	12985	4278.44280410849	0
0	12991	4279.514389890246	2
0	13007	4285.02522953297	4
0	13021	4290.030633242801	3
0	13023	4290.203910530778	3
0	13028	4292.886604313972	2
0	13033	4294.608638871578	1
0	13039	4295.300062705297	3
0	13040	4296.261488671415	0
0	13048	4299.059567379647	2
0	13054	4300.4386430101	4
0	13057	4301.470324926776	3
0	13068	4305.799354969291	1
0	13083	4310.900962429587	3
0	13087	4312.186781461234	0
0	13091	4314.562020984244	2
0	13093	4315.851085873086	2
0	13098	4316.531550234417	3
0	13108	4321.671392269081	1
0	13113	4322.247743533692	1
0	13129	4327.971588894725	2
0	13135	4330.682518854734	1
0	13147	4333.177378335735	2
0	13153	4336.112940931808	2
0	13159	4337.968055966775	1
0	13165	4338.521087940782	2
0	13179	4343.566081234719	2
0	13184	4345.675939900912	1
0	13189	4346.942027667769	1
0	13199	4348.836818606592	2
0	13216	4354.762634644051	3
0	13231	4360.085659985662	4
0	13237	4362.782316435943	0
0	13246	4366.021019723032	5
0	13250	4368.410299150503	1
0	13252	4369.019764209977	4
0	13260	4371.46805433859	2
0	13261	4372.042886446809	3
0	13267	4374.960493667746	1
0	13274	4376.796232890569	2
0	13287	4382.737718591232	4
0	13299	4388.279538964851	5
0	13302	4390.109227302015	4
0	13304	4390.322672700855	1
0	13313	4393.339693529064	1
0	13322	4397.318954083136	0
0	13328	4398.991061273961	1
0	13344	4404.454818455268	2
0	13347	4406.227477561095	1
0	13351	4407.502727982583	3
0	13360	4409.460834346477	1
0	13381	4415.321085059781	2
0	13401	4421.105906438547	3
0	13415	4424.752337556795	2
0	13424	4426.128669652854	2
0	13428	4427.236986108822	0
0	13438	4431.295608088952	2
0	13443	4431.564776932121	1
0	13461	4437.193712471052	3
0	13464	4437.600985937283	1
0	13470	4439.202849871711	2
0	13483	4442.327999136875	2
0	13498	4446.374861959833	1
0	13506	4447.705217415931	2
0	13518	4451.056438657684	1
0	13529	4453.203351686241	3
0	13535	4454.523057460431	0
0	13551	4459.12036527274	4
0	13552	4459.326102306597	1
0	13554	4459.467979428824	3
0	13568	4464.788846524663	4
0	13584	4470.185963264897	5
0	13585	4470.381245027297	4
0	13592	4472.403271635875	0
0	13601	4475.368056403238	5
0	13602	4475.900140141135	0
0	13610	4480.546636410521	1
0	13619	4484.381264715339	4
0	13622	4485.284747746657	3
0	13626	4485.684553792698	2
0	13632	4489.641758573242	2
0	13638	4491.598808260167	1
0	13640	4492.668072739266	1
0	13644	4494.056344951967	0
0	13652	4496.726196377303	1
0	13671	4502.644489227326	3
0	13687	4507.846280271185	4
0	13704	4513.799446124814	5
0	13712	4516.821824454121	0
0	13719	4519.089246794346	1
0	13721	4520.063960630097	4
0	13729	4523.260124116903	3
0	13736	4524.256809332173	2
0	13745	4528.338246623399	0
0	13752	4529.694421431048	1
0	13768	4535.29037154815	1
0	13769	4535.37927959708	2
0	13791	4540.950784781248	3
0	13806	4546.189172617392	2
0	13810	4546.662894201697	2
0	13811	4546.824431787708	1
0	13813	4547.424644810728	0
0	13815	4547.42536881519	1
0	13830	4552.15935306088	2
0	13844	4557.209548577662	0
0	13848	4557.225459258304	3
0	13860	4562.409545905887	4
0	13863	4564.03881238564	3
0	13873	4568.265644403406	3
0	13877	4570.237679939481	2
0	13886	4573.602908887433	1
0	13903	4579.401163940083	2
0	13916	4583.992115258703	1
0	13920	4584.4151749094	3
0	13935	4589.736308500635	2
0	13947	4594.256620946574	2
0	13952	4595.393716510384	1
0	13967	4599.759948698567	1
0	13971	4600.609539609167	2
0	13977	4600.878420741063	3
0	13990	4604.230399089513	0
0	13999	4606.326175263383	3
0	14005	4608.353023690288	2
0	14010	4610.451517893117	0
0	14012	4610.603225301949	2
0	14018	4611.935614384477	3
0	14027	4617.041902336757	1
0	14042	4622.705223540424	1
0	14046	4622.94157578214	2
0	14056	4627.267814560676	1
0	14059	4628.288211728214	2
0	14065	4628.682167213875	1
0	14078	4633.547300935023	0
0	14083	4634.12834729487	2
0	14087	4635.854461194131	0
0	14098	4639.614802351686	1
0	14101	4640.601040329666	1
0	14114	4644.938470848602	2
0	14129	4650.401658048852	3
0	14139	4653.654389307953	1
0	14149	4656.27643145155	2
0	14159	4660.5547873216	0
0	14166	4661.436072069451	1
0	14179	4666.515859682344	3
0	14186	4669.430766168749	2
0	14194	4671.592382191911	3
0	14200	4674.719696083686	2
0	14210	4676.85072234296	4
0	14215	4679.229751197388	3
0	14225	4682.227214728945	4
0	14245	4688.106980185953	1
0	14254	4690.596796761264	1
0	14257	4690.93710396031	0
0	14268	4694.029514386083	2
0	14286	4699.652107516068	2
0	14296	4703.686762653988	1
0	14303	4705.047920785841	2
0	14310	4708.217402192879	3
0	14313	4708.85831284127	1
0	14320	4710.331647721349	4
0	14337	4715.935178870798	1
0	14339	4716.35588052531	1
0	14359	4721.925866042959	5
0	14377	4726.980397642354	2
0	14390	4731.305314750872	4
0	14397	4732.844559354006	2
0	14401	4734.076836076329	1
0	14408	4736.105305855043	0
0	14417	4737.975210257104	1
0	14431	4742.940713566839	1
0	14438	4743.899486396226	5
0	14445	4746.617420867196	0
0	14450	4747.529803617853	4
0	14452	4748.168516417379	0
0	14458	4749.643071963449	1
0	14459	4749.714790826311	0
0	14470	4755.124605335991	1
0	14471	4755.136955817575	3
0	14486	4760.129668938692	2
0	14489	4760.929706973953	1
0	14495	4763.432386183058	2
0	14505	4765.726215997243	3
0	14520	4771.067835629683	2
0	14526	4773.006719648254	1
0	14532	4774.562405467963	0
0	14538	4776.579889796905	4
0	14543	4780.249535360837	0
0	14548	4782.260876273036	1
0	14562	4787.654630056813	1
0	14563	4788.067772138042	3
0	14578	4793.07745545008	1
0	14594	4797.758451493572	0
0	14603	4798.90538070048	2
0	14620	4804.736127427311	2
0	14625	4806.915779217261	1
0	14634	4809.755255826514	2
0	14635	4810.053313159497	1
0	14640	4811.715003063899	0
0	14643	4812.431357581047	2
0	14649	4815.125977786721	1
0	14652	4816.535036051527	1
0	14666	4820.178600867975	2
0	14679	4825.316828659966	2
0	14684	4827.475047293117	1
0	14687	4828.641092625558	1
0	14696	4830.843692822379	3
0	14699	4832.110886115461	2
0	14708	4835.544145231947	1
0	14713	4836.064002600496	2
0	14727	4841.177260801659	3
0	14741	4846.520070953758	2
0	14748	4848.789218804331	1
0	14755	4851.393466254226	0
0	14760	4851.878683998946	1
0	14772	4856.517967706309	2
0	14777	4857.501115542369	2
0	14791	4863.276080980197	1
0	14816	4869.124281720722	3
0	14828	4872.776301327627	0
0	14832	4874.108107982316	1
0	14837	4874.707382173043	2
0	14853	4879.909034603739	1
0	14859	4881.924313375375	2
0	14863	4882.94626744848	1
0	14867	4884.146658185052	0
0	14870	4884.696890356832	0
0	14875	4885.582614797398	2
0	14886	4891.218219308879	3
0	14891	4893.63451890193	2
0	14901	4896.831618289228	1
0	14902	4896.876625508765	1
0	14917	4902.178721007889	2
0	14927	4906.617087616235	1
0	14933	4907.504330909809	2
0	14946	4912.25922063761	0
0	14951	4913.432518066138	1
0	14965	4918.46452110796	3
0	14976	4923.392954470009	2
0	14981	4923.637977343749	2
0	14997	4929.300592891637	1
0	14998	4929.939944798356	1
0	15018	4934.919812124919	2
0	15032	4938.917270685778	1
0	15041	4940.476642221676	3
0	15044	4941.739736697987	2
0	15060	4945.620101623701	3
0	15082	4951.563978951655	4
0	15084	4952.011704842441	3
0	15095	4955.109905395192	1
0	15106	4956.919221603542	2
0	15112	4958.367794916497	0
0	15126	4962.22043960518	2
0	15136	4965.737997827467	1
0	15144	4967.954963474067	2
0	15150	4969.795783522887	2
0	15162	4973.55580569594	3
0	15167	4975.788192380335	1
0	15180	4979.491110801928	2
0	15197	4985.281752030131	3
0	15198	4985.784106305917	2
0	15201	4986.453619926352	1
0	15215	4990.993140050907	2
0	15222	4993.505996779073	1
0	15224	4993.858516691138	1
0	15231	4996.342097204643	4
0	15237	4998.860276476829	0
0	15244	5002.121074412482	1
0	15245	5002.256036438516	0
0	15257	5007.676360370357	2
0	15261	5009.861408685682	3
0	15264	5010.802735734731	1
0	15271	5013.120067595037	4
0	15282	5018.140775762962	1
0	15298	5023.566203858469	2
0	15314	5029.393141445237	3
0	15315	5029.73312680854	2
0	15331	5035.220733719877	1
0	15342	5038.752455644424	3
0	15353	5040.402127364882	3
0	15357	5041.936267764189	2
0	15369	5044.958664895615	0
0	15374	5046.153438941342	1
0	15395	5052.043139982502	4
0	15398	5052.764578723463	3
0	15412	5056.643082652475	0
0	15417	5057.091095724841	4
0	15433	5063.025693171657	1
0	15445	5066.735074600902	0
0	15454	5068.588808384025	1
0	15465	5072.808587347271	1
0	15473	5074.188113539479	2
0	15478	5075.502133156053	0
0	15482	5076.91519702633	3
0	15490	5079.951776495549	2
0	15494	5080.040847867261	3
0	15508	5085.462918098783	3
0	15513	5087.249909030038	0
0	15524	5091.357769840164	1
0	15531	5093.720714153022	2
0	15540	5096.980717412429	1
0	15545	5098.534715110435	1
0	15558	5102.036478527586	2
0	15564	5102.94102101191	2
0	15565	5103.277642972066	1
0	15571	5105.071965813637	0
0	15584	5108.677852175432	3
0	15589	5109.499208024587	2
0	15603	5114.176337989746	2
0	15617	5119.488785278984	3
0	15631	5125.259504745715	4
0	15647	5130.889330522158	2
0	15651	5132.299193704964	1
0	15653	5132.721516598482	3
0	15665	5136.575089131716	4
0	15667	5137.36621949461	1
0	15678	5141.355709935656	3
0	15682	5142.127279242968	2
0	15696	5146.864938205804	0
0	15702	5147.767437838485	4
0	15713	5152.86242757016	5
0	15724	5158.454007692636	1
0	15733	5162.757225224283	4
0	15736	5163.312498748654	1
0	15741	5163.719240754844	2
0	15753	5168.684219045799	1
0	15757	5168.81329089543	2
0	15771	5174.207643300296	5
0	15773	5174.361041779747	4
0	15777	5176.205008986872	3
0	15790	5179.695970206523	1
0	15810	5185.149046521403	2
0	15811	5185.335026015411	2
0	15829	5190.45177118201	3
0	15834	5191.728855935975	1
0	15842	5194.632977775883	1
0	15848	5195.482572689422	2
0	15857	5197.993305630519	1
0	15867	5200.65732345113	2
0	15872	5201.240058907077	2
0	15877	5203.068606879448	1
0	15893	5207.181901561098	3
0	15900	5209.799075728751	0
0	15912	5212.857054590016	4
0	15921	5216.580912371402	0
0	15927	5218.005517437357	1
0	15931	5218.815758113518	0
0	15941	5223.056759228698	1
0	15951	5227.229168248944	3
0	15955	5228.159593482736	1
0	15967	5231.673500810052	0
0	15976	5234.076186389897	1
0	15988	5237.583790403677	0
0	15996	5239.528701297009	4
0	15997	5239.812367280595	0
0	16009	5245.001841448249	2
0	16012	5246.981150368576	3
0	16020	5250.954053717667	3
0	16033	5256.149507744938	4
0	16046	5261.206342993073	1
0	16047	5262.352280833179	3
0	16062	5267.115185428645	2
0	16063	5267.49248115497	2
0	16069	5269.128380643435	1
0	16078	5272.164692278488	2
0	16084	5272.736014065334	2
0	16099	5277.859431511724	1
0	16111	5280.929380591492	1
0	16122	5283.202097507894	3
0	16129	5285.711627104088	0
0	16136	5287.333478524233	2
0	16138	5288.301372816904	1
0	16144	5289.07110871724	2
0	16154	5293.146991024375	1
0	16161	5294.88896429958	1
0	16164	5295.825386129319	0
0	16170	5297.317680642825	0
0	16178	5299.96659133211	3
0	16187	5304.851833878434	0
0	16192	5305.18691565376	1
0	16195	5306.410971363538	2
0	16207	5311.151980195197	1
0	16209	5311.318796360052	0
0	16220	5316.701699394968	1
0	16227	5320.274674602433	1
0	16235	5321.892023954077	2
0	16244	5325.602099540641	0
0	16250	5327.283518126935	3
0	16261	5332.606459551493	0
0	16265	5333.205336275513	1
0	16274	5338.187532683604	2
0	16278	5338.217839489461	2
0	16289	5343.554104726532	3
0	16294	5345.153379087921	2
0	16303	5348.811054658614	3
0	16309	5352.321693195266	2
0	16315	5354.618997904243	3
0	16320	5357.417546427928	1
0	16322	5358.052314952485	2
0	16328	5360.337239210032	1
0	16329	5361.028431741291	0
0	16340	5365.932480987165	3
0	16348	5370.020570599362	2
0	16351	5371.552386720087	1
0	16355	5371.630693953022	2
0	16359	5375.128278530441	0
0	16365	5377.582373901274	3
0	16371	5382.970580416037	4
0	16380	5388.434372461638	1
0	16391	5394.424411201388	2
0	16404	5400.125841091391	1
0	16408	5401.237240680381	1
0	16411	5401.916442717197	3
0	16424	5406.025690405866	4
0	16428	5407.121799660152	0
0	16440	5411.098254580753	5
0	16454	5417.071763022807	6
0	16461	5421.723798421683	0
0	16465	5422.360827639703	1
0	16474	5426.463909979913	5
0	16479	5427.774138967511	2
0	16492	5432.92342858273	6
0	16495	5434.290392620378	1
0	16497	5435.285071465425	0
0	16499	5435.888009521066	5
0	16506	5438.626611229269	1
0	16510	5441.760197724335	4
0	16519	5444.597086287573	2
0	16531	5449.642378771216	1
0	16546	5454.88711797493	5
0	16549	5456.080826299619	1
0	16553	5457.445363410055	0
0	16561	5460.459824439841	1
0	16563	5462.057494932209	4
0	16575	5465.513606543657	2
0	16592	5470.895157828466	5
0	16593	5471.70855551912	4
0	16609	5476.400648053274	3
0	16618	5480.468735580571	2
0	16625	5481.49130598945	2
0	16632	5484.813058861071	1
0	16642	5486.786109384852	2
0	16643	5486.885190474922	1
0	16645	5487.134622617282	3
0	16657	5492.063245314993	1
0	16662	5492.772977967518	2
0	16666	5494.293999157269	1
0	16669	5495.852484636596	0
0	16704	5514.412400482345	2
0	16708	5515.471104294997	0
0	16715	5521.892435767346	1
0	16719	5525.876652712592	0
1	43	22.241940365522	6.764183578896
1	62	28.845533915446	18.623251048266
1	64	29.63601818285	24.54290989833
1	73	32.596920734155	12.097727716784
1	80	35.675276516356	9.179509270821
1	96	45.880958967841	13.580509169026
1	115	53.533459783997	10.561271475628
1	139	63.858832893428	26.233185789316
1	158	71.822061085257	22.877208088174
1	187	82.698403518413	28.193593414499
1	202	86.405333981732	21.119253503507
1	211	91.358167941798	31.336746187298
1	230	97.381092311232	26.58782770799
1	234	98.904513371642	17.580037558683
1	250	104.10534227884	27.947658337537
1	275	112.795521047433	26.418786548544
1	281	113.899811249693	17.066106062848
1	283	114.181037169766	12.294590661419
1	301	120.877447501874	29.223570005154
1	329	130.004827801838	16.985866783653
1	358	143.484461842455	19.576233422733
1	361	143.9676706685	36.880038921838
1	391	151.891216077261	33.18904928898
1	401	155.772473627703	14.919492068935
1	425	163.405791664497	17.362458672376
1	430	165.302673746367	13.477507082048
1	434	166.158179675928	37.027911869576
1	436	166.333008058718	9.052434545359
1	438	166.512585380698	4.012661031099
1	489	187.423720638384	52.367456336156
1	506	192.644801031332	24.849947139154
1	511	193.901780509972	15.581306086503
1	513	194.608773687972	21.543638172676
1	532	202.996300330386	18.692610272439
1	549	209.072102784763	19.541298561614
1	562	212.790597721004	17.78067725664
1	576	217.728346057006	12.276189186146
1	638	236.461372739636	36.035247578052
1	660	241.776955299431	19.476108427976
1	663	242.861586317887	14.641482427251
1	669	244.370245254485	33.377792153393
1	684	249.389494754607	32.813249341677
1	698	254.112657988796	14.664574155236
1	700	254.282058956686	20.798251239002
1	712	258.011427023683	7.047592934454
1	719	260.86106196244	4.475682064775
1	768	280.232015200195	34.986171257916
1	774	282.603683191818	20.379185989265
1	777	284.204946959741	16.966544388676
1	788	288.257222767688	15.155512230704
1	845	308.287993202686	29.630697661778
1	869	317.784353606289	27.4650568628
1	879	320.697797612522	36.218845040538
1	908	329.600635085606	27.67479705636
1	913	330.814919981176	23.829431070016
1	928	335.419884913486	39.107284452417
1	974	346.629438927166	18.054068738363
1	984	350.146374386736	26.620701880427
1	993	352.917290838318	18.38766825979
1	1004	357.290912107102	44.545720852448
1	1028	364.826323074172	24.809657012461
1	1030	365.483029093127	19.904718621167
1	1057	374.456023100415	17.375658810488
1	1081	381.409092594058	63.164009704141
1	1111	389.601794828661	38.036462554009
1	1141	398.504187065181	29.69957760978
1	1162	404.860717624076	25.466626119916
1	1169	406.29135503818	43.249855702628
1	1176	409.186798908514	24.702914329944
1	1187	412.204678276791	38.019216415011
1	1194	415.248793559381	25.150410120608
1	1236	434.623952804599	39.350113398629
1	1254	442.425938583445	21.010514335707
1	1279	450.156338915812	22.834962623544
1	1314	460.467517381884	59.605363151176
1	1318	461.755773731389	17.883246736017
1	1326	464.252311884544	31.419130819037
1	1354	470.401572145291	10.643836574166
1	1380	479.088440378196	73.001939284615
1	1382	479.640505239249	30.594149716546
1	1385	480.452483114204	15.553860452143
1	1427	494.019932039546	39.857133393873
1	1431	495.113896563416	19.491703732405
1	1464	505.480193954775	18.328190506552
1	1483	511.695897293161	100.56726669485
1	1514	520.742600116992	50.535493295521
1	1521	523.108948811073	2.679543499019
1	1523	523.233648297377	30.161646219437
1	1526	524.575016138377	108.26711731707
1	1583	542.337898910743	104.03355769184
1	1591	543.730609886347	11.480871565871
1	1602	546.824849231633	36.864078523124
1	1618	551.525308392359	36.118738303076
1	1620	551.539904358794	70.122442009391
1	1631	555.13448615337	56.07740722189
1	1653	562.098039817179	57.188964987055
1	1658	563.248047231116	25.682381794673
1	1668	565.792998300402	17.583553818988
1	1688	575.097979062584	21.757818834039
1	1707	579.88840636995	53.594073367885
1	1729	586.081273881371	15.558078156902
1	1761	597.363408833511	21.363319059602
1	1767	597.772345686678	32.900942502191
1	1790	604.731432120197	18.06839451112
1	1796	605.978265739978	63.089999288088
1	1829	615.64909316797	18.098616243919
1	1833	616.66885203938	35.426438929978
1	1854	621.768126384472	62.46737390419
1	1892	631.252667960013	39.338636994595
1	1899	634.001293597973	30.537635395533
1	1904	635.643825775129	15.46518598718
1	1917	641.229580395043	31.984512937374
1	1990	661.497024629151	36.184505136801
1	1998	663.207195435187	26.813089017757
1	2000	663.558567043855	48.569179660868
1	2034	673.678219019669	26.288186334306
1	2036	673.882315248368	31.574095032061
1	2058	680.762865807855	49.511315976728
1	2076	686.720928286902	17.601097807521
1	2081	688.679938048359	36.079548615264
1	2083	689.780610375799	14.795451287639
1	2094	692.957172028838	2.651440378163
1	2111	700.846406734084	42.564327410655
1	2154	715.722298432721	35.578256515666
1	2158	716.773340373419	53.159758767696
1	2199	731.055635814436	18.233527007859
1	2218	737.810470171389	36.086016504675
1	2243	745.894125523513	60.712953902782
1	2260	750.616668320842	32.789288364931
1	2263	751.481182917603	22.596009582862
1	2276	756.498418673759	60.458997198266
1	2284	760.701611972998	53.22565669974
1	2291	762.714900987458	23.462445883082
1	2303	767.151285924482	43.743028455878
1	2306	768.204619380528	34.010417066163
1	2357	784.078951521312	17.118532788707
1	2361	785.398493722082	40.370969350217
1	2377	789.495471455975	39.23373840994
1	2390	793.693639040226	21.482371272751
1	2404	797.579810538679	19.725171904894
1	2423	804.090090944316	15.663218446192
1	2443	809.349247685867	26.303100977791
1	2479	818.661028258968	18.962443735683
1	2489	822.067647582971	66.567460221823
1	2525	833.59318979038	6.356934335548
1	2533	836.502357144491	42.181312334607
1	2539	838.3573270567	33.09605696809
1	2563	845.016826003327	83.556889825968
1	2581	852.943240360124	41.874423039145
1	2614	867.753328291	29.394444440955
1	2630	875.213265093276	58.943671383195
1	2634	876.387611497192	32.691212037342
1	2657	885.292081567461	63.923800104066
1	2711	903.636753039317	54.667691793406
1	2718	904.842564308665	38.597445870397
1	2721	906.020370189453	73.081663205174
1	2746	913.20013783756	58.315113294638
1	2749	913.993031944966	53.242268222502
1	2757	915.750633784572	33.415117377416
1	2778	923.747186510127	35.906529186294
1	2806	931.49013903679	21.554263490834
1	2829	938.723585854173	67.111183497243
1	2836	942.051231709311	37.689498072025
1	2849	944.523968815107	23.840490617324
1	2882	954.990662853356	77.825175669631
1	2885	956.317249576215	40.990205830081
1	2896	959.139091784257	66.042963903053
1	2908	963.568797508144	64.695887203449
1	2935	971.47602182883	28.814550523414
1	2937	972.281140565175	18.871718515642
1	2957	978.564148514532	14.174401718191
1	2963	981.005769015643	54.977477144103
1	2970	982.228530442343	34.266092682024
1	2998	991.623597160332	15.988869347027
1	3042	1004.8026612344	73.189854166356
1	3044	1005.807068404396	68.380838018728
1	3048	1006.917582297934	37.275903458942
1	3063	1009.845389194092	28.35893987492
1	3065	1010.618483542234	52.008096787148
1	3070	1013.301688130831	26.538922933281
1	3088	1020.482924680695	28.344504826938
1	3103	1025.675293961544	22.656873745614
1	3116	1029.148534975246	31.525738818336
1	3127	1032.218590490519	12.134192151016
1	3172	1051.25249452493	25.348741195163
1	3188	1056.886277994959	48.091182890234
1	3240	1072.667058644585	58.125812903979
1	3242	1073.138080021484	30.989743373707
1	3244	1073.463056831735	37.031229312646
1	3251	1074.786705594624	16.909724764639
1	3261	1078.760556327296	31.389270390966
1	3276	1082.910867339118	51.70434302569
1	3281	1083.657261216429	20.158799545254
1	3300	1089.063292412206	8.506895937375
1	3316	1093.294829752415	7.304263038677
1	3319	1094.16094716557	24.757635219372
1	3331	1099.328531563168	46.546244189727
1	3339	1103.955564246746	29.3908054193
1	3375	1123.234864015832	31.620612828293
1	3418	1136.015213821319	22.537551891757
1	3421	1136.46974267648	17.723359214841
1	3426	1138.296170989171	13.614255677559
1	3433	1140.976063858487	43.658097450854
1	3439	1142.315148163589	39.919607566669
1	3442	1142.798742820979	12.511334158714
1	3469	1151.256155042328	15.474165889316
1	3488	1158.503433475743	16.739145041214
1	3491	1159.528685813538	51.866778636582
1	3512	1167.997659830611	16.049279416211
1	3534	1174.157414685473	10.997315390734
1	3549	1180.788089698885	33.900646084922
1	3563	1184.984642406231	16.769921314437
1	3583	1194.423613057244	4.80203078012
1	3590	1195.652768739156	16.823875867181
1	3611	1210.460068318766	53.291091702415
1	3673	1230.887296016101	25.494579300285
1	3698	1236.772521761716	25.446504485327
1	3703	1238.068514910649	64.396271045205
1	3712	1240.059706723904	18.072473025066
1	3741	1250.481918940674	16.710026525776
1	3756	1254.30018677528	26.470230828622
1	3783	1262.403283660072	11.680383951637
1	3789	1263.63652913669	79.336576435718
1	3799	1267.11801573716	27.505775623838
1	3851	1282.781181758626	88.047157017167
1	3860	1284.591886112238	17.749551706017
1	3863	1284.929621119405	12.111109309713
1	3872	1288.531988694453	27.039100394003
1	3897	1297.628751065702	19.462645330117
1	3920	1305.393577032146	105.59437849012
1	3948	1312.019529695977	28.466746694992
1	3983	1321.19095023268	32.122022667785
1	3999	1326.177158896814	25.945537496357
1	4008	1328.120018740304	22.41970574588
1	4032	1336.722575237397	120.19031395356
1	4042	1339.503747271029	22.590603766149
1	4074	1349.82990151027	38.4197860501
1	4076	1349.884681658243	104.48358798784
1	4087	1354.299846308076	4.77140502166
1	4103	1359.770404777845	103.31120635465
1	4128	1367.801453655589	45.17540260544
1	4131	1369.002124951457	8.611408889992
1	4175	1385.850728275726	90.969822885238
1	4178	1386.560068053426	58.587703373745
1	4202	1393.937868610027	17.362930841743
1	4206	1395.178884270484	56.877259657365
1	4241	1405.486004200418	6.778343369835
1	4272	1414.340172010356	21.412553279539
1	4285	1418.055446706714	13.394020995589
1	4289	1420.718757892849	87.679916799654
1	4294	1421.168948120556	33.482794212292
1	4308	1428.183584121641	7.049737010267
1	4312	1430.799914526989	4.55965743889
1	4314	1431.361630454549	87.089745600594
1	4350	1447.456570717511	10.456809368917
1	4382	1460.645209580897	18.363900169032
1	4396	1463.94036136766	108.89757863188
1	4444	1480.956633535218	33.541013166774
1	4465	1486.860618667564	7.709104555775
1	4469	1487.606329064705	34.512631679537
1	4472	1488.452313914202	122.63700271677
1	4499	1494.605019920162	36.257894094919
1	4509	1496.820289148955	125.9390801501
1	4532	1503.094602058996	39.615418724601
1	4557	1509.619558402924	24.794153916767
1	4566	1511.496501029707	15.104167782703
1	4568	1511.569097293196	21.163834181266
1	4576	1513.206485131181	131.20528312715
1	4587	1516.739463540617	106.60097397503
1	4595	1518.494358296977	44.500342963498
1	4629	1529.659466762453	114.46180899779
1	4673	1546.086404088773	44.059078935651
1	4678	1547.04204002873	34.900089559262
1	4735	1561.868762496519	129.94945680153
1	4749	1565.658894951931	96.685164503294
1	4767	1569.745042524655	52.149308046444
1	4785	1573.178489595658	38.97114421055
1	4788	1574.308101968147	35.02421593643
1	4795	1576.395041221647	69.335354297079
1	4811	1579.996294316373	35.451504339463
1	4821	1583.189672815036	27.96186926018
1	4826	1583.853877955821	33.708942483647
1	4850	1590.630647108547	19.422852747959
1	4872	1595.821342293183	72.650493302622
1	4878	1597.625381984405	20.65616287233
1	4901	1604.327942727137	43.617815292672
1	4907	1606.050921848631	23.384958888754
1	4926	1614.149116148011	48.166226944186
1	4940	1619.406868896808	90.377797085218
1	4987	1633.854449269132	24.509327494305
1	5002	1636.934287103712	5.885394091835
1	5029	1644.526567122554	29.225247749011
1	5048	1649.097813424784	61.361522129862
1	5052	1650.364743298981	57.442997806133
1	5056	1651.327648331076	53.137397472407
1	5071	1654.848442890569	28.913692736882
1	5079	1656.272314110658	14.353851221618
1	5090	1658.847232099509	37.935165779315
1	5098	1663.276173431546	27.065573767875
1	5115	1669.442227926934	65.490661066617
1	5130	1674.24073067203	21.512915496364
1	5135	1674.891752757378	27.543381739184
1	5145	1679.508955136411	10.552426168695
1	5154	1682.71460797056	7.908814616035
1	5199	1705.274119325693	47.484557633064
1	5210	1708.343667908343	11.167326509021
1	5216	1710.309138747053	7.443154134904
1	5244	1720.100702215813	56.716973709067
1	5256	1724.394162098656	43.886389639236
1	5261	1725.656607030896	34.422596052057
1	5306	1739.974536703556	26.702387192637
1	5322	1743.209924909292	24.456688026899
1	5338	1747.281821953603	12.33250866225
1	5344	1749.136310640968	63.381132684424
1	5358	1754.003424398488	29.906503738252
1	5396	1765.527067505408	8.218700213706
1	5405	1768.067989176375	38.154468124731
1	5412	1769.400708771314	23.295471046585
1	5418	1770.695154127788	29.945538346076
1	5441	1778.777685852736	70.745808978342
1	5495	1796.396075746978	33.717508105792
1	5498	1796.926849488067	28.29209603638
1	5507	1800.859141337344	49.318900038609
1	5515	1802.218548072866	11.730827232949
1	5517	1803.106134941816	2.120882732105
1	5554	1822.436975589257	48.786163872804
1	5576	1830.058427445132	23.170421925841
1	5613	1839.803647561003	60.570579766528
1	5636	1845.943522488705	33.205847183942
1	5647	1848.808525240871	30.739553874244
1	5664	1852.410229506674	18.500091879396
1	5669	1853.867004881968	30.236331232475
1	5680	1858.417580465094	73.406582207188
1	5693	1864.781882201561	36.05677343067
1	5718	1875.125698857831	35.331894807636
1	5740	1881.54591865745	85.719358105679
1	5762	1886.977354350041	41.653472462206
1	5775	1890.063292269367	17.259957405973
1	5801	1897.410318608985	41.439269919068
1	5803	1897.793113947384	19.238482855494
1	5816	1901.767426010693	51.085569292076
1	5831	1906.193622634868	16.924397461934
1	5842	1911.155384442078	44.221247271406
1	5887	1925.597344545189	63.767560184471
1	5903	1929.851899429226	7.28134556557
1	5907	1930.533240787925	46.27083379636
1	5910	1931.806622053855	37.165798752459
1	5914	1932.861853146346	21.846132149571
1	5932	1939.461060989307	33.73164185824
1	5976	1953.645931220268	25.124192062651
1	5991	1957.556503248641	57.719152846146
1	6014	1963.314993910036	28.870777150392
1	6023	1965.615014323038	20.108973538739
1	6037	1969.74519901036	12.944845917286
1	6059	1976.540856510409	59.62847450935
1	6088	1984.014652187936	5.213634765008
1	6093	1986.029478210958	18.399601557759
1	6097	1987.183720533396	36.099103813417
1	6111	1991.70311698469	7.853377551423
1	6115	1992.961811291294	53.315509893239
1	6148	2007.291778898804	33.953369714092
1	6164	2015.653355812083	53.12818185113
1	6205	2027.737481137739	5.338046549121
1	6215	2030.821572213209	41.321176631151
1	6247	2039.739624943945	33.858626699202
1	6251	2040.365545786453	23.769314253703
1	6253	2040.799656562868	29.509358203631
1	6282	2050.5027881784	55.395452304054
1	6309	2058.410744984518	24.945127604412
1	6332	2064.534163675514	64.053124064822
1	6349	2069.065868866641	41.458959860039
1	6358	2071.330123125935	32.366916323206
1	6383	2077.23216050805	21.586994621319
1	6403	2081.947519202018	20.497525971149
1	6412	2084.238875973517	33.599112748413
1	6448	2096.595403513754	29.489098705001
1	6466	2101.854556456334	56.984623514939
1	6481	2106.438022653469	34.118042298722
1	6520	2117.766900678979	39.541521456208
1	6537	2123.054427914218	38.937777126105
1	6544	2124.938663146108	24.344515524921
1	6599	2140.646594833464	34.253143169101
1	6609	2142.874554073319	31.14351301512
1	6613	2144.339662674012	54.564059227602
1	6617	2144.993918569291	4.883400774093
1	6635	2150.438145708875	16.260179303237
1	6690	2164.984426548485	70.142483498683
1	6709	2169.990767685462	52.968033252283
1	6735	2176.693320441408	26.042404687147
1	6738	2177.272024866777	31.640515024658
1	6760	2182.486119440289	26.197425140764
1	6802	2193.389648573137	70.69308884385
1	6845	2203.908906351777	31.462644208456
1	6853	2205.949587887383	44.119170745831
1	6874	2212.828040569569	84.438813940403
1	6876	2213.33102708554	35.731576775545
1	6931	2232.13641172333	49.27533524844
1	6934	2232.567343997647	38.553882414118
1	6960	2240.410157894847	73.057302033426
1	7021	2258.290729857279	46.829154485133
1	7023	2258.298460988925	70.133413843707
1	7026	2258.748132650272	53.133981049522
1	7050	2265.140087459583	47.893821485919
1	7060	2267.076909539524	23.196220474552
1	7063	2267.595172142973	67.728651813127
1	7091	2275.343257496829	46.98871616297
1	7111	2280.64643901227	42.167407369138
1	7114	2280.959084533502	58.336997900504
1	7128	2285.640570910649	30.7301714425
1	7136	2288.162437095769	54.713349343739
1	7161	2296.402682259561	46.618685919907
1	7164	2297.527948527946	9.269641270978
1	7178	2303.916552326179	43.746303454278
1	7187	2307.709983324634	41.70155238733
1	7192	2310.692713584404	33.022131888316
1	7203	2314.894487323474	21.077454933666
1	7215	2319.336401818319	47.457204575418
1	7226	2322.287981636009	22.747230467039
1	7261	2334.191406504133	51.448400187422
1	7277	2340.819046499441	35.746449818835
1	7312	2351.086096898185	34.536761742316
1	7319	2353.502664781524	15.865898722665
1	7328	2355.898359120125	45.057571332669
1	7339	2359.629254699916	27.004949820459
1	7348	2362.636364246369	40.824778794194
1	7394	2376.286633736568	32.864544459732
1	7443	2389.33104965207	29.328795543171
1	7456	2392.42913938954	65.287834183895
1	7463	2394.372271849309	45.677080995869
1	7465	2394.898072907468	24.600156533764
1	7484	2400.829753982715	46.812073268342
1	7499	2404.672768667455	29.010412091969
1	7514	2408.30338015093	4.861854150542
1	7545	2415.091222853399	22.670841978396
1	7557	2418.447475917869	53.335839983773
1	7559	2418.827261969563	20.56034078251
1	7571	2421.044234551372	39.767522803623
1	7580	2423.387337223977	14.57207493682
1	7599	2430.055741684277	10.109352027064
1	7605	2431.309735342509	44.519063505458
1	7612	2434.645735567318	9.28155743249
1	7619	2437.481263829162	23.024850364774
1	7651	2447.475661733772	17.082358303597
1	7655	2448.630145077362	7.676621145568
1	7697	2464.566917260182	18.280710003807
1	7699	2464.607985717596	28.785547322012
1	7761	2483.18577103818	20.15325975663
1	7775	2486.526478383227	29.49362690677
1	7778	2487.333957805072	8.344258105154
1	7781	2487.740846933101	36.233030123171
1	7798	2493.907049606673	25.491596115171
1	7811	2498.131320182469	24.598560753977
1	7813	2498.504596206828	3.56238688482
1	7815	2499.096686096515	14.861333538429
1	7860	2518.601896946903	28.990457502776
1	7864	2520.768080332552	9.581442390569
1	7866	2520.785080883655	20.631406742847
1	7882	2527.749808260592	22.414303772036
1	7888	2528.973977123156	12.401657360838
1	7936	2548.027356004229	25.830701978063
1	7938	2548.730320761332	20.793117846712
1	7956	2553.388319916094	19.79733689921
1	7966	2555.615212361795	5.540772859938
1	7995	2567.882415346336	28.756992451612
1	8024	2575.974992355568	31.734578625999
1	8038	2579.408552179114	24.002977014752
1	8040	2579.883374055965	8.47888810921
1	8045	2582.07870911772	15.843488201848
1	8059	2587.760119599756	11.185110897989
1	8067	2593.290379412358	32.484477747116
1	8084	2602.63083420368	20.410932445666
1	8110	2613.926205166035	25.899540015381
1	8138	2622.781483095723	23.718890098507
1	8141	2622.982122294723	29.093768983499
1	8158	2628.42524044961	24.150264721599
1	8163	2630.954487496987	21.103341083042
1	8171	2633.155768837896	17.660342085757
1	8178	2637.389104725559	16.611249463399
1	8266	2664.042320501175	37.838919330039
1	8274	2665.406670277472	33.324184227036
1	8284	2668.523394323302	30.590337713597
1	8296	2671.394760870607	28.37319435901
1	8298	2671.765681655378	22.749940056819
1	8310	2677.218060455285	17.629080523737
1	8322	2685.872358582447	31.731174857588
1	8332	2691.115119523252	26.305282947956
1	8334	2691.562025245279	4.700236460426
1	8350	2700.871465120812	30.959439762051
1	8360	2704.373621744218	29.050301739827
1	8403	2719.444378710817	21.669050908181
1	8410	2720.669684158521	17.241590873454
1	8422	2725.030081406934	16.506037867162
1	8428	2726.18528983928	45.275207427327
1	8448	2732.892127834724	40.941128029951
1	8489	2748.305110009505	28.51833471365
1	8499	2750.675878579145	36.274622937314
1	8504	2751.809931835743	9.212512037136
1	8551	2767.021063192285	41.359933760486
1	8568	2773.152810237835	41.818738275905
1	8571	2773.568271646508	25.535782098304
1	8588	2779.316957590519	42.221459084772
1	8592	2780.563304697628	10.630792794282
1	8603	2783.37129782571	1.972035942716
1	8630	2793.211576785193	6.681546443607
1	8638	2797.402669877164	33.32915696071
1	8648	2802.036715233697	48.485896080498
1	8664	2807.856891465838	4.774319551186
1	8683	2815.550290029496	56.894327488029
1	8693	2819.676113568014	44.13546823361
1	8709	2824.884825158166	32.59641360445
1	8715	2825.055744967773	27.044055220555
1	8750	2837.099121975247	22.718560505891
1	8757	2839.412804657594	3.443065249129
1	8759	2839.904992185652	30.86963655276
1	8812	2857.199290974183	10.687479586457
1	8829	2861.457319480596	31.429836165156
1	8850	2867.359074968031	47.496206191951
1	8866	2871.229669626105	46.245142773726
1	8869	2871.261345502107	29.816987546744
1	8871	2871.755686282646	8.285581901669
1	8887	2879.048130635058	27.44288915198
1	8889	2879.797480504263	22.327026033542
1	8908	2888.713176092017	3.01905812847
1	8912	2890.450712151362	21.034578719411
1	8963	2908.957811274216	17.955247724079
1	8969	2911.018907100312	14.378138993984
1	8971	2911.651029437666	37.205406735304
1	8978	2912.712404465419	5.878195944824
1	9005	2921.358842162996	9.436876206541
1	9010	2922.21876152966	42.058614508601
1	9017	2924.260023495416	6.698503394146
1	9036	2935.609106119725	33.79645968322
1	9055	2943.953337901971	15.042869639351
1	9069	2947.322869395957	24.358047820282
1	9074	2949.695976722287	15.455057396787
1	9104	2960.079814600176	14.266732092365
1	9120	2964.941970310521	24.988417062325
1	9152	2973.60769870924	22.211618516596
1	9160	2975.722307497288	8.308212771432
1	9206	2989.576645566148	32.962577709693
1	9208	2990.233919543563	28.094138607965
1	9239	3003.594113316385	31.171565229072
1	9255	3008.682386617057	24.820149124248
1	9290	3019.436949339112	41.326269823475
1	9292	3020.228398712117	31.330866629721
1	9315	3029.316948021762	34.9228489066
1	9318	3029.713065168823	29.72422957956
1	9337	3035.572306256974	9.033957035746
1	9343	3037.168029659427	21.796272944658
1	9361	3042.447983679132	37.329468823506
1	9369	3044.812183764415	12.457446592977
1	9403	3056.901089013442	46.632036530067
1	9406	3058.476402135566	37.922960377764
1	9446	3068.349307645811	30.51494234032
1	9452	3069.725251707597	21.343185740406
1	9473	3074.57465983054	20.510176356997
1	9484	3077.29808765452	17.991779002711
1	9494	3082.468011913357	17.260041791248
1	9496	3082.525907405305	39.155120617596
1	9515	3090.082097385546	19.125804922312
1	9535	3099.021460570979	22.410412532861
1	9573	3111.008842339041	11.231059815734
1	9577	3112.67005591269	30.085339418262
1	9610	3123.215855705901	29.437696830718
1	9627	3128.027607476454	39.614004376692
1	9644	3133.24515496148	28.431131116116
1	9646	3133.839030966979	23.739161749953
1	9653	3135.911736585318	9.28630085371
1	9685	3146.770600156158	26.010330037909
1	9699	3151.91245305096	36.188497846947
1	9709	3154.699413127384	22.557050514384
1	9719	3158.848546524418	15.990022707614
1	9732	3165.225395565738	6.511463568895
1	9734	3165.909661393033	28.727317300742
1	9766	3181.612074964333	33.195577410632
1	9773	3183.393929101761	18.926581228384
1	9784	3189.931101539873	36.234150421806
1	9796	3196.362975793544	4.435509242001
1	9802	3198.466686473464	28.264483588516
1	9846	3217.306005722611	20.161756713174
1	9860	3221.448642259817	45.443142173697
1	9874	3225.23445405078	43.477248733981
1	9896	3233.044417153464	46.128475673846
1	9903	3235.344037227801	32.276934426976
1	9942	3249.631398520784	41.022922549047
1	9945	3250.225835802269	36.569819943513
1	9949	3251.959095674453	33.149680388974
1	9991	3270.382832630889	45.605944768408
1	10000	3273.831132548282	38.103945047244
1	10040	3291.507424034066	61.113021727768
1	10055	3298.489808211687	45.908615700316
1	10060	3301.040766955937	43.020824586155
1	10072	3305.022025968183	20.244495295452
1	10112	3318.769099754165	77.111616610196
1	10125	3323.722220381256	76.230248627947
1	10159	3334.468777237576	71.24957945372
1	10164	3335.509604578024	44.894757937288
1	10166	3335.62875744235	28.014993663177
1	10189	3343.190335463267	74.861958723279
1	10192	3343.986349905143	47.522941315543
1	10215	3351.880946705353	33.467710329917
1	10239	3359.6247616451	57.552516456806
1	10252	3363.789318018942	22.733848578643
1	10261	3365.721555225669	30.256366191314
1	10264	3366.484308154322	19.443464083361
1	10268	3368.461407069116	94.823238542997
1	10321	3389.803327516306	25.853777817101
1	10323	3389.962786796618	111.05594540305
1	10340	3395.095826649342	20.273533619241
1	10368	3406.98867843929	37.204205638496
1	10382	3418.662862731608	105.5048997635
1	10395	3425.229767996933	100.8231534328
1	10424	3439.078214353882	108.81161102862
1	10436	3441.878852995347	12.434910853161
1	10462	3452.469866322121	5.810529880924
1	10468	3455.280649554219	20.062509596116
1	10473	3456.821960989153	103.9006524221
1	10476	3457.572205741657	5.513282340252
1	10519	3473.297407741308	114.6675391182
1	10528	3474.477851518196	94.465769923521
1	10554	3481.793248610805	18.592028335668
1	10586	3492.210736480775	34.367028959095
1	10602	3498.704529935377	113.03003151749
1	10605	3499.352117830306	30.177413267898
1	10637	3511.409224189701	120.7016187954
1	10648	3513.953999077789	17.239618888011
1	10682	3523.469340284709	21.343032108739
1	10691	3525.417918387803	12.169571568259
1	10697	3528.102983020478	131.84655193798
1	10704	3530.627662652172	129.16217693593
1	10706	3531.136126672616	51.381183955118
1	10735	3540.04041086859	48.918024877084
1	10760	3547.740271201823	140.88508481043
1	10770	3551.230580997769	138.50683242047
1	10777	3552.601142370259	11.657460714341
1	10798	3562.805534311569	33.14903033152
1	10805	3564.662324536008	6.776130867073
1	10808	3565.51103361696	146.8234331226
1	10823	3572.552482380765	148.70352839329
1	10870	3590.924406591803	150.21834514802
1	10888	3596.021424085015	32.879675645262
1	10904	3600.046805432183	14.785809309339
1	10922	3605.313802488729	131.11733968148
1	10935	3607.74600866402	28.016520795063
1	10952	3612.460527993388	126.971501127
1	10961	3614.212239677317	45.19125042972
1	11002	3624.637864284683	33.609138390981
1	11007	3626.227449411757	18.701148458755
1	11022	3630.818536354924	122.96168808662
1	11034	3634.286159045062	32.584971277741
1	11036	3634.580743023657	115.97044385271
1	11050	3638.535337584909	42.410007339787
1	11096	3652.19093238306	128.10916680563
1	11141	3663.645673753227	34.045207623857
1	11149	3665.447996649192	19.12345827464
1	11152	3666.080678669154	47.524612100213
1	11160	3668.114848587894	16.141664293362
1	11191	3674.802436963074	6.611438527355
1	11193	3675.057819408714	139.66982662154
1	11195	3675.538137164198	40.266527290454
1	11217	3683.454584360007	42.23216739914
1	11270	3700.534415177301	43.310942245181
1	11285	3704.320796307991	19.862537781824
1	11301	3707.646392242633	161.23991809797
1	11304	3708.64081223379	46.338989626152
1	11312	3711.076326602371	158.67264775373
1	11369	3725.264683804706	29.440059870713
1	11375	3726.514528900733	36.153384254662
1	11394	3733.361781083746	159.27360420488
1	11408	3736.072320755689	35.010961902446
1	11419	3739.6721334717	4.384353550966
1	11441	3746.923350523808	134.32931338937
1	11450	3750.194266809267	126.09447554487
1	11477	3756.307871270691	32.665771099971
1	11492	3760.259573614226	53.420048150235
1	11494	3760.42557570408	30.981473894789
1	11512	3765.497182751657	92.155970498105
1	11529	3769.422035417518	7.424308116082
1	11532	3769.720282548571	18.509858713252
1	11539	3772.536840365616	5.047328201239
1	11542	3773.20154118212	94.045290616574
1	11561	3780.303255209817	67.842935897528
1	11570	3783.35811451811	65.434637185537
1	11585	3787.668880369049	41.474685897121
1	11611	3794.698950531888	15.38387140515
1	11618	3795.18597174727	21.797721161859
1	11633	3803.113892093185	62.316142497935
1	11653	3811.159965142723	26.378798615305
1	11658	3811.612106863757	5.685969725367
1	11670	3815.643048880739	59.429751861726
1	11677	3818.208491289406	28.312625997818
1	11694	3825.207283950759	30.287746598828
1	11696	3825.943121504503	14.708678639959
1	11710	3832.981920973978	32.457297319662
1	11722	3841.760507968252	24.933756551471
1	11761	3863.868147579484	41.744325172852
1	11764	3865.131653165793	15.614237422938
1	11783	3871.784765677872	44.466196257967
1	11800	3877.985109857167	22.64549645281
1	11835	3889.359407284646	16.839137950331
1	11855	3897.304343470257	30.152363082978
1	11865	3901.349767488657	68.374678261575
1	11900	3915.665055014193	9.843899602538
1	11919	3922.594013625759	38.267654290195
1	11925	3924.784877427159	35.007158465224
1	11947	3932.583132685392	93.717149309113
1	11961	3936.378175621501	2.226266952581
1	11963	3936.916996839221	14.440216086339
1	11976	3939.908541684037	95.414856428512
1	11986	3943.725045198921	15.338565144804
1	12010	3951.365941918568	90.202168401212
1	12014	3952.205499804467	56.731260861859
1	12048	3963.816822519057	85.407558540812
1	12059	3967.432234611357	27.957164404212
1	12067	3968.79011384247	52.024531475859
1	12069	3969.257279641109	68.562764567439
1	12081	3974.567776903155	29.303250181368
1	12088	3978.188394425319	66.810676355265
1	12102	3982.144409231142	9.492479386042
1	12105	3982.887013618131	32.368092053101
1	12131	3994.627913374683	38.420006694503
1	12139	3996.691869742002	18.442340568639
1	12144	4000.3887289518	16.742577320895
1	12146	4001.071246674513	39.443577897267
1	12152	4001.846720131927	12.26912776695
1	12157	4004.220480892805	8.6723734166
1	12171	4011.314220729399	3.965636367327
1	12180	4014.959708536038	47.358741013795
1	12215	4027.865061857621	10.191043448984
1	12248	4040.783443395513	28.361775706289
1	12254	4043.642668724638	42.15255308442
1	12264	4046.309123107699	1.6638764604
1	12315	4066.303159479167	43.303736823959
1	12330	4070.978640321176	31.857849859399
1	12345	4075.204498248756	24.637175350565
1	12362	4080.443147980142	52.248853874858
1	12400	4091.660331289984	35.945067177993
1	12414	4096.057004285861	34.846274423064
1	12419	4097.871313557727	63.943055785261
1	12440	4104.325395502383	32.20682149101
1	12458	4109.79099553323	32.017678146135
1	12495	4121.053294260521	38.124722650508
1	12499	4121.761693185896	55.392956349767
1	12514	4126.661393820889	10.301293940865
1	12536	4132.919672339923	44.189909684706
1	12553	4138.802538220657	44.133002901104
1	12556	4138.992082821903	11.246426423546
1	12578	4146.932295231031	14.158655647304
1	12612	4161.316597995117	61.426344021459
1	12624	4166.332161226661	55.500069045814
1	12679	4185.439522609	79.896408753123
1	12688	4187.736849916632	17.39872025582
1	12696	4191.481241184984	9.834303295473
1	12722	4198.174699617553	76.036773328906
1	12731	4201.699991942736	58.656298221907
1	12746	4206.314585639046	13.890982561395
1	12752	4207.84791444056	53.446786181073
1	12765	4210.726632940351	72.704901312246
1	12783	4215.828314514249	66.863192345831
1	12798	4219.105801514698	10.454180580215
1	12806	4222.097791606677	57.248207992526
1	12809	4223.238271014184	25.600887411858
1	12825	4227.154830749731	24.447112120575
1	12839	4230.34068658529	70.632069716465
1	12843	4231.64059527428	55.912983422636
1	12867	4239.896075058727	15.301263675559
1	12889	4244.955356064602	4.255662766868
1	12918	4254.74184558529	25.101441561595
1	12922	4255.568491378451	68.768597595047
1	12943	4264.698796636307	29.213830240419
1	12972	4274.578281474416	60.861164463103
1	12985	4278.44280410849	4.070813242462
1	13023	4290.203910530778	43.754501646851
1	13028	4292.886604313972	40.44604995288
1	13033	4294.608638871578	25.810948836967
1	13040	4296.261488671415	16.747098781169
1	13048	4299.059567379647	80.022560931858
1	13057	4301.470324926776	37.861080278409
1	13087	4312.186781461234	6.387426491943
1	13091	4314.562020984244	29.536791451274
1	13093	4315.851085873086	57.657121795461
1	13108	4321.671392269081	31.64075902628
1	13135	4330.682518854734	19.781556425147
1	13153	4336.112940931808	40.812878226511
1	13159	4337.968055966775	37.529412956675
1	13184	4345.675939900912	17.704351006187
1	13189	4346.942027667769	24.694284134077
1	13237	4362.782316435943	19.216235201224
1	13250	4368.410299150503	51.878748916086
1	13252	4369.019764209977	35.842385874242
1	13261	4372.042886446809	23.206067840217
1	13267	4374.960493667746	36.439405726964
1	13302	4390.109227302015	35.346592657964
1	13304	4390.322672700855	18.854618362265
1	13322	4397.318954083136	3.979260554072
1	13347	4406.227477561095	29.431244670526
1	13351	4407.502727982583	47.417067996921
1	13415	4424.752337556795	20.297519101527
1	13428	4427.236986108822	28.245924834861
1	13438	4431.295608088952	65.27458836592
1	13464	4437.600985937283	22.279900877502
1	13470	4439.202849871711	29.742015525234
1	13498	4446.374861959833	20.246192306979
1	13518	4451.056438657684	68.318720066452
1	13535	4454.523057460431	66.24351849558
1	13552	4459.326102306597	38.22019586805
1	13554	4459.467979428824	27.903202496703
1	13585	4470.381245027297	28.053245890422
1	13592	4472.403271635875	24.698054219944
1	13602	4475.900140141135	38.706427670083
1	13619	4484.381264715339	31.177913029098
1	13622	4485.284747746657	26.164382473917
1	13632	4489.641758573242	24.852912048579
1	13640	4492.668072739266	12.121436328745
1	13644	4494.056344951967	2.4575366918
1	13712	4516.821824454121	31.137270661423
1	13721	4520.063960630097	49.8779973652
1	13729	4523.260124116903	47.892067713665
1	13745	4528.338246623399	31.612050246096
1	13769	4535.37927959708	32.734790369754
1	13806	4546.189172617392	38.342892346207
1	13811	4546.824431787708	27.735184993362
1	13813	4547.424644810728	12.134273262578
1	13815	4547.42536881519	17.730947384142
1	13844	4557.209548577662	10.546654375965
1	13863	4564.03881238564	50.239366260826
1	13877	4570.237679939481	45.980870607308
1	13916	4583.992115258703	31.832762197823
1	13947	4594.256620946574	53.305836165326
1	13967	4599.759948698567	31.494304295161
1	13971	4600.609539609167	27.006630721734
1	13990	4604.230399089513	14.494090588878
1	14005	4608.353023690288	51.127564431984
1	14010	4610.451517893117	15.057801382733
1	14012	4610.603225301949	31.202061361866
1	14042	4622.705223540424	38.290048631024
1	14056	4627.267814560676	10.225912223919
1	14059	4628.288211728214	65.878665822327
1	14078	4633.547300935023	10.605725152883
1	14087	4635.854461194131	34.976040453068
1	14101	4640.601040329666	11.918873115791
1	14139	4653.654389307953	47.32821404457
1	14159	4660.5547873216	48.619172937123
1	14186	4669.430766168749	29.815963817063
1	14200	4674.719696083686	40.591348788816
1	14215	4679.229751197388	34.291280348786
1	14254	4690.596796761264	34.320365309714
1	14257	4690.93710396031	29.501031890859
1	14296	4703.686762653988	15.579782468035
1	14310	4708.217402192879	57.815744144027
1	14313	4708.85831284127	42.342453158926
1	14339	4716.35588052531	22.326366139227
1	14390	4731.305314750872	59.712932558961
1	14401	4734.076836076329	29.028915290488
1	14408	4736.105305855043	20.170126984245
1	14431	4742.940713566839	43.288606050771
1	14445	4746.617420867196	13.77286151319
1	14450	4747.529803617853	70.679081274893
1	14452	4748.168516417379	10.193306160275
1	14459	4749.714790826311	22.734393183957
1	14471	4755.136955817575	72.90974108863
1	14489	4760.929706973953	5.805101637962
1	14495	4763.432386183058	53.100738461709
1	14526	4773.006719648254	23.363647684805
1	14532	4774.562405467963	3.49456983828
1	14543	4780.249535360837	20.119866422145
1	14563	4788.067772138042	66.141906095083
1	14594	4797.758451493572	4.680996043492
1	14625	4806.915779217261	19.261149160448
1	14635	4810.053313159497	27.792436886461
1	14640	4811.715003063899	12.809622363419
1	14643	4812.431357581047	68.531871184821
1	14652	4816.535036051527	11.798908624216
1	14684	4827.475047293117	12.349069506396
1	14687	4828.641092625558	62.914876628315
1	14699	4832.110886115461	22.355630288947
1	14708	4835.544145231947	10.227316571981
1	14748	4848.789218804331	28.610617936356
1	14755	4851.393466254226	74.813576457321
1	14772	4856.517967706309	25.67427488393
1	14828	4872.776301327627	9.50022034743
1	14832	4874.108107982316	38.04410538182
1	14859	4881.924313375375	35.404242421617
1	14863	4882.94626744848	25.445151906111
1	14867	4884.146658185052	15.02237646433
1	14870	4884.696890356832	32.818206357886
1	14891	4893.63451890193	52.457258100271
1	14902	4896.876625508765	22.169243335722
1	14927	4906.617087616235	26.708053012496
1	14946	4912.25922063761	21.041001328731
1	14976	4923.392954470009	37.810339672611
1	14998	4929.939944798356	33.108326509128
1	15032	4938.917270685778	25.48475261964
1	15044	4941.739736697987	34.235405788178
1	15084	4952.011704842441	49.832983834552
1	15095	4955.109905395192	36.645384287232
1	15112	4958.367794916497	29.06720202486
1	15136	4965.737997827467	42.100020483718
1	15150	4969.795783522887	34.875971397968
1	15167	4975.788192380335	35.311550158659
1	15198	4985.784106305917	23.563666700737
1	15201	4986.453619926352	40.833518302651
1	15222	4993.505996779073	41.942017827418
1	15224	4993.858516691138	25.903553217071
1	15237	4998.860276476829	7.867136425922
1	15245	5002.256036438516	28.700230742576
1	15261	5009.861408685682	52.94218708214
1	15264	5010.802735734731	8.681661322249
1	15315	5029.73312680854	22.056766438183
1	15342	5038.752455644424	59.261344842496
1	15357	5041.936267764189	56.654515734058
1	15369	5044.958664895615	26.817889132653
1	15398	5052.764578723463	29.198374864994
1	15412	5056.643082652475	21.422348932598
1	15445	5066.735074600902	20.58163565956
1	15465	5072.808587347271	76.466490142628
1	15478	5075.502133156053	62.382065561016
1	15482	5076.91519702633	47.522055581093
1	15490	5079.951776495549	39.549649130667
1	15513	5087.249909030038	24.224215858381
1	15531	5093.720714153022	25.131905768997
1	15545	5098.534715110435	24.346601570956
1	15558	5102.036478527586	49.993338545084
1	15565	5103.277642972066	46.186547247225
1	15571	5105.071965813637	13.714195973473
1	15589	5109.499208024587	12.518490612158
1	15651	5132.299193704964	52.258345837703
1	15653	5132.721516598482	47.258598499699
1	15667	5137.36621949461	34.4251984827
1	15678	5141.355709935656	27.17937194591
1	15696	5146.864938205804	15.975607683646
1	15733	5162.757225224283	43.268439945299
1	15736	5163.312498748654	54.634646573222
1	15753	5168.684219045799	10.230211353163
1	15773	5174.361041779747	49.101537034032
1	15777	5176.205008986872	39.629919855156
1	15811	5185.335026015411	37.567588176926
1	15834	5191.728855935975	28.009615181131
1	15842	5194.632977775883	52.505698532915
1	15857	5197.993305630519	29.180014735089
1	15867	5200.65732345113	47.79489588097
1	15877	5203.068606879448	7.586034190026
1	15900	5209.799075728751	24.650029207348
1	15921	5216.580912371402	36.884942164879
1	15931	5218.815758113518	17.575699206441
1	15951	5227.229168248944	53.021524948648
1	15967	5231.673500810052	3.513907327316
1	15988	5237.583790403677	19.57827296632
1	15997	5239.812367280595	16.755608051897
1	16012	5246.981150368576	56.529379186566
1	16047	5262.352280833179	28.276094443282
1	16063	5267.49248115497	60.310579593872
1	16069	5269.128380643435	56.271326053419
1	16078	5272.164692278488	27.162850830239
1	16111	5280.929380591492	41.400679294483
1	16129	5285.711627104088	7.852195592364
1	16136	5287.333478524233	36.379424806566
1	16138	5288.301372816904	27.095029823831
1	16154	5293.146991024375	36.997483279437
1	16164	5295.825386129319	12.623288621425
1	16170	5297.317680642825	30.20249521418
1	16187	5304.851833878434	9.962869578854
1	16195	5306.410971363538	33.674957298204
1	16209	5311.318796360052	6.131880706292
1	16227	5320.274674602433	31.203565885193
1	16244	5325.602099540641	25.635508208531
1	16261	5332.606459551493	15.904760156525
1	16274	5338.187532683604	27.035552488407
1	16294	5345.153379087921	23.261355133844
1	16309	5352.321693195266	25.038175068331
1	16320	5357.417546427928	24.212210152415
1	16322	5358.052314952485	14.498210225953
1	16329	5361.028431741291	22.81059225183
1	16348	5370.020570599362	21.209515940748
1	16351	5371.552386720087	16.933388815844
1	16359	5375.128278530441	14.791039320409
1	16408	5401.237240680381	12.802868218743
1	16411	5401.916442717197	35.983961730032
1	16428	5407.121799660152	12.697388458764
1	16461	5421.723798421683	21.597957330292
1	16474	5426.463909979913	54.833216026891
1	16495	5434.290392620378	11.929564980675
1	16497	5435.285071465425	7.510932497914
1	16499	5435.888009521066	58.305635619792
1	16510	5441.760197724335	58.789617308298
1	16549	5456.080826299619	17.45421507035
1	16553	5457.445363410055	12.848277122482
1	16563	5462.057494932209	56.031804526343
1	16593	5471.70855551912	60.610300938367
1	16618	5480.468735580571	20.00891114073
1	16632	5484.813058861071	35.170680089855
1	16643	5486.885190474922	5.393884485472
1	16645	5487.134622617282	70.062859594475
1	16657	5492.063245314993	26.549638771336
1	16666	5494.293999157269	7.507889772417
1	16669	5495.852484636596	3.079506669078
1	16704	5514.412400482345	81.488971899615
1	16708	5515.471104294997	39.070456241723
1	16715	5521.892435767346	67.005317792416
1	16719	5525.876652712592	54.981494884126

