version 3
run General-19-20240430-20:30:45-5506
attr configname General
attr datetime 20240430-20:30:45
attr datetimef 20240430-203045
attr experiment General
attr inifile omnetpp.ini
attr iterationvars $0=false
attr iterationvarsd false
attr iterationvarsf false-
attr measurement $0=false
attr network Supermarket
attr processid 5506
attr repetition 9
attr replication #9
attr resultdir results
attr runnumber 19
attr seedset 19
config network Supermarket
config repeat 10
config num-rngs 10
config **.use_random_strategy false

vector 0 Supermarket queueSizeOverTime:vector ETV
attr recordingmode vector
attr source updateQueue
attr title queueSizeOverTime
vector 1 Supermarket customerWaitingTime:vector ETV
attr interpolationmode none
attr recordingmode vector
attr source customerFinished
attr title "cust waiting time"
0	7	5.887327658245	1
0	14	11.618011673214	1
0	26	17.534196762834	1
0	41	23.224735314027	1
0	53	26.633686681743	0
0	57	27.656041642534	0
0	63	28.967356815702	1
0	67	30.345103877945	0
0	78	34.561402489199	1
0	92	40.039675316075	1
0	99	42.60236531694	0
0	109	45.265895885881	1
0	113	46.481810259167	0
0	119	48.180330018281	0
0	121	48.635374134174	0
0	127	51.178545760689	1
0	139	56.879735481692	1
0	146	59.907905705506	0
0	154	62.844582743709	1
0	156	63.216612832736	0
0	167	68.282004869076	1
0	171	69.430248168877	0
0	181	73.488703327718	1
0	186	75.478486987877	0
0	195	79.299048181156	1
0	196	79.623723443948	0
0	200	81.873226937837	0
0	206	84.356284570413	1
0	219	89.99652304896	1
0	236	95.708569810724	1
0	250	100.357736587174	0
0	252	100.62638939393	0
0	257	101.255056333261	1
0	259	102.436499854315	0
0	263	103.893231529041	0
0	269	106.706728240474	1
0	271	107.589132051913	0
0	278	112.645949259399	1
0	283	115.417378779965	0
0	290	118.57599226618	1
0	293	119.787427593254	0
0	300	123.746017753378	1
0	306	128.05458189349	0
0	310	129.245988964102	1
0	324	134.835255596553	1
0	337	140.087846185778	1
0	349	143.617071924496	0
0	361	145.818482063011	1
0	369	149.051091850617	0
0	372	149.152796878943	0
0	379	151.479368888772	1
0	386	154.802611481862	0
0	388	154.809870001743	0
0	393	157.039035067194	1
0	395	158.355455928713	0
0	403	162.060022731543	1
0	412	167.248446575365	1
0	414	167.97748273774	0
0	427	172.379650675458	1
0	439	177.657328021594	0
0	444	177.728171517373	1
0	459	183.375548373208	1
0	460	183.451877397368	0
0	473	188.715817999093	1
0	480	190.195621666266	0
0	492	194.184265006332	1
0	495	195.112237834487	0
0	503	197.116630766539	0
0	510	199.207383069208	1
0	513	200.989699708297	0
0	517	203.050563305149	0
0	523	204.703477367291	1
0	536	210.45051956875	1
0	551	216.157390074802	1
0	555	217.247722952392	0
0	567	220.971221196928	0
0	571	221.158247618235	1
0	577	223.685851341927	0
0	588	226.896931653374	1
0	598	231.617831907467	0
0	600	232.343740912617	0
0	604	232.573684772241	1
0	617	238.297676748826	1
0	622	239.985750453545	0
0	625	241.006130757738	0
0	629	243.017452817176	0
0	633	243.4597034601	1
0	640	248.779218905137	1
0	651	253.891067483925	1
0	655	255.750701865413	0
0	657	256.02034294151	0
0	659	256.164272057587	0
0	663	259.463423664679	1
0	671	265.184045537605	1
0	683	270.321848842545	1
0	696	275.458920941452	1
0	714	281.177381409329	2
0	719	282.516213940455	1
0	737	286.817840629021	2
0	739	287.361153817732	0
0	741	287.511749536263	0
0	748	291.219515387781	1
0	754	292.472644399382	1
0	756	293.335821401788	0
0	767	298.036385426992	1
0	781	303.863272329555	1
0	789	306.895268012648	0
0	791	307.116318225856	0
0	798	309.550340770274	1
0	800	310.065267311059	0
0	810	315.423327995693	1
0	823	320.409694614466	0
0	827	320.546537229554	1
0	836	324.222039659038	0
0	843	326.222799231759	1
0	844	326.647861359985	0
0	857	332.169093024214	1
0	861	334.220165950126	0
0	871	337.853956728238	1
0	885	343.507098285477	1
0	894	345.90508158295	0
0	904	349.387587295375	1
0	921	354.521287426348	2
0	925	355.182216528217	0
0	938	359.937835125947	1
0	945	362.226020154425	0
0	947	362.753869369622	1
0	954	364.112935558307	0
0	960	365.001566495509	1
0	974	370.08396332338	1
0	992	375.374139433024	2
0	998	376.674470866326	0
0	1011	380.532221976896	1
0	1012	381.177225889633	1
0	1030	385.628323312146	2
0	1039	388.653285190111	0
0	1050	391.27084287209	1
0	1056	393.225253725535	0
0	1070	397.1487496125	1
0	1087	402.8073000994	0
0	1092	402.994528352744	1
0	1102	406.612095762857	1
0	1113	408.809291852401	2
0	1130	413.825396264666	2
0	1145	419.152304307435	0
0	1151	419.760130921374	1
0	1152	419.852716888531	1
0	1171	424.862786195469	2
0	1177	426.538697736337	1
0	1190	429.892345841271	2
0	1192	430.233974468774	0
0	1197	431.851964193159	0
0	1207	435.223298151042	1
0	1220	440.363960385784	1
0	1231	443.262687743521	1
0	1240	445.426909574303	2
0	1243	445.740744139995	1
0	1257	449.801536112088	0
0	1261	450.452499952981	1
0	1267	451.309569349508	1
0	1270	452.587895477884	0
0	1279	455.082864229447	0
0	1286	457.135873252289	1
0	1300	462.418269851241	1
0	1314	466.365471231051	0
0	1320	467.426639769222	1
0	1338	472.621347294418	2
0	1347	475.593316343725	0
0	1355	477.810375636672	1
0	1363	480.515010306729	1
0	1368	481.293439307363	0
0	1377	483.364766967479	1
0	1383	485.024531061524	0
0	1396	489.034063995812	1
0	1397	489.127388610265	0
0	1412	494.408153336613	0
0	1417	494.815900678975	1
0	1429	500.314506957303	1
0	1450	506.114476322192	2
0	1471	512.090951479501	2
0	1473	512.591532326882	0
0	1483	515.532826464735	0
0	1492	518.043395844283	1
0	1496	519.045040011753	1
0	1499	520.407480860941	1
0	1507	523.112912809005	1
0	1525	527.843390061748	0
0	1529	528.433923384635	1
0	1537	531.157050069183	0
0	1550	533.952136865346	1
0	1559	536.553576009579	0
0	1563	537.474436760176	0
0	1567	538.539475452383	0
0	1569	539.261425612606	0
0	1573	539.635986131611	1
0	1581	545.171363492491	1
0	1592	550.246879035602	1
0	1608	555.276386515698	1
0	1629	561.016509796022	2
0	1630	561.427937989233	0
0	1648	566.344406703249	1
0	1655	568.411217666108	1
0	1661	569.837380260222	0
0	1671	571.974776932266	1
0	1673	573.092153219035	0
0	1676	573.710064167851	0
0	1686	577.728882517195	1
0	1692	580.086787034986	0
0	1700	582.78094274783	1
0	1714	587.847317103524	1
0	1735	593.216510490975	2
0	1746	596.862992348259	0
0	1754	598.923458507745	1
0	1759	599.186835908326	1
0	1768	602.594401362347	0
0	1770	602.596432298996	0
0	1778	604.841354809929	1
0	1793	610.631958624576	1
0	1811	616.074607926649	2
0	1818	618.001032515658	0
0	1822	619.139678447036	1
0	1832	621.969596459526	1
0	1837	624.39583847287	0
0	1840	624.571680296207	0
0	1845	627.186985895964	0
0	1849	627.325047218702	1
0	1861	633.272446089187	1
0	1875	638.479769116962	1
0	1878	640.043418836195	0
0	1891	643.770242038877	1
0	1906	649.018130387992	0
0	1912	649.460164589337	1
0	1923	652.508904706448	0
0	1931	655.17621068365	0
0	1935	655.254604019918	1
0	1951	660.267265311437	1
0	1970	666.153345071007	2
0	1975	667.414347513224	0
0	1984	670.660537221464	0
0	1990	671.778124299827	1
0	1991	672.106307554752	0
0	1996	674.561533010093	1
0	2003	676.813575046598	1
0	2018	681.887091481355	1
0	2037	687.336142033334	2
0	2046	689.746961482446	1
0	2062	693.122389378254	2
0	2078	697.400504003973	0
0	2083	698.127454004478	1
0	2085	698.750990199849	0
0	2101	703.47039513918	1
0	2105	704.568950342241	0
0	2120	708.799361852458	1
0	2140	714.015941369342	2
0	2151	716.47539167804	0
0	2155	717.652011533032	1
0	2162	719.288751793554	1
0	2178	723.073102849412	0
0	2181	723.486311646292	0
0	2188	725.098548445612	1
0	2203	730.423420833418	1
0	2222	735.589156646392	1
0	2228	736.276706650615	2
0	2247	742.204997504358	2
0	2250	742.93243840825	0
0	2252	743.086112094339	1
0	2257	744.7412324798	0
0	2265	747.262202661945	1
0	2275	750.57099809462	1
0	2283	752.844672425645	1
0	2298	757.264186215931	0
0	2305	758.473762201606	1
0	2308	759.532965183251	0
0	2312	760.667035279791	0
0	2319	763.035275968483	0
0	2323	763.48834041459	1
0	2335	768.980992272026	1
0	2350	774.458217947739	1
0	2372	780.396980377841	2
0	2382	783.008885472425	1
0	2393	785.408584335814	2
0	2411	790.636199767231	2
0	2420	793.039265705965	1
0	2425	794.147523134241	1
0	2437	796.354840079783	2
0	2438	796.374424523203	0
0	2441	797.101963822376	0
0	2452	801.544860658929	1
0	2467	807.336057849223	1
0	2483	812.62224120774	0
0	2487	813.030176037219	1
0	2505	818.869237244357	2
0	2506	819.049011519174	1
0	2515	821.498848164915	1
0	2527	824.166667111213	2
0	2547	829.20148028526	2
0	2548	829.968286977843	0
0	2566	835.147911880161	1
0	2569	835.49446600128	0
0	2577	838.250042314521	1
0	2587	840.189391244431	1
0	2596	843.194985304719	1
0	2601	843.882209775615	0
0	2608	846.018799730805	1
0	2609	846.069725778416	0
0	2626	851.332687550453	1
0	2627	852.010805357359	0
0	2634	854.523857538466	0
0	2643	857.109645461892	1
0	2652	861.060534092012	0
0	2654	861.316412731185	0
0	2659	862.372689557723	1
0	2670	868.02046650508	1
0	2672	869.160859812745	0
0	2683	873.210557268463	1
0	2697	878.323464015495	1
0	2701	879.577168836721	0
0	2704	880.076534010465	0
0	2715	884.322750644522	1
0	2726	888.267329134276	0
0	2733	889.879821970124	1
0	2734	889.954252574588	0
0	2746	895.81303529278	1
0	2760	901.561749279262	1
0	2780	907.409289775645	2
0	2784	908.679218310858	1
0	2800	912.457477266198	2
0	2807	914.833181592516	0
0	2816	917.865962529784	1
0	2825	920.922101054801	0
0	2833	923.200208427614	1
0	2846	927.337575980923	0
0	2848	927.345506942249	0
0	2854	928.87342024827	1
0	2869	934.4757392914	1
0	2872	935.061271528128	0
0	2886	939.800327455156	1
0	2893	942.115387927388	1
0	2908	945.333357196531	2
0	2929	950.932573538969	2
0	2931	951.291635887345	0
0	2948	956.790483216054	1
0	2956	959.144188275906	1
0	2958	959.263998275505	0
0	2964	960.836247986413	1
0	2970	961.966146352465	1
0	2991	967.318869363048	2
0	3007	972.304152695226	1
0	3012	972.483174099817	2
0	3034	977.884948819174	2
0	3035	978.227476799391	0
0	3043	980.738532203943	0
0	3047	982.754302144863	1
0	3051	983.128431847781	1
0	3054	984.393944502571	1
0	3059	985.493995455206	0
0	3066	988.53007410769	1
0	3073	991.261141303108	0
0	3082	994.426032182059	1
0	3092	998.381188294498	0
0	3097	999.871625219934	1
0	3109	1004.577116989876	0
0	3114	1005.548110380765	1
0	3124	1010.065779020541	0
0	3130	1010.956338826796	1
0	3138	1014.284940063484	0
0	3144	1015.988151726076	1
0	3147	1016.945894033644	0
0	3158	1021.277592971684	1
0	3174	1026.966914386484	1
0	3193	1032.465848305957	2
0	3194	1032.59284119331	0
0	3210	1037.821824119422	1
0	3225	1042.331480992604	0
0	3229	1042.758349524339	0
0	3234	1043.587057957421	1
0	3239	1045.862592461631	1
0	3251	1049.034638422537	1
0	3256	1050.62656570924	0
0	3261	1052.438303615428	0
0	3267	1054.318791235094	1
0	3272	1056.467510803016	0
0	3277	1058.961419294118	0
0	3282	1059.554049383611	1
0	3292	1064.870307607338	1
0	3305	1070.358967397123	0
0	3310	1070.750970216463	1
0	3316	1073.682973534213	0
0	3323	1075.965695124347	1
0	3334	1080.433302403538	0
0	3340	1081.719937216019	1
0	3343	1082.639042650228	0
0	3347	1083.642631965567	0
0	3349	1084.265488171595	0
0	3353	1087.652670542005	1
0	3359	1093.366053272265	1
0	3367	1097.715891314314	0
0	3372	1099.000239857466	1
0	3383	1104.836854710703	1
0	3384	1104.897398147142	0
0	3395	1110.173653817496	1
0	3400	1111.851746708498	0
0	3410	1115.681020105717	1
0	3425	1121.20135631854	1
0	3427	1122.010804507873	0
0	3445	1126.723902179387	1
0	3455	1129.633138232975	0
0	3466	1132.617455276887	1
0	3473	1135.172757287388	0
0	3478	1136.861366449267	0
0	3484	1137.749412408325	1
0	3494	1142.353212747251	0
0	3499	1143.702906855841	1
0	3514	1149.257719250624	0
0	3518	1149.358355125638	1
0	3521	1150.886990792111	0
0	3530	1154.742347239044	1
0	3546	1160.09389155823	1
0	3564	1165.89534484734	2
0	3582	1170.672019768384	0
0	3586	1171.231249307042	1
0	3591	1172.914796749355	1
0	3598	1174.625411994748	0
0	3603	1176.07181104819	0
0	3607	1176.237782905336	1
0	3612	1177.853436790867	0
0	3615	1179.400196924099	0
0	3621	1181.691268750691	1
0	3628	1186.030997780261	0
0	3633	1187.601516930378	1
0	3637	1189.962405269375	0
0	3643	1192.972792488747	1
0	3649	1197.086262699674	0
0	3654	1198.730848113765	1
0	3665	1204.146611317984	1
0	3669	1206.155299483904	0
0	3680	1209.657371808999	1
0	3684	1210.748719154615	0
0	3687	1211.664033208732	0
0	3690	1214.725854902288	0
0	3694	1215.330320266765	1
0	3700	1220.834026252609	1
0	3712	1226.013202166874	1
0	3727	1231.044182931995	1
0	3735	1234.410146886124	0
0	3746	1236.573229146879	1
0	3764	1241.719328327793	2
0	3766	1241.946680255458	0
0	3785	1247.60705681703	1
0	3787	1248.475547630679	1
0	3796	1250.768782964781	0
0	3801	1252.471007796346	0
0	3805	1253.010531865982	1
0	3819	1258.064514131508	1
0	3821	1258.676941952427	0
0	3828	1260.44631938612	0
0	3837	1263.983918466595	1
0	3855	1269.68142633302	1
0	3857	1269.945039809674	0
0	3874	1275.513897771238	1
0	3877	1276.384840202042	0
0	3891	1281.327168018779	1
0	3892	1281.429383939705	0
0	3900	1284.171066224914	0
0	3904	1285.745345381311	0
0	3910	1287.314778292308	1
0	3917	1291.248930273799	0
0	3923	1293.225488150249	1
0	3932	1298.213644611288	0
0	3936	1298.250248906425	1
0	3948	1303.61488740215	1
0	3952	1305.873074642256	0
0	3961	1309.08414886332	1
0	3974	1312.995005748921	0
0	3980	1314.845857558994	1
0	3982	1314.976019329264	0
0	3994	1320.110260751786	1
0	4010	1326.025069228363	1
0	4030	1331.207457109577	2
0	4035	1332.670054454697	0
0	4037	1332.895235621242	1
0	4047	1336.457143927914	1
0	4057	1339.799021366391	0
0	4067	1341.977466560657	1
0	4080	1345.89886422524	0
0	4086	1347.165377041315	1
0	4092	1348.706470257705	0
0	4107	1352.74179743532	1
0	4114	1355.245811579622	0
0	4124	1357.76772861787	1
0	4145	1363.291117007368	2
0	4151	1365.166551925814	0
0	4164	1369.168228490268	1
0	4186	1374.361807728176	2
0	4189	1374.916554586369	0
0	4193	1376.139789136814	1
0	4195	1376.889842482625	1
0	4207	1379.70764081668	1
0	4213	1381.716724413902	0
0	4219	1383.083238915415	0
0	4226	1385.135038394005	1
0	4244	1390.725172577416	1
0	4248	1392.253979653458	0
0	4250	1392.828101383047	0
0	4252	1393.129316442287	0
0	4258	1396.088769760671	1
0	4272	1401.718294154609	1
0	4276	1402.828238693406	0
0	4286	1407.58102030469	1
0	4300	1413.166124643633	0
0	4304	1413.515355748114	1
0	4318	1418.781906558656	1
0	4326	1420.870491681959	0
0	4339	1424.421747915204	1
0	4341	1425.144773741708	0
0	4343	1425.921358365091	0
0	4355	1430.419244710113	1
0	4359	1432.017591526255	0
0	4368	1435.540411605955	1
0	4385	1440.914799697687	1
0	4401	1444.866048777352	0
0	4408	1446.6900818115	1
0	4417	1449.27019579696	0
0	4426	1451.934410264473	1
0	4446	1457.644597551077	2
0	4447	1457.780085882045	0
0	4456	1461.451387674537	1
0	4462	1462.73374697565	1
0	4471	1465.104583399826	0
0	4482	1467.971615469539	1
0	4490	1469.861631926137	0
0	4503	1473.676303453966	1
0	4507	1475.060855067558	0
0	4509	1475.06518334312	0
0	4519	1479.141870565004	1
0	4534	1484.83668998884	1
0	4545	1488.344554621368	0
0	4554	1490.451357528092	1
0	4558	1491.840144745179	0
0	4572	1495.631640874073	1
0	4577	1496.623570855346	0
0	4583	1498.022758530559	0
0	4592	1501.038407772072	1
0	4604	1505.53191193169	0
0	4609	1506.308128404888	1
0	4611	1507.226896201949	0
0	4621	1512.031570535377	1
0	4632	1516.959264553609	0
0	4636	1517.159598904187	1
0	4638	1517.429181180535	0
0	4644	1520.536055824711	0
0	4650	1523.000907271393	1
0	4656	1527.641775925635	0
0	4661	1528.923696206874	1
0	4668	1533.780054752008	0
0	4673	1534.829559623721	1
0	4683	1540.433918305199	1
0	4699	1545.61453597922	1
0	4701	1546.100858197538	0
0	4709	1548.197196406887	0
0	4715	1551.410972025703	1
0	4732	1556.753576601615	1
0	4743	1559.959083720568	0
0	4750	1561.811788477462	1
0	4762	1565.292260242618	0
0	4771	1566.924324432381	1
0	4791	1572.401121794239	2
0	4799	1574.077172840589	0
0	4802	1575.249490697861	0
0	4805	1576.364088978495	1
0	4811	1577.522031262277	1
0	4827	1583.103591477026	1
0	4835	1585.451814678957	0
0	4838	1585.846385293401	0
0	4844	1588.266259268152	1
0	4861	1593.755951900727	1
0	4873	1596.568071365466	0
0	4880	1599.039646030396	0
0	4884	1599.25193832814	1
0	4886	1600.772211719646	0
0	4896	1604.556775802972	1
0	4909	1610.074171497945	1
0	4914	1611.503612688618	0
0	4929	1615.510496245224	1
0	4931	1616.607648101977	0
0	4943	1620.852967444916	0
0	4945	1621.107309107778	0
0	4949	1621.265861273503	1
0	4959	1626.706296642536	1
0	4961	1628.078358971158	0
0	4965	1630.511398251044	0
0	4971	1632.153312792994	1
0	4985	1638.048502783051	1
0	4994	1642.203210955943	0
0	5000	1643.942488993977	1
0	5008	1647.669990889722	0
0	5010	1648.796717633486	0
0	5015	1649.288054078112	1
0	5019	1651.345293753773	0
0	5026	1654.986593138652	1
0	5035	1660.585650233544	1
0	5038	1661.423184387029	0
0	5048	1665.792941456187	1
0	5051	1667.278068277861	0
0	5062	1671.126406929215	1
0	5078	1676.738499117774	1
0	5097	1682.416858389732	2
0	5118	1687.567886233088	2
0	5136	1692.557602124166	1
0	5140	1693.529403142156	2
0	5149	1696.008611515854	1
0	5160	1698.702649717443	2
0	5175	1703.248302710236	0
0	5181	1703.979613549533	1
0	5183	1704.078589926116	0
0	5198	1709.333237741367	1
0	5202	1710.928566704963	1
0	5220	1715.294197075061	2
0	5238	1721.027345655245	2
0	5245	1722.781657453501	1
0	5259	1726.29781897761	2
0	5262	1726.757370909086	0
0	5272	1729.984001305993	1
0	5280	1732.235944116712	1
0	5291	1735.202057303155	1
0	5299	1737.427836155163	0
0	5304	1737.596973370752	1
0	5321	1742.622474521157	2
0	5326	1744.140364424084	1
0	5336	1747.631863805806	0
0	5341	1748.135858855667	1
0	5365	1753.794318282968	2
0	5373	1756.583178791325	0
0	5383	1759.497121736399	1
0	5385	1760.180696812915	1
0	5390	1761.427577227927	0
0	5400	1764.955637945785	1
0	5419	1770.005014488698	2
0	5420	1770.112179845329	1
0	5441	1775.529601773704	2
0	5443	1775.943079652606	0
0	5455	1780.447501602922	0
0	5460	1780.778858881901	1
0	5468	1783.329442134699	1
0	5479	1786.747945255824	1
0	5491	1790.522672466807	0
0	5501	1792.471315658177	1
0	5502	1792.923905439783	0
0	5506	1794.322137311908	1
0	5522	1798.078059650716	1
0	5543	1803.433630037113	2
0	5562	1808.868228013386	2
0	5567	1810.37745739449	1
0	5574	1812.16567113878	0
0	5579	1812.970815036204	0
0	5585	1814.328976284238	1
0	5597	1818.727442043825	1
0	5604	1820.270422033724	1
0	5626	1825.899495499665	2
0	5635	1828.39484923565	0
0	5642	1830.258713317676	1
0	5648	1831.557025078442	1
0	5667	1836.797708340678	2
0	5689	1842.284948426755	2
0	5690	1842.868047170332	0
0	5695	1843.68577910435	0
0	5705	1848.00941506586	1
0	5707	1849.128381358449	1
0	5720	1853.042489093952	1
0	5739	1858.775991145978	2
0	5754	1863.451402492926	1
0	5757	1864.120014115458	1
0	5762	1864.60823785862	2
0	5775	1868.387725754165	0
0	5784	1870.583457773775	1
0	5800	1875.80738870205	0
0	5805	1876.257912023682	1
0	5823	1881.670434863297	2
0	5836	1884.715541124451	0
0	5840	1885.560915300493	1
0	5846	1886.921899679806	1
0	5858	1890.671911170112	0
0	5861	1891.054874829121	1
0	5868	1892.21504409261	1
0	5888	1897.3689426619	2
0	5907	1903.120981657403	2
0	5908	1903.653574173558	1
0	5931	1909.119559725272	2
0	5951	1914.148586559799	2
0	5964	1918.101427779172	0
0	5966	1918.377483392474	1
0	5972	1919.163304937529	1
0	5976	1920.253110524371	1
0	5989	1924.057664594366	1
0	5996	1925.048682061248	2
0	6017	1930.886865864965	2
0	6021	1931.614655783039	1
0	6023	1931.65908526325	1
0	6026	1932.233521854842	0
0	6033	1934.549396610692	0
0	6041	1936.782687402555	1
0	6044	1938.354654722487	0
0	6050	1940.652721992686	0
0	6054	1941.932503680458	1
0	6065	1947.182129899963	1
0	6079	1952.524385902091	1
0	6099	1958.015638489501	2
0	6104	1959.555952874695	0
0	6118	1963.46266933879	1
0	6127	1966.891495396842	1
0	6133	1967.758712874834	0
0	6137	1968.700669014702	0
0	6141	1968.921847098266	1
0	6148	1972.239655493516	0
0	6156	1974.856892608331	1
0	6172	1980.38466183887	1
0	6189	1985.715179026352	2
0	6208	1991.330345124229	0
0	6212	1991.420378588365	1
0	6216	1992.36315771541	1
0	6232	1997.121204428134	2
0	6246	2000.811682411694	0
0	6254	2002.68294788221	1
0	6260	2004.372585284864	0
0	6273	2008.094097415676	1
0	6279	2010.031207320624	1
0	6284	2011.462740385082	0
0	6292	2014.024908771731	1
0	6307	2018.571293507231	0
0	6315	2019.892204943804	1
0	6337	2025.871460439164	2
0	6346	2028.072414628455	0
0	6350	2029.45530182297	0
0	6357	2031.084493513211	1
0	6367	2035.992318568047	1
0	6371	2036.18601747811	1
0	6389	2041.958635073846	2
0	6391	2042.098146790048	0
0	6406	2047.354100495802	1
0	6417	2050.230972016223	0
0	6426	2053.268789286019	1
0	6445	2058.609317253336	2
0	6454	2061.231196192785	1
0	6457	2061.847814506725	0
0	6464	2064.122730602504	0
0	6468	2064.469803176347	1
0	6484	2069.907323191866	1
0	6485	2069.988402198761	0
0	6491	2071.942719697829	0
0	6500	2075.105382368194	1
0	6505	2077.472914524951	0
0	6507	2077.770940614971	1
0	6516	2080.527806696009	1
0	6525	2084.852761996088	0
0	6531	2085.975533029756	1
0	6540	2089.860846421209	0
0	6546	2091.523903815534	1
0	6553	2093.380458981608	0
0	6563	2097.072039917104	1
0	6583	2102.633015133666	1
0	6588	2104.137401991981	0
0	6595	2106.544523577895	0
0	6602	2108.011857271187	1
0	6619	2113.975662096862	1
0	6630	2117.795659451971	0
0	6634	2119.011920796934	0
0	6636	2119.162101024987	0
0	6640	2119.728187086286	1
0	6649	2124.772025332313	1
0	6663	2130.022240555838	1
0	6683	2135.195411692366	2
0	6693	2138.503046103978	0
0	6698	2139.472594376995	0
0	6701	2140.371383388518	1
0	6705	2140.432350755196	1
0	6718	2145.777084895285	0
0	6722	2146.060030331828	1
0	6731	2150.718011894606	0
0	6737	2151.107851144851	1
0	6744	2155.596690935307	0
0	6750	2156.535416316467	1
0	6766	2162.48345655924	1
0	6787	2167.6168776364	2
0	6788	2168.298536460141	0
0	6803	2173.188291514053	0
0	6807	2173.475554518395	1
0	6819	2177.658269273926	1
0	6823	2178.6289689911	1
0	6827	2180.145732721307	0
0	6836	2183.387381568428	0
0	6839	2183.750641245623	0
0	6843	2183.781773925753	1
0	6848	2187.227097337944	0
0	6851	2188.258818928961	0
0	6855	2189.043864164496	1
0	6861	2194.188087981654	1
0	6871	2199.661965591827	1
0	6887	2204.94749538367	1
0	6909	2210.672092791641	2
0	6930	2216.612453131232	2
0	6939	2219.955130080337	1
0	6942	2220.202077980146	0
0	6949	2221.802574222901	1
0	6970	2227.231703468825	2
0	6972	2227.814466835341	1
0	6974	2227.931164946867	0
0	6989	2232.498711893794	1
0	7002	2237.007048142256	0
0	7009	2237.636707222781	1
0	7029	2243.128929428284	2
0	7031	2243.337196832168	1
0	7050	2248.803572160651	2
0	7054	2249.828793878192	1
0	7071	2254.787958992173	2
0	7094	2260.205939937842	2
0	7097	2260.623032681405	1
0	7116	2265.909567050396	2
0	7118	2266.879655695047	0
0	7131	2271.126529332709	1
0	7133	2271.661559700026	1
0	7151	2276.839764454278	1
0	7155	2276.946522167411	2
0	7160	2278.517827473922	1
0	7165	2279.526166334625	1
0	7179	2282.911931946168	2
0	7201	2288.502612377975	2
0	7205	2289.713259953183	0
0	7216	2293.486362924091	0
0	7220	2294.022409628603	1
0	7222	2294.766346406184	1
0	7233	2298.423650835283	1
0	7238	2299.264815427588	1
0	7258	2304.597911635406	2
0	7267	2307.566876510499	0
0	7269	2307.854934479568	0
0	7277	2309.84709289157	1
0	7279	2311.498942781465	0
0	7289	2315.51735706743	1
0	7297	2319.189845297711	0
0	7299	2319.867110335608	1
0	7304	2320.743165883693	1
0	7320	2325.937457374987	1
0	7325	2327.875514620908	0
0	7337	2331.031144641797	1
0	7342	2332.583668961764	0
0	7357	2337.018532496869	1
0	7370	2341.600678030276	0
0	7376	2342.242930049069	1
0	7389	2346.467337344065	0
0	7397	2348.019897696089	1
0	7411	2353.212671543815	0
0	7416	2353.868805238737	1
0	7432	2358.588953813415	0
0	7438	2359.670444997952	1
0	7441	2360.415165073116	0
0	7448	2363.094718942296	0
0	7456	2365.113868707086	1
0	7473	2370.905179434682	1
0	7479	2372.860283012843	0
0	7492	2376.826023091323	1
0	7493	2377.219848008238	0
0	7495	2377.75679800426	0
0	7497	2377.992151949895	0
0	7502	2381.954443921212	0
0	7506	2382.519300248933	1
0	7508	2384.135515219642	0
0	7512	2388.234617471688	1
0	7518	2393.471493737998	1
0	7530	2398.837798408226	1
0	7547	2403.846112189109	1
0	7559	2407.922731679508	0
0	7566	2409.106856704915	1
0	7585	2414.233674914103	2
0	7595	2417.708594779478	0
0	7599	2419.111685642618	1
0	7604	2419.956574043019	1
0	7611	2422.08646209805	0
0	7624	2425.83604938932	1
0	7633	2428.716479420538	0
0	7644	2431.180085742839	1
0	7646	2431.938001442578	0
0	7652	2434.050581992248	0
0	7661	2436.310337633586	1
0	7666	2438.030891441503	0
0	7678	2441.366091290715	1
0	7686	2445.347746391076	0
0	7694	2447.124672165832	1
0	7697	2448.622212991459	0
0	7705	2452.515276837854	1
0	7707	2453.502693396055	0
0	7720	2458.501273655093	1
0	7726	2460.546939674059	0
0	7735	2463.890106492902	1
0	7751	2469.160366560791	1
0	7761	2472.216479768039	0
0	7770	2474.930336935671	1
0	7775	2476.69803493772	0
0	7784	2479.946591277251	0
0	7789	2480.164108053541	1
0	7803	2486.087933329858	1
0	7824	2491.899806932073	2
0	7842	2497.751285697096	0
0	7846	2497.766267066581	1
0	7854	2499.697062228798	0
0	7856	2500.168971499883	1
0	7869	2503.562886266729	1
0	7887	2509.023255352389	2
0	7907	2514.159200721878	2
0	7912	2515.663573019432	0
0	7918	2517.429896388545	1
0	7920	2518.568487083882	0
0	7927	2519.992764729067	1
0	7940	2525.123636913711	1
0	7941	2525.17865075589	1
0	7963	2531.110150069922	2
0	7983	2536.92779529676	2
0	7984	2537.410534461835	1
0	8003	2542.140232751138	2
0	8014	2545.126707928014	0
0	8025	2547.832971312796	1
0	8026	2548.00621699762	1
0	8034	2549.96416202105	1
0	8046	2553.407497470259	2
0	8047	2553.564702767519	1
0	8053	2554.929606833141	0
0	8065	2558.734958825625	1
0	8084	2564.097959476981	0
0	8088	2564.421576149055	1
0	8102	2568.977537147809	0
0	8107	2569.479053125476	1
0	8115	2571.805036923604	0
0	8126	2575.036059724159	1
0	8147	2580.977528623297	2
0	8159	2584.187004531727	0
0	8167	2586.091035625191	1
0	8176	2588.773595735538	1
0	8184	2591.307965115753	0
0	8188	2591.726733148789	1
0	8208	2597.033300658448	2
0	8212	2598.558625775147	1
0	8215	2599.292097820775	0
0	8222	2601.368530725587	0
0	8224	2601.387793809166	0
0	8229	2602.851763260544	1
0	8230	2602.876400547909	0
0	8238	2608.786687888664	1
0	8241	2609.688543744378	0
0	8250	2614.205447449575	1
0	8261	2619.748364591499	1
0	8272	2624.341606445139	0
0	8276	2624.962842496804	1
0	8290	2630.159788829734	1
0	8312	2635.977548794582	2
0	8318	2637.385312858495	0
0	8330	2641.593381764827	1
0	8331	2641.744944430997	1
0	8336	2642.807581800496	0
0	8342	2645.265555018669	0
0	8349	2646.636999595672	1
0	8356	2650.14392942306	0
0	8365	2652.588743852912	1
0	8369	2655.03675969352	0
0	8379	2658.541150852567	1
0	8388	2661.768266357708	0
0	8394	2663.690018194024	1
0	8408	2668.792348203943	1
0	8430	2674.43620721716	2
0	8449	2679.577235781465	0
0	8453	2679.662997266739	1
0	8468	2683.568461753191	0
0	8471	2684.515292610619	0
0	8477	2685.449652124658	1
0	8495	2691.280534537272	1
0	8497	2691.741804215936	0
0	8501	2692.515396643307	0
0	8506	2694.957301320971	1
0	8514	2696.838747974714	1
0	8521	2700.377703445842	0
0	8528	2702.070219386831	1
0	8540	2706.422274317938	0
0	8546	2707.870441253061	1
0	8553	2710.714647928831	0
0	8563	2713.607014982958	1
0	8576	2718.670839898984	1
0	8597	2723.908095474585	2
0	8602	2725.720868514149	0
0	8604	2726.015755926838	0
0	8610	2728.603933196396	0
0	8612	2729.6722043039	1
0	8616	2729.672859301555	1
0	8628	2734.793035549342	1
0	8631	2736.219579642983	0
0	8638	2739.086677167093	0
0	8643	2740.498569860121	1
0	8654	2745.775854456935	1
0	8670	2751.629542064385	1
0	8688	2756.83764908253	2
0	8697	2759.63780887029	0
0	8704	2761.711263851843	1
0	8708	2762.07548551657	1
0	8711	2763.329758412784	0
0	8727	2767.948381447464	1
0	8731	2769.363124782333	0
0	8744	2773.376701700499	1
0	8758	2777.784434646832	0
0	8764	2778.825793202499	1
0	8773	2781.171871834666	0
0	8779	2783.008723367585	0
0	8785	2784.057683320481	1
0	8790	2786.092990499453	0
0	8799	2789.98939455021	1
0	8805	2791.55512578343	0
0	8815	2795.558172949588	1
0	8821	2797.837290006456	0
0	8831	2801.433828375068	1
0	8847	2806.908571927108	1
0	8862	2810.700567117657	0
0	8868	2812.043481955769	1
0	8889	2817.948879627044	2
0	8902	2822.269976456183	0
0	8906	2822.987205268695	1
0	8912	2823.843054524389	1
0	8926	2828.701385576975	0
0	8930	2828.890743198804	1
0	8932	2829.613068790291	0
0	8948	2834.827093075495	1
0	8970	2840.107793289237	2
0	8974	2841.944687059846	0
0	8989	2846.076399948681	1
0	9004	2850.677367838798	0
0	9010	2852.066590479575	1
0	9014	2853.397219731353	1
0	9021	2855.107815042138	0
0	9032	2857.93240086711	1
0	9044	2861.240139198955	0
0	9057	2863.677944780327	1
0	9079	2869.552402790868	2
0	9092	2873.677046507132	0
0	9100	2874.951299146981	1
0	9105	2876.95863891568	0
0	9108	2877.922538573965	1
0	9113	2879.39972521888	0
0	9118	2880.590882266172	1
0	9135	2885.814933598506	1
0	9143	2888.433116789557	0
0	9152	2890.822504734154	1
0	9156	2892.100446281837	0
0	9160	2892.998500594985	0
0	9170	2896.812185168731	1
0	9183	2902.177209534216	1
0	9199	2907.939909434526	0
0	9203	2907.961381103377	1
0	9220	2913.070055677439	0
0	9223	2913.612734072259	0
0	9227	2913.688442488666	1
0	9236	2917.000601075239	0
0	9242	2918.802336945198	1
0	9247	2921.545867755426	0
0	9256	2924.381549452431	1
0	9274	2930.252061914885	1
0	9292	2935.651704251068	0
0	9294	2935.655442905962	0
0	9298	2935.775641144719	1
0	9307	2939.098358125775	0
0	9315	2941.300816073315	1
0	9322	2944.200290916255	0
0	9330	2947.069745770888	1
0	9334	2948.775698113023	0
0	9343	2952.15077488427	1
0	9358	2957.981564216781	1
0	9365	2960.395657356945	0
0	9378	2963.421342398971	1
0	9379	2964.285787262604	0
0	9382	2964.981387198322	0
0	9392	2968.724174965871	1
0	9406	2974.384779810439	1
0	9422	2979.151549195987	0
0	9428	2979.926985738333	1
0	9432	2981.71938152972	0
0	9438	2983.488028514082	0
0	9445	2985.649179697735	1
0	9461	2990.711333239218	1
0	9480	2996.493790031178	2
0	9497	3001.137874013976	0
0	9502	3002.069303053664	1
0	9505	3002.790171365137	0
0	9521	3007.505519477418	1
0	9522	3008.148149405026	1
0	9538	3012.692200396443	2
0	9549	3016.353852347124	0
0	9559	3018.169157359982	1
0	9560	3018.435413394941	1
0	9563	3019.24970888393	0
0	9578	3023.771577256965	1
0	9583	3025.484033614397	0
0	9595	3029.030146641657	1
0	9599	3030.692320920645	0
0	9606	3033.334031370005	0
0	9613	3034.319571684348	1
0	9614	3034.772592757245	0
0	9625	3039.481948717032	1
0	9638	3044.248189732782	0
0	9643	3045.112897321117	1
0	9663	3051.089472078253	1
0	9686	3057.087302744855	2
0	9695	3059.76563766657	0
0	9705	3062.160577480216	1
0	9711	3064.542838599881	0
0	9718	3065.954153736473	1
0	9726	3067.258824641351	1
0	9733	3069.218502332226	0
0	9746	3072.698446239578	1
0	9763	3077.879033839098	2
0	9768	3079.629889306497	1
0	9771	3080.200894216309	0
0	9778	3082.155166131444	0
0	9781	3082.96046516311	0
0	9785	3083.309628822842	1
0	9796	3088.96730480902	1
0	9811	3094.389663288371	1
0	9828	3099.201968226464	0
0	9833	3099.737109367271	1
0	9848	3104.840715610191	0
0	9853	3105.244752837113	1
0	9858	3106.221962465673	0
0	9865	3109.104055588367	0
0	9873	3110.610577768181	1
0	9879	3113.247309391154	0
0	9885	3114.792384544389	0
0	9890	3116.59801728325	1
0	9902	3122.329422307434	1
0	9915	3127.407508854407	0
0	9920	3128.120253225556	1
0	9935	3133.235882568406	1
0	9958	3139.170614056522	2
0	9959	3139.640329026733	1
0	9963	3140.38241153711	0
0	9977	3144.282067893771	1
0	9989	3148.06519935769	0
0	9996	3149.316680073039	1
0	10014	3154.603608056902	2
0	10018	3155.509471413562	1
0	10025	3157.177814953261	0
0	10033	3159.699441721895	1
0	10043	3163.148366540669	0
0	10051	3164.816365270642	1
0	10052	3165.016325723731	0
0	10070	3170.141105009475	1
0	10073	3171.334436333972	0
0	10077	3172.16313785524	0
0	10085	3175.682469528168	1
0	10089	3177.498181831091	0
0	10098	3180.900603731861	1
0	10110	3185.322795832062	0
0	10115	3186.064321557525	1
0	10131	3191.568942624144	1
0	10146	3196.231149668689	0
0	10151	3197.462015861412	1
0	10153	3197.645997813088	0
0	10172	3202.517858355771	1
0	10176	3204.174699404974	0
0	10182	3205.133669756586	0
0	10190	3208.153036582981	1
0	10195	3210.690466148545	0
0	10206	3214.005196583456	1
0	10213	3217.311529222874	0
0	10220	3219.660651135257	1
0	10233	3225.13277285965	1
0	10253	3230.435171343385	2
0	10258	3231.542931061467	1
0	10262	3232.576573446043	0
0	10273	3236.1148785057	1
0	10274	3236.138900674992	0
0	10291	3241.408608453814	0
0	10296	3241.893107935319	1
0	10314	3247.577006539561	1
0	10324	3250.881529422588	0
0	10333	3253.345382995902	1
0	10345	3256.687886557658	0
0	10353	3259.141792774665	1
0	10372	3264.764469055225	2
0	10381	3267.490887272636	1
0	10385	3268.707596605526	0
0	10393	3270.095567174488	1
0	10402	3272.781103497137	0
0	10414	3275.817201553843	1
0	10415	3276.625125957651	0
0	10423	3279.592128039687	0
0	10430	3281.110758710652	1
0	10438	3284.333656303934	0
0	10445	3286.430226570693	1
0	10454	3290.166077074478	0
0	10462	3292.23304180731	1
0	10474	3297.093345827773	0
0	10478	3297.458276653429	1
0	10486	3300.324218804363	0
0	10489	3301.632062482996	0
0	10494	3302.760452453047	1
0	10504	3307.949079737999	1
0	10519	3313.490949556698	1
0	10540	3318.747202247149	2
0	10560	3324.372037551832	2
0	10568	3326.943752705935	0
0	10574	3328.722282608042	1
0	10578	3329.379528564169	1
0	10581	3329.679402719252	1
0	10586	3330.971104977653	0
0	10600	3334.83515181183	1
0	10619	3340.141964797165	2
0	10630	3343.500363985194	0
0	10641	3346.121907849332	1
0	10643	3346.801643430023	0
0	10658	3351.833938566737	1
0	10663	3352.954910172735	0
0	10666	3353.537200077323	1
0	10672	3355.64708320494	0
0	10676	3357.088374960471	0
0	10681	3357.667733794779	1
0	10694	3363.599310191816	1
0	10697	3364.901391885944	0
0	10707	3368.613561330132	1
0	10718	3373.720830575099	1
0	10735	3378.430454276273	0
0	10740	3379.313938933426	1
0	10760	3384.952586922563	2
0	10781	3390.340064711404	2
0	10791	3393.362357787207	0
0	10802	3395.73750350834	1
0	10811	3398.493887273597	1
0	10813	3399.351672812367	0
0	10823	3401.286053784426	1
0	10829	3404.26560734713	1
0	10833	3404.724179306886	0
0	10841	3406.674592618832	1
0	10849	3408.9351908298	0
0	10860	3412.359254151351	1
0	10867	3415.119655899588	0
0	10877	3418.092656095746	1
0	10890	3422.298689935359	0
0	10892	3422.453427584959	0
0	10896	3423.579786486457	0
0	10900	3423.782923939639	1
0	10908	3428.327030433807	0
0	10913	3429.577944776044	1
0	10921	3434.780660256976	0
0	10925	3434.93402912235	1
0	10938	3440.198870821159	1
0	10952	3445.265467890773	1
0	10955	3446.083668959679	0
0	10971	3450.989338777728	1
0	10991	3456.71688868222	2
0	11000	3459.033183336377	0
0	11014	3462.490638216959	1
0	11026	3465.513670396062	1
0	11038	3468.23089747294	2
0	11051	3472.630726775272	0
0	11053	3472.913307427895	0
0	11058	3473.514906784521	1
0	11059	3474.020916340874	1
0	11067	3476.884133697604	0
0	11073	3479.051916870057	1
0	11086	3484.32353878359	0
0	11090	3484.490485764808	1
0	11105	3489.520251512296	1
0	11116	3493.040093690508	0
0	11118	3493.180325367024	0
0	11120	3493.322604930147	0
0	11125	3495.093795588474	1
0	11136	3500.236244132045	1
0	11151	3505.360778638162	0
0	11155	3505.446573142429	1
0	11156	3506.145232753013	0
0	11168	3510.980989574689	1
0	11182	3516.237616820728	0
0	11188	3516.886244927302	1
0	11193	3519.249315430064	0
0	11202	3522.433688947467	1
0	11218	3528.231861590177	1
0	11227	3531.115598535051	0
0	11229	3531.345883725563	0
0	11237	3533.908293739895	1
0	11247	3537.588624084721	0
0	11254	3539.005765544486	1
0	11257	3540.106465542691	0
0	11266	3544.182728384625	0
0	11270	3544.534830801192	1
0	11275	3546.68288886233	0
0	11282	3550.500647370474	1
0	11296	3556.371934032071	1
0	11312	3561.751622954154	1
0	11330	3567.628100494741	0
0	11334	3567.746294066313	1
0	11342	3570.502372100372	0
0	11355	3573.65804291121	1
0	11358	3574.881613966547	0
0	11373	3578.754356974506	1
0	11385	3582.950851671634	0
0	11392	3584.637204753238	1
0	11395	3585.517544749663	0
0	11403	3588.34137255233	0
0	11410	3590.490709059409	1
0	11424	3595.501032559786	0
0	11428	3596.046363552802	1
0	11441	3601.301365160619	1
0	11444	3602.071165222677	0
0	11453	3604.565610830209	0
0	11460	3606.576825574975	1
0	11477	3611.83183878614	1
0	11483	3613.731496561322	0
0	11496	3617.029902672864	1
0	11504	3619.779824565284	0
0	11511	3622.15849277715	0
0	11516	3622.731812007961	1
0	11530	3627.891098312338	1
0	11532	3628.333546558048	0
0	11546	3633.013895964719	1
0	11555	3635.269454467346	0
0	11560	3636.887551387893	0
0	11567	3638.338545048846	1
0	11583	3644.093531455383	1
0	11586	3644.521652282452	0
0	11594	3647.586825744485	0
0	11601	3649.893500214447	1
0	11619	3655.874301041015	1
0	11629	3659.037435611479	0
0	11638	3661.361324492148	1
0	11641	3662.704725009741	0
0	11656	3667.197681684517	1
0	11667	3670.543879464856	0
0	11675	3672.767525983047	1
0	11687	3676.18375573622	0
0	11689	3676.379700321826	0
0	11698	3678.118493687831	1
0	11704	3680.651677065649	0
0	11714	3684.077167005748	1
0	11729	3689.465100046251	1
0	11737	3691.577291612753	0
0	11740	3692.400444849167	0
0	11748	3695.034164696237	1
0	11750	3696.458707950083	0
0	11759	3700.408100365432	1
0	11771	3705.024903634799	0
0	11773	3705.318637712163	0
0	11777	3705.413955589294	1
0	11778	3705.657780213985	0
0	11782	3710.742715340577	0
0	11786	3711.122888411399	1
0	11792	3716.171326531567	1
0	11805	3722.073710717032	1
0	11821	3727.779757720655	1
0	11837	3733.221962578599	2
0	11850	3736.09958205512	1
0	11854	3737.217016531508	0
0	11858	3738.594463016957	0
0	11860	3738.981560027465	0
0	11864	3739.214279310782	1
0	11865	3740.067924437933	0
0	11873	3744.993667477746	1
0	11880	3748.879723840048	0
0	11886	3750.577899742177	1
0	11895	3756.228622732688	0
0	11899	3756.404233207697	1
0	11908	3761.908399499258	1
0	11923	3766.937188195068	1
0	11943	3772.721639133295	2
0	11962	3777.738466260027	2
0	11963	3777.787820290196	1
0	11983	3782.943812301619	2
0	11988	3784.085912406216	1
0	12003	3788.23030981515	2
0	12014	3792.17251625285	1
0	12019	3793.05559078581	0
0	12026	3793.814520165328	1
0	12030	3795.124774991887	0
0	12044	3798.825342255648	1
0	12055	3801.849711371939	0
0	12059	3803.325045578769	1
0	12063	3803.949070886479	1
0	12075	3807.925860436055	0
0	12083	3809.380060287195	1
0	12087	3810.663662955053	0
0	12099	3814.57877952629	1
0	12117	3819.428145350542	0
0	12122	3819.920823932395	1
0	12124	3820.981654597334	0
0	12139	3825.597975198648	1
0	12140	3825.702598801816	0
0	12157	3830.906320694837	1
0	12180	3836.34544816241	2
0	12182	3837.227091622426	1
0	12192	3840.495073691012	0
0	12199	3841.52669968014	1
0	12220	3846.87822032371	2
0	12228	3849.466835348172	0
0	12236	3852.529338526542	0
0	12240	3852.608248052424	1
0	12253	3858.157218544282	1
0	12260	3859.866485451119	1
0	12263	3860.214383711343	0
0	12275	3864.050318285361	1
0	12288	3867.94258610567	0
0	12291	3869.204352902602	0
0	12295	3869.358363051204	1
0	12309	3874.648830409398	1
0	12316	3876.945486440093	0
0	12327	3880.312238275775	1
0	12334	3882.306968234714	0
0	12348	3886.095868814274	1
0	12357	3888.786340457738	0
0	12367	3891.113643533553	1
0	12380	3895.139855499268	0
0	12388	3896.987320614516	1
0	12408	3902.547439652265	2
0	12409	3902.552020209961	0
0	12415	3904.106705049289	0
0	12427	3908.260918743445	1
0	12444	3914.212535991569	1
0	12450	3916.472927394208	1
0	12464	3919.703921745767	2
0	12472	3921.443874627354	0
0	12483	3924.924950403164	1
0	12490	3927.168453204799	0
0	12501	3930.194732957988	1
0	12522	3935.793710636909	2
0	12523	3936.181211966907	1
0	12538	3940.06660046382	1
0	12545	3941.49006701005	2
0	12554	3943.41633638903	0
0	12560	3945.098961009879	0
0	12569	3947.397430404558	1
0	12583	3952.818099379077	1
0	12601	3957.879292711386	2
0	12611	3960.764254592246	1
0	12622	3963.237934253415	2
0	12628	3964.710408213901	1
0	12630	3964.737924168936	0
0	12642	3968.410040960884	1
0	12654	3972.943802218072	0
0	12660	3974.109641177934	0
0	12664	3974.375402664071	1
0	12669	3976.64278617327	0
0	12678	3979.691254224632	1
0	12688	3983.562397935198	0
0	12694	3985.020537382461	1
0	12700	3987.330562291321	0
0	12710	3990.621306260586	1
0	12713	3992.274418661723	1
0	12716	3993.427339646736	0
0	12719	3993.847197126833	0
0	12724	3996.200395399709	1
0	12735	4001.734886911702	1
0	12736	4002.220753038423	0
0	12738	4002.716979875584	0
0	12745	4007.109807529957	1
0	12757	4012.800953502539	1
0	12776	4018.791774304589	1
0	12781	4020.534634880611	0
0	12783	4021.578122237236	0
0	12792	4024.222421447286	1
0	12810	4030.095604993175	1
0	12819	4033.688320406252	0
0	12827	4035.233421045593	1
0	12832	4036.928975743481	0
0	12838	4038.530844970146	0
0	12846	4041.129907673462	1
0	12851	4043.529554299899	0
0	12862	4047.087167936847	1
0	12870	4050.518476887028	0
0	12874	4052.600899193906	0
0	12878	4053.040179816079	1
0	12890	4058.618696423717	1
0	12900	4062.418178730066	0
0	12903	4064.031200180067	0
0	12907	4064.522052962337	1
0	12918	4069.942289845324	1
0	12922	4072.275933937755	0
0	12931	4075.021329912594	1
0	12932	4075.649976056771	0
0	12944	4080.320346470461	1
0	12959	4085.570434182188	1
0	12973	4089.571116771671	0
0	12980	4091.240043214992	1
0	12985	4092.88759267156	0
0	12987	4093.517802281541	0
0	12989	4094.167839170787	0
0	12992	4095.690718024856	0
0	12996	4096.951475246581	1
0	13002	4102.736196214803	1
0	13012	4107.927059283251	1
0	13013	4108.380341603891	0
0	13026	4113.789714722199	1
0	13028	4114.502049023988	0
0	13039	4118.929291102107	1
0	13053	4123.974005150146	0
0	13058	4124.222943973032	1
0	13067	4127.6244020958	0
0	13076	4130.187054025012	1
0	13090	4135.842456084446	1
0	13110	4141.611183756732	2
0	13127	4146.676331330792	2
0	13129	4146.916776930915	1
0	13133	4148.014733660619	0
0	13145	4152.525090668822	0
0	13147	4152.559405780402	0
0	13151	4152.65560377925	1
0	13161	4158.06204930344	1
0	13162	4158.116266353292	0
0	13168	4161.131865259729	0
0	13173	4163.617034381259	1
0	13174	4164.373277866515	1
0	13185	4169.502325006066	1
0	13202	4175.464118292093	1
0	13213	4178.660519524366	0
0	13219	4180.714847060739	0
0	13223	4181.100017606517	1
0	13227	4182.78292684106	0
0	13237	4186.561253096446	1
0	13251	4191.658315636687	1
0	13264	4195.314310327641	0
0	13270	4196.771513635529	1
0	13284	4201.104276105416	0
0	13292	4202.620608628498	1
0	13294	4203.510160599955	0
0	13309	4208.291992274582	1
0	13323	4212.352060059553	0
0	13329	4213.586140047064	1
0	13347	4218.34303516534	0
0	13351	4218.639440900883	1
0	13361	4221.89080855926	0
0	13370	4224.072146574505	1
0	13388	4229.034737447165	0
0	13390	4229.062024955525	0
0	13394	4229.786498780599	1
0	13400	4231.797328254327	0
0	13405	4234.010381510484	0
0	13410	4235.694215088621	1
0	13423	4241.022320421649	1
0	13438	4246.9716999142	1
0	13445	4248.50180578989	0
0	13452	4250.990252000049	0
0	13459	4252.708172329705	1
0	13468	4256.421482437879	0
0	13472	4257.963063614679	0
0	13477	4258.522612112578	1
0	13489	4263.823615061123	1
0	13492	4265.232618365092	0
0	13502	4269.162146159219	1
0	13520	4274.605545911476	1
0	13537	4280.283639285484	2
0	13540	4281.142982554859	1
0	13557	4285.708148046167	2
0	13578	4291.315413100182	2
0	13589	4294.107932741642	0
0	13596	4296.491046614133	1
0	13600	4296.665152138567	1
0	13607	4298.309664584816	0
0	13618	4301.737625148848	1
0	13625	4304.247976687743	1
0	13640	4307.098682783779	2
0	13655	4311.520929536552	0
0	13658	4312.205556327713	0
0	13664	4312.89562711213	1
0	13680	4318.110586481637	1
0	13699	4323.963846645786	2
0	13701	4324.426943281672	1
0	13709	4326.210563150239	0
0	13718	4329.123015359046	1
0	13739	4334.398511323381	2
0	13752	4338.222263728852	0
0	13758	4339.680805250771	1
0	13762	4340.495772858967	1
0	13780	4345.437412002125	2
0	13796	4350.414963307095	0
0	13800	4350.501951996471	1
0	13818	4356.253836210121	1
0	13822	4356.320692492883	2
0	13833	4358.919113016808	1
0	13844	4361.783357210691	2
0	13865	4366.831185579301	2
0	13882	4372.10619191127	2
0	13887	4373.577733691783	1
0	13889	4373.669875218883	1
0	13896	4375.981107413421	1
0	13904	4377.276307479945	2
0	13920	4381.908344486264	1
0	13924	4382.584702196998	0
0	13927	4382.892544640583	1
0	13931	4382.983774101828	1
0	13947	4387.940143012097	0
0	13953	4388.82804097957	1
0	13957	4390.257911963971	0
0	13965	4392.490734277411	0
0	13970	4393.853762324434	1
0	13978	4397.029804078048	0
0	13987	4399.46809812286	1
0	13998	4404.891316590017	0
0	14002	4405.315752133495	1
0	14016	4410.063705992188	0
0	14018	4410.241733615519	0
0	14022	4410.782720742282	1
0	14030	4415.995497922764	0
0	14035	4416.701811830746	1
0	14046	4422.658603307558	1
0	14050	4424.28545888851	0
0	14058	4427.248286579269	0
0	14063	4428.234083613613	1
0	14064	4428.82399129949	0
0	14072	4433.923092891462	1
0	14084	4439.549805889372	1
0	14093	4443.487080006744	0
0	14096	4444.42596885527	0
0	14102	4445.473635480274	1
0	14112	4451.102446704405	1
0	14116	4452.406978651648	0
0	14127	4456.553580195644	1
0	14130	4457.863140411911	0
0	14141	4462.054646904116	1
0	14154	4467.485288201367	1
0	14176	4472.735591845821	2
0	14200	4478.28546913271	2
0	14204	4479.796672103461	1
0	14216	4482.896283345879	0
0	14219	4483.097770043301	1
0	14223	4483.633775738535	1
0	14240	4488.75804829714	2
0	14259	4494.013026474743	2
0	14262	4494.643102568229	0
0	14264	4494.771237432493	1
0	14267	4495.278002581561	0
0	14269	4495.786913695048	1
0	14277	4499.67878519546	0
0	14281	4499.872395402753	1
0	14291	4504.975558117266	1
0	14292	4505.468006221463	0
0	14303	4510.61090560374	1
0	14318	4515.906173440396	1
0	14321	4516.896925810377	0
0	14333	4521.241590650288	1
0	14334	4521.290015010864	0
0	14340	4523.0991411109	0
0	14349	4526.941306236667	1
0	14365	4532.725259400905	1
0	14384	4538.130927886116	2
0	14393	4541.281340653078	0
0	14396	4541.513535462088	1
0	14398	4541.720488888562	0
0	14404	4543.590933885426	1
0	14421	4548.964763272554	1
0	14424	4549.254241659889	0
0	14429	4551.279606380851	0
0	14437	4554.359211009695	1
0	14454	4559.891905390658	1
0	14475	4565.663318592357	2
0	14486	4569.411378373509	0
0	14495	4571.442266746425	1
0	14516	4576.823970553466	2
0	14526	4579.583040530563	0
0	14531	4580.867772491533	1
0	14533	4581.241826045561	0
0	14539	4582.700653833571	1
0	14541	4583.736165800481	1
0	14547	4585.782051366172	0
0	14554	4588.078994957731	1
0	14559	4590.07443195535	0
0	14563	4591.877283340204	0
0	14569	4593.162110977574	1
0	14581	4598.583162680036	1
0	14587	4602.456583462889	0
0	14593	4604.420321034967	1
0	14605	4609.072281934324	0
0	14611	4610.102485083976	1
0	14626	4615.526527731913	1
0	14627	4615.704287034461	0
0	14637	4618.983928803703	0
0	14639	4619.3556928254	0
0	14644	4620.551925110631	1
0	14650	4623.346572239651	0
0	14656	4625.960222278955	1
0	14665	4631.802473410965	1
0	14673	4634.790609612479	0
0	14681	4637.023611717626	1
0	14695	4642.193652490735	0
0	14699	4642.339483676713	1
0	14705	4644.946746389731	0
0	14714	4648.043283845766	1
0	14726	4653.11323755095	1
0	14744	4658.416581706844	0
0	14749	4658.783152518563	1
0	14751	4659.291290548399	0
0	14756	4660.790783195991	0
0	14765	4664.207265516046	1
0	14780	4670.058244840709	1
0	14790	4672.751658032186	0
0	14795	4674.531937101508	0
0	14801	4675.35717397323	1
0	14805	4677.03266106546	0
0	14814	4681.099889174803	1
0	14820	4683.352314100022	0
0	14827	4686.539190735436	1
0	14844	4692.188185217791	1
0	14854	4695.260504615842	0
0	14859	4696.077215028811	0
0	14866	4697.75684944517	1
0	14879	4702.718386333436	0
0	14881	4702.974073360325	0
0	14885	4703.067578601884	1
0	14895	4708.244951951085	1
0	14906	4712.20648483676	0
0	14912	4713.536404183833	1
0	14930	4719.060006782413	1
0	14944	4723.451773381327	0
0	14951	4724.477221894311	1
0	14953	4724.867855253047	0
0	14955	4725.814742980292	0
0	14959	4727.032090860652	0
0	14965	4729.967478688108	1
0	14971	4734.148724185188	0
0	14976	4735.734967126046	1
0	14986	4741.330623467919	1
0	14998	4746.869419032593	0
0	15003	4747.212233005325	1
0	15009	4749.221082066651	0
0	15019	4752.788935888094	1
0	15037	4758.348310817267	1
0	15051	4762.842714523662	0
0	15057	4763.68306944566	1
0	15077	4768.735461633887	2
0	15081	4770.295155972477	0
0	15088	4771.989102058231	0
0	15095	4773.735968923431	1
0	15109	4779.161057782129	1
0	15131	4785.037763885225	2
0	15136	4786.688795156893	0
0	15150	4790.70801963378	1
0	15158	4792.383472110261	1
0	15166	4794.266005076235	0
0	15174	4796.210645988819	1
0	15175	4796.745401904223	1
0	15187	4800.169672635968	0
0	15196	4802.159802959536	1
0	15216	4807.600832581988	2
0	15227	4811.487510838432	0
0	15234	4812.828056787143	1
0	15235	4813.431444385908	1
0	15239	4814.361571419169	0
0	15254	4818.057709784715	1
0	15264	4820.834806309085	0
0	15266	4821.013908320694	0
0	15270	4823.134225735443	0
0	15276	4823.798799139683	1
0	15278	4825.653818997441	0
0	15285	4829.763500022937	1
0	15287	4831.003384202489	0
0	15296	4835.05677626515	1
0	15308	4840.908742176836	1
0	15320	4846.509542503629	0
0	15325	4846.837247318124	1
0	15332	4849.906916910085	0
0	15339	4851.9550001123	1
0	15350	4856.011100576377	0
0	15352	4856.501750935103	0
0	15357	4857.46334050852	1
0	15369	4862.750463160455	1
0	15382	4868.167611849263	1
0	15389	4870.102899271995	0
0	15400	4873.86445411225	1
0	15422	4879.609879563098	2
0	15423	4879.7402754511	0
0	15426	4880.310981689954	0
0	15435	4884.594461038363	0
0	15439	4884.713123241208	1
0	15445	4889.212372819312	1
0	15451	4890.452495005216	1
0	15466	4895.753757014174	1
0	15481	4900.675329181717	0
0	15487	4900.99101695046	1
0	15492	4902.86055318569	0
0	15494	4903.012369705599	0
0	15504	4906.638624273009	1
0	15523	4912.591410460185	1
0	15531	4914.709634512083	0
0	15544	4918.01523807808	1
0	15548	4919.238851615811	0
0	15563	4923.585511924468	1
0	15566	4923.960065270427	0
0	15571	4925.439153383954	0
0	15580	4929.298116842752	1
0	15594	4934.343536709552	0
0	15600	4935.158298014199	1
0	15601	4936.144612827688	0
0	15603	4936.77924774692	0
0	15610	4941.133672657657	1
0	15622	4946.996389803012	1
0	15624	4947.981522592136	0
0	15636	4952.60459978087	1
0	15645	4956.383814185509	0
0	15652	4958.534777370283	1
0	15659	4961.218911984588	0
0	15667	4963.803423827283	1
0	15668	4963.961717540166	0
0	15678	4968.986520345325	1
0	15687	4972.024443840842	0
0	15694	4974.786380310778	1
0	15696	4975.565089494923	0
0	15702	4978.673730589452	0
0	15707	4979.798625892729	1
0	15711	4982.497869422429	0
0	15717	4985.462673821023	1
0	15729	4990.81669592811	1
0	15746	4996.554607923843	1
0	15751	4998.607249380208	0
0	15754	4998.851428004449	0
0	15764	5002.521575650202	1
0	15780	5007.404753238547	0
0	15785	5007.842434369262	1
0	15790	5008.934255839794	0
0	15795	5011.014181280044	0
0	15801	5013.508078206565	1
0	15811	5019.333628746915	1
0	15814	5020.292168465794	0
0	15825	5025.272586241133	1
0	15826	5025.887722596994	0
0	15837	5030.534583481961	1
0	15855	5036.172863718822	1
0	15868	5039.878281666898	0
0	15870	5040.171990660369	0
0	15876	5041.811341726688	1
0	15888	5047.53492216894	0
0	15892	5047.586196073099	1
0	15896	5049.635194931181	0
0	15907	5053.437961199555	1
0	15917	5057.84244029131	0
0	15923	5058.590674754466	1
0	15933	5063.000165421867	0
0	15939	5063.800293878187	1
0	15953	5069.36866021622	1
0	15969	5074.614021791263	0
0	15973	5074.74536937126	1
0	15976	5075.102834234596	0
0	15981	5077.77499398601	0
0	15984	5078.369545463358	0
0	15991	5080.621485802578	1
0	15995	5083.034685312654	0
0	16001	5085.670983361779	1
0	16012	5091.202082301257	1
0	16030	5097.138023009291	1
0	16033	5097.871337731951	0
0	16035	5098.032174455235	0
0	16041	5101.644199092524	0
0	16043	5102.002155539001	0
0	16047	5102.370740531478	1
0	16053	5107.467655460117	1
0	16065	5113.37488948577	1
0	16081	5118.931288108229	1
0	16099	5124.15276023955	2
0	16116	5129.611858339281	2
0	16117	5129.663756826423	1
0	16121	5130.525718303864	1
0	16128	5131.671257237902	0
0	16140	5135.546906037488	1
0	16151	5138.795434845258	0
0	16160	5141.315857094944	1
0	16167	5143.458921390584	0
0	16175	5146.397761398575	0
0	16181	5147.021988774881	1
0	16194	5152.565362055319	1
0	16197	5153.161288505884	0
0	16215	5158.155814192955	1
0	16230	5162.37707227748	0
0	16238	5164.078550681471	1
0	16242	5165.127893674652	0
0	16248	5167.742968299657	0
0	16257	5169.886740517103	1
0	16269	5175.235762749798	1
0	16288	5180.646527556003	2
0	16291	5181.231753233237	0
0	16297	5183.783991217495	0
0	16305	5186.175632109399	1
0	16315	5190.867644833981	1
0	16322	5191.829719033324	1
0	16341	5197.438610116019	2
0	16345	5198.351787559453	0
0	16359	5203.067541394615	1
0	16364	5205.021436411419	1
0	16378	5208.898823925759	2
0	16391	5212.463700467135	1
0	16401	5214.240093536209	2
0	16409	5217.27165835816	1
0	16412	5217.387668547218	0
0	16421	5220.016956957755	1
0	16425	5220.867392338463	0
0	16437	5225.132251396661	0
0	16442	5225.562475722283	1
0	16457	5230.949994648341	1
0	16458	5231.047989068436	0
0	16473	5236.102726334473	1
0	16474	5236.15902634908	0
0	16483	5240.204034640333	0
0	16490	5241.392862380715	1
0	16507	5246.871679452481	1
0	16526	5252.299355103867	2
0	16544	5257.140505217363	0
0	16549	5257.63271886576	1
0	16563	5262.197789009661	0
0	16568	5262.858014586149	1
0	16590	5268.412372909254	2
0	16598	5271.034488325123	1
0	16602	5272.736737851867	1
0	16610	5274.28395944275	2
0	16614	5275.163499235525	0
0	16630	5279.962880708045	1
0	16634	5281.038647833398	1
0	16650	5285.089332912584	2
0	16662	5288.797880613711	0
0	16670	5290.1123693774	1
0	16673	5290.82440514816	1
0	16680	5292.426001403017	0
0	16691	5295.473886654946	1
0	16693	5295.610010774223	0
0	16710	5300.674024728361	1
0	16726	5306.294071586105	2
0	16734	5308.592475638144	0
0	16746	5311.848040456186	1
0	16761	5316.017314840221	0
0	16770	5317.684858078604	1
0	16773	5318.892288383797	1
0	16779	5320.220798315597	0
0	16789	5322.91132141906	1
0	16796	5325.288226647653	0
0	16805	5328.036507622806	1
0	16827	5333.865050579423	2
0	16829	5334.668352451294	1
0	16848	5339.323437238114	2
0	16866	5345.22158210259	0
0	16870	5345.2650748326	1
0	16871	5345.700782306146	0
0	16874	5346.308843364243	0
0	16877	5346.798317482348	1
0	16887	5350.419323107928	1
0	16895	5353.471031226685	0
0	16899	5354.549106407331	0
0	16904	5356.367976903684	1
0	16914	5360.884267929827	0
0	16920	5362.122465475464	1
0	16930	5367.17267399165	1
0	16934	5368.989327184508	0
0	16943	5372.560649899535	1
0	16948	5373.941478353462	0
0	16960	5378.525188681904	1
0	16961	5379.576603591794	0
0	16966	5381.31310395524	0
0	16970	5383.411590585138	0
0	16974	5383.825863994194	1
0	16980	5389.359802065186	1
0	16991	5394.619107369102	1
0	16996	5396.465381365154	0
0	17006	5399.781328009676	1
0	17023	5405.579263641035	1
0	17042	5411.096656096402	2
0	17049	5412.798821264181	0
0	17053	5413.983045245873	0
0	17061	5416.304109521444	1
0	17078	5421.547860126478	1
0	17079	5421.858444240643	0
0	17082	5422.286059982493	1
0	17088	5424.871736534057	0
0	17094	5426.616574244575	1
0	17110	5432.515893244884	1
0	17129	5437.519834196196	2
0	17131	5438.034699566663	0
0	17143	5442.660594521906	0
0	17147	5442.928086385132	1
0	17151	5444.989282411407	0
0	17162	5448.17296246742	1
0	17177	5453.36905036145	1
0	17186	5455.660044385587	1
0	17188	5456.49190572533	0
0	17190	5456.757415155183	0
0	17198	5459.322930388387	1
0	17208	5464.225950495925	0
0	17214	5464.655825239841	1
0	17232	5470.466241260061	1
0	17248	5475.198875865785	0
0	17255	5476.216780220859	1
0	17263	5478.483985466302	0
0	17269	5480.305843523821	0
0	17275	5481.597585827347	1
0	17284	5485.679615101196	0
0	17290	5487.023589126302	1
0	17307	5492.903201192387	1
0	17327	5498.600602507826	2
0	17328	5499.120743804031	0
0	17342	5504.300048319159	1
0	17344	5504.826657914558	0
0	17357	5509.515429510737	1
0	17358	5509.811641407202	0
0	17373	5514.946662065109	1
0	17382	5518.661623125084	0
0	17387	5520.540466235952	0
0	17391	5523.498021030685	0
1	53	26.633686681743	20.746359023498
1	57	27.656041642534	16.03802996932
1	67	30.345103877945	7.120368563918
1	99	42.60236531694	13.635008501238
1	113	46.481810259167	11.920407769968
1	119	48.180330018281	8.140654702206
1	121	48.635374134174	31.10117737134
1	146	59.907905705506	14.642009819625
1	156	63.216612832736	6.336877351044
1	171	69.430248168877	6.585665425168
1	186	75.478486987877	7.196482118801
1	196	79.623723443948	28.445177683259
1	200	81.873226937837	8.384523610119
1	250	100.357736587174	16.001452016761
1	252	100.62638939393	4.917819583206
1	259	102.436499854315	12.439976805355
1	263	103.893231529041	24.594183347885
1	271	107.589132051913	6.334075718652
1	283	115.417378779965	8.710650539491
1	293	119.787427593254	7.141478333855
1	306	128.05458189349	9.47858962731
1	349	143.617071924496	8.781816327943
1	369	149.051091850617	19.805102886515
1	372	149.152796878943	25.406779125565
1	386	154.802611481862	8.984129418851
1	388	154.809870001743	3.330501112971
1	395	158.355455928713	18.267609742935
1	414	167.97748273774	10.938447670546
1	439	177.657328021594	15.597305290051
1	460	183.451877397368	16.203430822003
1	480	190.195621666266	12.467450148893
1	495	195.112237834487	6.396419835394
1	503	197.116630766539	24.736980091081
1	513	200.989699708297	17.614151335089
1	517	203.050563305149	3.843180235941
1	555	217.247722952392	6.797203383642
1	567	220.971221196928	4.813831122126
1	577	223.685851341927	29.501586335595
1	598	231.617831907467	26.914354540176
1	600	232.343740912617	5.446809259243
1	622	239.985750453545	7.412065681304
1	625	241.006130757738	19.847883139503
1	629	243.017452817176	4.71977606835
1	655	255.750701865413	6.971482960276
1	657	256.02034294151	2.129275457585
1	659	256.164272057587	12.704568597487
1	719	282.516213940455	23.052790275776
1	739	287.361153817732	17.039304975187
1	741	287.511749536263	22.327703998658
1	748	291.219515387781	10.042133978452
1	756	293.335821401788	17.876900460336
1	789	306.895268012648	14.422623613266
1	791	307.116318225856	9.079932798864
1	800	310.065267311059	23.247426682038
1	823	320.409694614466	10.859353844192
1	836	324.222039659038	8.798711663345
1	844	326.647861359985	22.78458903043
1	861	334.220165950126	13.673628720572
1	894	345.90508158295	19.682282351191
1	925	355.182216528217	23.013123504003
1	945	362.226020154425	24.372063426187
1	947	362.753869369622	13.366282074247
1	954	364.112935558307	20.60583727283
1	998	376.674470866326	6.590507542946
1	1012	381.177225889633	26.655938463285
1	1039	388.653285190111	23.651718694602
1	1056	393.225253725535	33.287418599588
1	1087	402.8073000994	22.275078122504
1	1102	406.612095762857	31.237956329833
1	1145	419.152304307435	22.003554694935
1	1152	419.852716888531	28.581874016441
1	1177	426.538697736337	40.910374424191
1	1192	430.233974468774	27.23944611603
1	1197	431.851964193159	12.091833271785
1	1231	443.262687743521	29.437291478855
1	1243	445.740744139995	20.877957944526
1	1257	449.801536112088	4.374626537785
1	1261	450.452499952981	41.64320810058
1	1270	452.587895477884	12.2239350921
1	1279	455.082864229447	3.773294879939
1	1314	466.365471231051	31.142173080009
1	1347	475.593316343725	13.175046492484
1	1363	480.515010306729	50.622664465458
1	1368	481.293439307363	13.866799538141
1	1383	485.024531061524	7.214155424852
1	1397	489.127388610265	31.991515357976
1	1412	494.408153336613	21.786806042195
1	1473	512.591532326882	23.55746833107
1	1483	515.532826464735	32.168059497256
1	1496	519.045040011753	24.229139332778
1	1499	520.407480860941	20.092973903638
1	1525	527.843390061748	4.730477252743
1	1537	531.157050069183	13.1136542249
1	1559	536.553576009579	30.439099687387
1	1563	537.474436760176	9.040513375541
1	1567	538.539475452383	26.448523972882
1	1569	539.261425612606	5.30928874726
1	1630	561.427937989233	16.256574496742
1	1655	568.411217666108	28.775231534497
1	1661	569.837380260222	8.8208704642
1	1673	573.092153219035	17.815766703337
1	1676	573.710064167851	23.463185132249
1	1692	580.086787034986	13.742380331737
1	1746	596.862992348259	19.134109831064
1	1754	598.923458507745	26.948681575479
1	1768	602.594401362347	9.377890871372
1	1770	602.596432298996	19.815489551166
1	1818	618.001032515658	30.153715412134
1	1822	619.139678447036	14.298323637107
1	1837	624.39583847287	13.763879848294
1	1840	624.571680296207	8.497072369558
1	1845	627.186985895964	28.000149987638
1	1878	640.043418836195	18.073822376669
1	1906	649.018130387992	21.69308316929
1	1923	652.508904706448	19.236458617261
1	1931	655.17621068365	5.716046094313
1	1975	667.414347513224	23.644105474347
1	1984	670.660537221464	32.180768104502
1	1991	672.106307554752	11.839042243315
1	1996	674.561533010093	19.306928990175
1	2046	689.746961482446	23.593616411439
1	2078	697.400504003973	15.513412522618
1	2085	698.750990199849	26.972865900022
1	2105	704.568950342241	27.755375295643
1	2151	716.47539167804	13.00499653886
1	2155	717.652011533032	30.315869499698
1	2178	723.073102849412	24.945648844934
1	2181	723.486311646292	30.363922268038
1	2222	735.589156646392	26.789794793934
1	2250	742.93243840825	23.643686614696
1	2252	743.086112094339	17.987563648727
1	2257	744.7412324798	8.464525829185
1	2275	750.57099809462	36.555056725278
1	2298	757.264186215931	10.001983553986
1	2308	759.532965183251	17.327967678893
1	2312	760.667035279791	7.822362854146
1	2319	763.035275968483	32.611855135065
1	2382	783.008885472425	24.535123270819
1	2420	793.039265705965	12.642285328124
1	2425	794.147523134241	30.659182719651
1	2438	796.374424523203	27.393432251177
1	2441	797.101963822376	22.643745874637
1	2483	812.62224120774	21.986041440509
1	2506	819.049011519174	33.64042718336
1	2515	821.498848164915	8.468672127696
1	2548	829.968286977843	28.423426318914
1	2569	835.49446600128	28.158408152057
1	2577	838.250042314521	41.895202234738
1	2596	843.194985304719	24.325748060362
1	2601	843.882209775615	8.734297895454
1	2609	846.069725778416	21.903058667203
1	2627	852.010805357359	5.992005626554
1	2634	854.523857538466	25.322377253206
1	2652	861.060534092012	9.727846541559
1	2654	861.316412731185	4.206767269293
1	2672	869.160859812745	28.971468568314
1	2701	879.577168836721	6.366611568258
1	2704	880.076534010465	12.056067505385
1	2726	888.267329134276	9.943865118781
1	2734	889.954252574588	27.581563016865
1	2784	908.679218310858	12.866183018078
1	2807	914.833181592516	30.510430947994
1	2825	920.922101054801	19.360351775539
1	2846	927.337575980923	9.471613451139
1	2848	927.345506942249	37.465684972125
1	2872	935.061271528128	6.187851279858
1	2893	942.115387927388	34.706098151743
1	2931	951.291635887345	28.091427459731
1	2956	959.144188275906	19.34386082075
1	2958	959.263998275505	24.788258984105
1	2964	960.836247986413	48.378770720215
1	3007	972.304152695226	26.970795498695
1	3035	978.227476799391	21.436993583337
1	3043	980.738532203943	18.772385851478
1	3047	982.754302144863	31.821728605894
1	3054	984.393944502571	17.075075139523
1	3059	985.493995455206	2.365563607425
1	3073	991.261141303108	13.376192483934
1	3092	998.381188294498	3.955156112439
1	3109	1004.577116989876	32.093942890059
1	3124	1010.065779020541	21.535704912851
1	3138	1014.284940063484	3.328601236688
1	3147	1016.945894033644	11.397783652879
1	3194	1032.59284119331	32.721215973376
1	3225	1042.331480992604	15.36456660612
1	3229	1042.758349524339	26.770197798263
1	3239	1045.862592461631	24.584999489947
1	3256	1050.62656570924	12.804741589818
1	3261	1052.438303615428	19.972455309471
1	3272	1056.467510803016	12.880452845595
1	3277	1058.961419294118	4.642628059024
1	3305	1070.358967397123	10.804918013512
1	3316	1073.682973534213	2.93200331775
1	3334	1080.433302403538	4.467607279191
1	3343	1082.639042650228	33.604404227691
1	3347	1083.642631965567	18.772324358229
1	3349	1084.265488171595	2.545550955576
1	3367	1097.715891314314	4.349838042049
1	3384	1104.897398147142	17.244727605137
1	3400	1111.851746708498	7.014891997795
1	3427	1122.010804507873	23.010564650407
1	3455	1129.633138232975	8.431781914435
1	3473	1135.172757287388	24.999103469892
1	3478	1136.861366449267	4.24391117238
1	3494	1142.353212747251	4.603800338926
1	3514	1149.257719250624	33.576699144907
1	3521	1150.886990792111	24.163088612724
1	3582	1170.672019768384	21.313664642746
1	3591	1172.914796749355	29.211889893514
1	3598	1174.625411994748	8.730067147408
1	3603	1176.07181104819	4.840561741148
1	3612	1177.853436790867	23.111089551823
1	3615	1179.400196924099	3.162414018763
1	3628	1186.030997780261	25.937106222031
1	3637	1189.962405269375	2.360888338997
1	3649	1197.086262699674	4.113470210927
1	3669	1206.155299483904	24.464030733213
1	3684	1210.748719154615	1.091347345616
1	3687	1211.664033208732	12.933185094967
1	3690	1214.725854902288	10.579243584304
1	3735	1234.410146886124	8.39694471925
1	3766	1241.946680255458	21.112654002849
1	3787	1248.475547630679	33.145227363914
1	3796	1250.768782964781	9.049454636988
1	3801	1252.471007796346	21.426824864351
1	3821	1258.676941952427	22.103712805548
1	3828	1260.44631938612	7.435787520138
1	3857	1269.945039809674	22.337982992644
1	3877	1276.384840202042	18.320326070534
1	3892	1281.429383939705	17.44546547311
1	3900	1284.171066224914	2.843898206135
1	3904	1285.745345381311	16.063919048291
1	3917	1291.248930273799	3.934151981491
1	3932	1298.213644611288	4.988156461039
1	3952	1305.873074642256	30.359176871018
1	3974	1312.995005748921	14.744756842496
1	3982	1314.976019329264	11.361131927114
1	4035	1332.670054454697	23.585905591377
1	4037	1332.895235621242	18.049378062248
1	4057	1339.799021366391	3.341877438477
1	4080	1345.89886422524	14.691407115663
1	4092	1348.706470257705	28.596209505919
1	4114	1355.245811579622	29.220742351259
1	4151	1365.166551925814	12.424754490494
1	4189	1374.916554586369	17.148825968499
1	4193	1376.139789136814	34.162322576157
1	4195	1376.889842482625	29.72446544131
1	4213	1381.716724413902	7.354916685726
1	4219	1383.083238915415	19.792121908047
1	4248	1392.253979653458	23.08575116319
1	4250	1392.828101383047	13.120460566367
1	4252	1393.129316442287	2.404143864871
1	4276	1402.828238693406	6.739468932735
1	4300	1413.166124643633	28.031086249628
1	4326	1420.870491681959	19.15219752735
1	4341	1425.144773741708	6.362867183052
1	4343	1425.921358365091	12.406002616977
1	4359	1432.017591526255	24.436571221565
1	4401	1444.866048777352	20.444300862148
1	4417	1449.27019579696	2.58011398546
1	4447	1457.780085882045	22.23967427609
1	4456	1461.451387674537	31.032142964424
1	4471	1465.104583399826	13.170173135353
1	4490	1469.861631926137	28.94683222845
1	4507	1475.060855067558	7.089239598019
1	4509	1475.06518334312	12.33143636747
1	4545	1488.344554621368	3.507864632528
1	4558	1491.840144745179	34.195547194102
1	4577	1496.623570855346	22.94726740138
1	4583	1498.022758530559	7.571401002467
1	4604	1505.53191193169	9.900271057617
1	4611	1507.226896201949	28.085025636945
1	4632	1516.959264553609	4.927694018232
1	4638	1517.429181180535	16.390773408463
1	4644	1520.536055824711	14.227927419823
1	4656	1527.641775925635	4.640868654242
1	4668	1533.780054752008	16.620455847821
1	4701	1546.100858197538	17.177161990664
1	4709	1548.197196406887	7.763278101688
1	4743	1559.959083720568	25.129524096847
1	4762	1565.292260242618	8.538683641003
1	4799	1574.077172840589	12.265384363127
1	4802	1575.249490697861	29.634954718641
1	4805	1576.364088978495	24.953116952792
1	4835	1585.451814678957	7.92978341668
1	4838	1585.846385293401	2.742793816375
1	4873	1596.568071365466	29.643746933085
1	4880	1599.039646030396	26.638524236157
1	4886	1600.772211719646	7.016259818919
1	4914	1611.503612688618	23.237353420466
1	4931	1616.607648101977	17.355709773837
1	4943	1620.852967444916	10.778795946971
1	4945	1621.107309107778	5.596812862554
1	4961	1628.078358971158	6.812497697655
1	4965	1630.511398251044	25.954622448072
1	4994	1642.203210955943	10.049898162949
1	5008	1647.669990889722	20.963694247186
1	5010	1648.796717633486	4.854228639509
1	5019	1651.345293753773	2.057239675661
1	5038	1661.423184387029	6.436591248377
1	5051	1667.278068277861	29.22956549481
1	5136	1692.557602124166	31.971951890622
1	5149	1696.008611515854	30.215670059667
1	5175	1703.248302710236	26.509803592462
1	5183	1704.078589926116	32.952182996901
1	5202	1710.928566704963	23.360680471875
1	5245	1722.781657453501	40.364799063769
1	5262	1726.757370909086	22.777757359553
1	5272	1729.984001305993	20.650763564626
1	5291	1735.202057303155	41.672654160999
1	5299	1737.427836155163	22.133639080102
1	5326	1744.140364424084	45.437714706641
1	5336	1747.631863805806	15.395919689094
1	5373	1756.583178791325	35.55583313608
1	5385	1760.180696812915	22.583723442163
1	5390	1761.427577227927	13.29171837226
1	5420	1770.112179845329	43.814360867719
1	5443	1775.943079652606	16.445957916207
1	5455	1780.447501602922	15.491863657137
1	5468	1783.329442134699	29.535123851731
1	5491	1790.522672466807	14.993070693103
1	5502	1792.923905439783	12.145046557882
1	5506	1794.322137311908	51.699662790751
1	5567	1810.37745739449	40.372442905792
1	5574	1812.16567113878	25.417725882956
1	5579	1812.970815036204	14.892755385488
1	5597	1818.727442043825	26.256126385648
1	5635	1828.39484923565	19.526621222264
1	5642	1830.258713317676	26.825083280563
1	5690	1842.868047170332	28.539070886094
1	5695	1843.68577910435	23.415357070626
1	5707	1849.128381358449	23.228885858784
1	5754	1863.451402492926	31.894377414484
1	5757	1864.120014115458	27.32230577478
1	5775	1868.387725754165	15.345236660213
1	5800	1875.80738870205	27.79797363619
1	5836	1884.715541124451	8.457629100769
1	5840	1885.560915300493	43.275966873738
1	5858	1890.671911170112	20.088453396337
1	5861	1891.054874829121	32.278883683143
1	5908	1903.653574173558	21.983139310261
1	5964	1918.101427779172	25.886383686562
1	5966	1918.377483392474	31.455583712668
1	5976	1920.253110524371	55.644872665751
1	5989	1924.057664594366	20.936682936963
1	6021	1931.614655783039	34.245713121139
1	6023	1931.65908526325	22.539525537978
1	6026	1932.233521854842	7.184839793594
1	6033	1934.549396610692	15.386091673163
1	6044	1938.354654722487	24.206068162688
1	6050	1940.652721992686	3.870034590131
1	6104	1959.555952874695	28.66908700973
1	6127	1966.891495396842	24.958991716384
1	6133	1967.758712874834	4.296043536044
1	6137	1968.700669014702	16.176283112611
1	6148	1972.239655493516	25.057525593553
1	6208	1991.330345124229	22.408498025963
1	6216	1992.36315771541	34.347519225909
1	6246	2000.811682411694	20.427020572824
1	6260	2004.372585284864	29.515692676533
1	6279	2010.031207320624	24.316028294272
1	6284	2011.462740385082	20.042361796717
1	6307	2018.571293507231	21.450089079097
1	6346	2028.072414628455	25.389466746245
1	6350	2029.45530182297	21.361204407294
1	6367	2035.992318568047	16.100113624243
1	6391	2042.098146790048	28.073238018317
1	6417	2050.230972016223	14.044954538113
1	6454	2061.231196192785	35.359735753621
1	6457	2061.847814506725	30.763320993514
1	6464	2064.122730602504	22.164095528658
1	6485	2069.988402198761	16.719612912742
1	6491	2071.942719697829	7.472916521482
1	6505	2077.472914524951	2.367532156757
1	6507	2077.770940614971	30.416840119169
1	6525	2084.852761996088	4.324955300079
1	6540	2089.860846421209	3.885313391453
1	6553	2093.380458981608	23.473135789742
1	6588	2104.137401991981	7.065362074877
1	6595	2106.544523577895	47.935206324559
1	6630	2117.795659451971	15.162644318305
1	6634	2119.011920796934	27.4880169814
1	6636	2119.162101024987	5.186438928125
1	6693	2138.503046103978	30.491188832791
1	6698	2139.472594376995	14.700569044682
1	6701	2140.371383388518	20.643196302232
1	6718	2145.777084895285	10.581673202919
1	6731	2150.718011894606	20.695771338768
1	6744	2155.596690935307	15.164340180111
1	6788	2168.298536460141	11.763120143674
1	6803	2173.188291514053	10.704834954813
1	6819	2177.658269273926	31.598238942098
1	6827	2180.145732721307	6.670178202912
1	6836	2183.387381568428	4.758412577328
1	6839	2183.750641245623	32.642790100772
1	6848	2187.227097337944	3.445323412191
1	6851	2188.258818928961	20.641941292561
1	6939	2219.955130080337	30.911265915841
1	6942	2220.202077980146	15.254582596476
1	6972	2227.814466835341	33.626378853687
1	6974	2227.931164946867	28.26919935504
1	7002	2237.007048142256	15.204473919355
1	7031	2243.337196832168	32.665104040527
1	7054	2249.828793878192	33.21634074696
1	7097	2260.623032681405	28.124320787611
1	7118	2266.879655695047	29.242948472266
1	7133	2271.661559700026	28.532630271742
1	7151	2276.839764454278	49.608060985453
1	7160	2278.517827473922	29.714255313271
1	7165	2279.526166334625	19.320226396783
1	7205	2289.713259953183	23.803692902787
1	7216	2293.486362924091	22.359833591382
1	7222	2294.766346406184	39.978387414011
1	7233	2298.423650835283	21.477128667872
1	7267	2307.566876510499	13.544466881896
1	7269	2307.854934479568	8.59011905198
1	7279	2311.498942781465	22.99633040349
1	7297	2319.189845297711	3.672488230281
1	7299	2319.867110335608	36.95517838944
1	7325	2327.875514620908	18.028421729338
1	7342	2332.583668961764	11.840503078071
1	7370	2341.600678030276	37.00276639487
1	7389	2346.467337344065	20.529879969078
1	7411	2353.212671543815	22.181526902018
1	7432	2358.588953813415	4.720148574678
1	7441	2360.415165073116	23.396632576247
1	7448	2363.094718942296	3.424273944344
1	7479	2372.860283012843	24.840385316754
1	7493	2377.219848008238	12.105979301152
1	7495	2377.75679800426	6.851618569578
1	7497	2377.992151949895	35.749221900826
1	7502	2381.954443921212	5.128420829889
1	7508	2384.135515219642	1.616214970709
1	7559	2407.922731679508	14.45123794151
1	7595	2417.708594779478	18.870796371252
1	7599	2419.111685642618	30.87706817093
1	7611	2422.08646209805	12.979605393135
1	7633	2428.716479420538	24.870367231429
1	7646	2431.938001442578	6.101952053258
1	7652	2434.050581992248	2.870496249409
1	7666	2438.030891441503	23.7972165274
1	7686	2445.347746391076	9.03740875749
1	7697	2448.622212991459	28.66563894844
1	7707	2453.502693396055	6.378021230223
1	7726	2460.546939674059	8.031662836205
1	7761	2472.216479768039	30.850388477324
1	7775	2476.69803493772	7.537668376929
1	7784	2479.946591277251	21.445317622158
1	7842	2497.751285697096	33.861179204194
1	7854	2499.697062228798	19.532954175257
1	7856	2500.168971499883	25.238634564212
1	7912	2515.663573019432	17.897305952851
1	7918	2517.429896388545	13.867010121816
1	7920	2518.568487083882	32.480553754024
1	7941	2525.17865075589	33.278843823817
1	7984	2537.410534461835	23.251333739957
1	8014	2545.126707928014	25.133943198947
1	8026	2548.00621699762	11.07842170086
1	8034	2549.96416202105	40.940906668661
1	8047	2553.564702767519	22.454552697597
1	8053	2554.929606833141	29.80596991943
1	8084	2564.097959476981	5.363000651356
1	8102	2568.977537147809	21.144565835013
1	8115	2571.805036923604	29.664804172466
1	8159	2584.187004531727	19.765428382672
1	8176	2588.773595735538	35.366098265279
1	8184	2591.307965115753	5.216929490562
1	8212	2598.558625775147	17.58109715185
1	8215	2599.292097820775	29.813044695299
1	8222	2601.368530725587	26.332471001428
1	8224	2601.387793809166	4.354493150718
1	8230	2602.876400547909	11.14966739912
1	8241	2609.688543744378	6.836780483834
1	8272	2624.341606445139	15.554918556475
1	8318	2637.385312858495	12.422470361691
1	8331	2641.744944430997	27.539496981422
1	8336	2642.807581800496	1.214200035669
1	8342	2645.265555018669	25.51719042717
1	8356	2650.14392942306	19.984140593326
1	8369	2655.03675969352	2.448015840608
1	8388	2661.768266357708	25.790717563126
1	8449	2679.577235781465	32.940236185793
1	8468	2683.568461753191	25.027310900624
1	8471	2684.515292610619	4.85229534388
1	8497	2691.741804215936	6.292152091278
1	8501	2692.515396643307	23.723048439364
1	8506	2694.957301320971	31.267283126947
1	8521	2700.377703445842	9.09716890857
1	8540	2706.422274317938	4.352054931107
1	8553	2710.714647928831	36.278440711671
1	8602	2725.720868514149	17.850427261088
1	8604	2726.015755926838	29.177007952124
1	8610	2728.603933196396	9.933093297412
1	8612	2729.6722043039	16.065189320942
1	8631	2736.219579642983	6.546720341428
1	8638	2739.086677167093	15.178581692508
1	8697	2759.63780887029	24.844773320948
1	8704	2761.711263851843	21.212693991722
1	8711	2763.329758412784	17.553903955849
1	8731	2769.363124782333	17.733582717948
1	8758	2777.784434646832	15.708949130262
1	8773	2781.171871834666	13.223490387202
1	8779	2783.008723367585	9.632021667086
1	8790	2786.092990499453	7.267197296954
1	8805	2791.55512578343	34.7174767009
1	8821	2797.837290006456	13.779606685975
1	8862	2810.700567117657	20.711172567447
1	8902	2822.269976456183	10.226494500414
1	8906	2822.987205268695	27.429032319107
1	8926	2828.701385576975	21.792813649867
1	8932	2829.613068790291	28.179240415223
1	8974	2841.944687059846	18.101632535457
1	9004	2850.677367838798	21.786624639994
1	9014	2853.397219731353	35.448340104309
1	9021	2855.107815042138	20.280721966643
1	9044	2861.240139198955	3.307738331845
1	9092	2873.677046507132	27.600646558451
1	9105	2876.95863891568	24.892048436105
1	9108	2877.922538573965	37.814745284728
1	9113	2879.39972521888	9.847322428012
1	9143	2888.433116789557	24.75517200923
1	9156	2892.100446281837	17.149147134856
1	9160	2892.998500594985	2.175995860831
1	9199	2907.939909434526	27.349027168354
1	9220	2913.070055677439	10.892846143223
1	9223	2913.612734072259	27.797800473753
1	9236	2917.000601075239	20.188415906508
1	9247	2921.545867755426	13.584486652049
1	9292	2935.651704251068	11.270154798637
1	9294	2935.655442905962	5.403380991077
1	9307	2939.098358125775	20.296021180577
1	9322	2944.200290916255	30.511848427589
1	9334	2948.775698113023	13.000056968304
1	9365	2960.395657356945	8.244882472675
1	9379	2964.285787262604	22.984971189289
1	9382	2964.981387198322	17.911641427434
1	9422	2979.151549195987	15.730206797016
1	9432	2981.71938152972	23.737817312939
1	9438	2983.488028514082	14.763853548211
1	9497	3001.137874013976	26.753094203537
1	9505	3002.790171365137	17.140991667402
1	9522	3008.148149405026	28.221163666693
1	9549	3016.353852347124	25.642519107906
1	9560	3018.435413394941	21.941623363763
1	9563	3019.24970888393	17.180405830266
1	9583	3025.484033614397	7.314876254415
1	9599	3030.692320920645	23.186801443227
1	9606	3033.334031370005	20.641830973562
1	9614	3034.772592757245	11.00101550028
1	9638	3044.248189732782	9.928618048434
1	9695	3059.76563766657	30.735491024913
1	9711	3064.542838599881	25.060889882849
1	9718	3065.954153736473	20.841256415356
1	9733	3069.218502332226	12.131199587371
1	9768	3079.629889306497	6.931443066919
1	9771	3080.200894216309	2.321860377211
1	9778	3082.155166131444	19.994588651228
1	9781	3082.96046516311	31.870993084857
1	9828	3099.201968226464	31.943143585113
1	9848	3104.840715610191	10.45105232182
1	9858	3106.221962465673	22.912333642831
1	9865	3109.104055588367	3.859302751254
1	9879	3113.247309391154	24.280004582134
1	9885	3114.792384544389	15.055275177118
1	9915	3127.407508854407	16.796931086226
1	9959	3139.640329026733	11.520075801177
1	9963	3140.38241153711	23.78439425386
1	9989	3148.06519935769	25.735777050256
1	10018	3155.509471413562	16.33885735704
1	10025	3157.177814953261	2.574206896359
1	10043	3163.148366540669	29.912483972263
1	10052	3165.016325723731	20.73425782996
1	10073	3171.334436333972	22.017756260933
1	10077	3172.16313785524	12.463696133345
1	10089	3177.498181831091	7.357076821616
1	10110	3185.322795832062	20.50643056142
1	10146	3196.231149668689	15.330545936828
1	10153	3197.645997813088	11.581676255563
1	10176	3204.174699404974	28.492229876806
1	10182	3205.133669756586	7.671653895174
1	10195	3210.690466148545	19.121523524401
1	10213	3217.311529222874	14.793670867103
1	10258	3231.542931061467	23.389894478486
1	10262	3232.576573446043	12.915922310786
1	10274	3236.138900674992	5.703729331607
1	10291	3241.408608453814	27.403411870358
1	10324	3250.881529422588	25.748756562938
1	10345	3256.687886557658	20.573008051958
1	10381	3267.490887272636	25.597779337317
1	10385	3268.707596605526	21.130590065965
1	10402	3272.781103497137	2.685536322649
1	10415	3276.625125957651	17.483333182986
1	10423	3279.592128039687	26.246745043785
1	10438	3284.333656303934	3.222897593282
1	10454	3290.166077074478	3.735850503785
1	10474	3297.093345827773	21.27614427393
1	10486	3300.324218804363	35.559749749138
1	10489	3301.632062482996	4.173785829567
1	10568	3326.943752705935	34.710710898625
1	10574	3328.722282608042	20.773202870043
1	10581	3329.679402719252	26.918950266205
1	10586	3330.971104977653	12.223902730504
1	10630	3343.500363985194	30.009414428496
1	10643	3346.801643430023	22.429605878191
1	10663	3352.954910172735	23.575381608566
1	10666	3353.537200077323	18.702048265493
1	10672	3355.64708320494	9.525175355608
1	10676	3357.088374960471	5.254436393734
1	10697	3364.901391885944	24.759427088779
1	10735	3378.430454276273	20.762720481494
1	10791	3393.362357787207	29.763047595391
1	10811	3398.493887273597	29.880325943465
1	10813	3399.351672812367	3.614169304027
1	10829	3404.26560734713	24.951668413704
1	10833	3404.724179306886	31.003348731787
1	10849	3408.9351908298	23.982603907237
1	10867	3415.119655899588	8.445063280756
1	10890	3422.298689935359	21.012636150933
1	10892	3422.453427584959	4.360771489213
1	10896	3423.579786486457	33.239721775053
1	10908	3428.327030433807	15.967776282456
1	10921	3434.780660256976	5.202715480932
1	10955	3446.083668959679	22.30074502004
1	11000	3459.033183336377	13.767715445604
1	11026	3465.513670396062	30.579641273712
1	11051	3472.630726775272	10.140088558313
1	11053	3472.913307427895	32.714436606736
1	11059	3474.020916340874	17.304027658654
1	11067	3476.884133697604	25.894794919876
1	11086	3484.32353878359	5.271621913533
1	11116	3493.040093690508	24.809196217568
1	11118	3493.180325367024	8.689839602216
1	11120	3493.322604930147	3.802353417851
1	11151	3505.360778638162	10.266983049688
1	11156	3506.145232753013	32.630325968492
1	11182	3516.237616820728	10.791043678299
1	11193	3519.249315430064	19.013071298019
1	11227	3531.115598535051	2.883736944874
1	11229	3531.345883725563	8.912194778096
1	11247	3537.588624084721	20.702379157419
1	11257	3540.106465542691	29.125475968002
1	11266	3544.182728384625	10.27443464473
1	11275	3546.68288886233	7.677123317844
1	11330	3567.628100494741	17.127453124267
1	11342	3570.502372100372	14.130438068301
1	11358	3574.881613966547	30.346783165355
1	11385	3582.950851671634	15.204557605321
1	11395	3585.517544749663	6.763187775157
1	11403	3588.34137255233	26.589749598176
1	11424	3595.501032559786	21.842989648576
1	11444	3602.071165222677	11.580456163268
1	11453	3604.565610830209	19.928406076971
1	11483	3613.731496561322	12.430131400703
1	11504	3619.779824565284	23.733461012482
1	11511	3622.15849277715	10.32665399101
1	11532	3628.333546558048	11.303643885184
1	11555	3635.269454467346	12.537642459385
1	11560	3636.887551387893	30.310725812918
1	11586	3644.521652282452	16.630553970114
1	11594	3647.586825744485	14.572929779766
1	11629	3659.037435611479	14.943904156096
1	11641	3662.704725009741	12.811224795294
1	11667	3670.543879464856	32.20533441601
1	11687	3676.18375573622	3.416229753173
1	11689	3676.379700321826	20.505399280811
1	11704	3680.651677065649	2.533183377818
1	11737	3691.577291612753	30.215967120605
1	11740	3692.400444849167	25.20276316465
1	11750	3696.458707950083	12.381540944335
1	11771	3705.024903634799	9.990738938562
1	11773	3705.318637712163	15.853537665912
1	11778	3705.657780213985	5.249679848553
1	11782	3710.742715340577	5.328759751283
1	11850	3736.09958205512	24.976693643721
1	11854	3737.217016531508	9.437258810853
1	11858	3738.594463016957	5.372500438358
1	11860	3738.981560027465	16.907849310433
1	11865	3740.067924437933	23.896597906366
1	11880	3748.879723840048	9.665444529266
1	11895	3756.228622732688	11.234955254942
1	11963	3777.787820290196	27.209920548019
1	11988	3784.085912406216	27.681679198519
1	12014	3792.17251625285	14.434049992823
1	12019	3793.05559078581	31.147191286552
1	12030	3795.124774991887	28.187586796819
1	12055	3801.849711371939	13.619401556789
1	12059	3803.325045578769	30.603406445474
1	12075	3807.925860436055	24.982048134436
1	12087	3810.663662955053	16.849142789725
1	12117	3819.428145350542	15.479074464063
1	12124	3820.981654597334	22.156312341686
1	12140	3825.702598801816	16.322538514621
1	12182	3837.227091622426	6.320770927589
1	12192	3840.495073691012	25.916294164722
1	12228	3849.466835348172	23.868860149524
1	12236	3852.529338526542	32.608514594147
1	12260	3859.866485451119	23.521037288709
1	12263	3860.214383711343	7.606135658919
1	12288	3867.94258610567	21.06436578196
1	12291	3869.204352902602	27.677653222462
1	12316	3876.945486440093	7.587123388889
1	12334	3882.306968234714	24.149749690432
1	12357	3888.786340457738	8.474102181963
1	12380	3895.139855499268	31.089537213907
1	12409	3902.552020209961	16.456151395687
1	12415	3904.106705049289	29.457874639891
1	12450	3916.472927394208	25.359283860655
1	12472	3921.443874627354	13.182955883909
1	12490	3927.168453204799	30.181132590283
1	12523	3936.181211966907	33.633772314642
1	12538	3940.06660046382	9.871867505832
1	12554	3943.41633638903	29.203800397461
1	12560	3945.098961009879	20.174010606715
1	12611	3960.764254592246	41.060332846479
1	12628	3964.710408213901	28.916697576992
1	12630	3964.737924168936	11.919824789859
1	12654	3972.943802218072	25.546371813514
1	12660	3974.109641177934	5.69960021705
1	12669	3976.64278617327	18.763493461884
1	12688	3983.562397935198	3.871143710566
1	12700	3987.330562291321	2.31002490886
1	12713	3992.274418661723	50.784351651673
1	12716	3993.427339646736	19.051936982665
1	12719	3993.847197126833	30.609262873418
1	12736	4002.220753038423	6.020357638714
1	12738	4002.716979875584	12.095673614998
1	12781	4020.534634880611	7.733681378072
1	12783	4021.578122237236	14.468314707279
1	12819	4033.688320406252	31.95343349455
1	12832	4036.928975743481	18.137201438892
1	12838	4038.530844970146	14.30842352286
1	12851	4043.529554299899	13.433949306724
1	12870	4050.518476887028	15.285055841435
1	12874	4052.600899193906	11.470991520444
1	12900	4062.418178730066	15.331010793219
1	12903	4064.031200180067	10.991020363988
1	12922	4072.275933937755	13.657237514038
1	12932	4075.649976056771	11.127923094434
1	12973	4089.571116771671	14.549786859077
1	12985	4092.88759267156	7.317158489372
1	12987	4093.517802281541	23.575512436217
1	12989	4094.167839170787	2.927795955795
1	12992	4095.690718024856	15.370371554395
1	13013	4108.380341603891	5.644145389088
1	13028	4114.502049023988	6.574989740737
1	13053	4123.974005150146	10.184290427947
1	13067	4127.6244020958	30.672926849219
1	13129	4146.916776930915	22.693832957883
1	13133	4148.014733660619	1.338402329827
1	13145	4152.525090668822	33.595799566715
1	13147	4152.559405780402	16.716949695956
1	13162	4158.116266353292	5.460662574042
1	13168	4161.131865259729	3.069815956289
1	13174	4164.373277866515	34.186223841503
1	13213	4178.660519524366	9.1581945183
1	13219	4180.714847060739	17.09781267948
1	13227	4182.78292684106	7.318808548967
1	13264	4195.314310327641	53.703126570909
1	13284	4201.104276105416	14.54302300897
1	13294	4203.510160599955	11.851844963268
1	13323	4212.352060059553	31.252042453036
1	13347	4218.34303516534	4.756895118276
1	13361	4221.89080855926	3.251367658377
1	13388	4229.034737447165	20.742745172583
1	13390	4229.062024955525	32.290511319996
1	13400	4231.797328254327	29.176719625829
1	13405	4234.010381510484	9.938234935979
1	13445	4248.50180578989	7.479485368241
1	13452	4250.990252000049	21.20375321945
1	13468	4256.421482437879	20.727267349258
1	13472	4257.963063614679	5.254891284974
1	13492	4265.232618365092	18.260918450892
1	13540	4281.142982554859	22.620370442281
1	13589	4294.107932741642	24.945786582423
1	13596	4296.491046614133	32.66743155301
1	13607	4298.309664584816	23.70411867334
1	13625	4304.247976687743	23.964337402259
1	13655	4311.520929536552	9.783304387704
1	13658	4312.205556327713	20.890143227531
1	13701	4324.426943281672	38.718795235505
1	13709	4326.210563150239	29.545411011672
1	13752	4338.222263728852	9.099248369806
1	13762	4340.495772858967	27.600145746837
1	13796	4350.414963307095	32.304376825458
1	13818	4356.253836210121	32.289989564335
1	13833	4358.919113016808	51.820430233029
1	13887	4373.577733691783	23.075781695312
1	13889	4373.669875218883	33.989069968112
1	13896	4375.981107413421	30.543695411296
1	13920	4381.908344486264	25.587651993381
1	13924	4382.584702196998	10.478510285728
1	13927	4382.892544640583	48.494033317202
1	13947	4387.940143012097	26.156785801406
1	13957	4390.257911963971	7.274137862143
1	13965	4392.490734277411	15.214426797466
1	13978	4397.029804078048	8.201763098478
1	13998	4404.891316590017	38.060131010716
1	14016	4410.063705992188	10.595607869328
1	14018	4410.241733615519	16.387971291085
1	14030	4415.995497922764	10.679745789269
1	14050	4424.28545888851	1.626855580952
1	14058	4427.248286579269	10.546474748523
1	14064	4428.82399129949	18.041270557208
1	14093	4443.487080006744	9.563987115282
1	14096	4444.42596885527	16.191885241657
1	14116	4452.406978651648	6.933343171374
1	14130	4457.863140411911	18.313334522539
1	14204	4479.796672103461	23.243091907817
1	14216	4482.896283345879	10.160691500058
1	14219	4483.097770043301	31.995323338896
1	14262	4494.643102568229	32.588455664113
1	14264	4494.771237432493	11.137461693958
1	14267	4495.278002581561	27.792714380194
1	14269	4495.786913695048	17.501444562338
1	14277	4499.67878519546	5.665758720717
1	14292	4505.468006221463	5.59561081871
1	14321	4516.896925810377	11.921367693111
1	14334	4521.290015010864	10.679109407124
1	14340	4523.0991411109	34.34109281376
1	14393	4541.281340653078	25.375167212682
1	14396	4541.513535462088	14.572229225421
1	14398	4541.720488888562	20.478898238274
1	14424	4549.254241659889	16.528982258984
1	14429	4551.279606380851	13.148678494735
1	14486	4569.411378373509	25.820444488083
1	14526	4579.583040530563	30.618277258009
1	14531	4580.867772491533	20.975867100875
1	14533	4581.241826045561	9.799559299136
1	14541	4583.736165800481	29.376954790786
1	14547	4585.782051366172	20.118732773815
1	14559	4590.07443195535	7.373778121779
1	14563	4591.877283340204	15.053312786738
1	14587	4602.456583462889	3.873420782853
1	14605	4609.072281934324	15.91017095675
1	14627	4615.704287034461	5.601801950485
1	14637	4618.983928803703	30.904933845972
1	14639	4619.3556928254	14.935371790433
1	14650	4623.346572239651	7.820044507738
1	14673	4634.790609612479	8.830387333524
1	14695	4642.193652490735	21.641727380104
1	14705	4644.946746389731	13.144272978766
1	14744	4658.416581706844	16.077098030131
1	14751	4659.291290548399	11.248006702633
1	14756	4660.790783195991	23.767171478365
1	14790	4672.751658032186	19.638420481236
1	14795	4674.531937101508	4.473692260799
1	14805	4677.03266106546	18.249508546897
1	14820	4683.352314100022	19.145048583976
1	14854	4695.260504615842	14.160615441039
1	14859	4696.077215028811	9.538024293375
1	14879	4702.718386333436	10.530201115645
1	14881	4702.974073360325	27.616899387095
1	14906	4712.20648483676	3.961532885675
1	14944	4723.451773381327	4.391766598914
1	14953	4724.867855253047	21.800276651163
1	14955	4725.814742980292	28.057893535122
1	14959	4727.032090860652	2.554868966341
1	14971	4734.148724185188	20.612320001355
1	14998	4746.869419032593	11.134451906547
1	15009	4749.221082066651	7.890458598732
1	15051	4762.842714523662	32.875235835554
1	15081	4770.295155972477	23.082922967152
1	15088	4771.989102058231	19.200166170137
1	15136	4786.688795156893	28.340484339626
1	15158	4792.383472110261	28.700402664601
1	15166	4794.266005076235	25.530543442348
1	15175	4796.745401904223	23.009432980792
1	15187	4800.169672635968	3.959026647149
1	15227	4811.487510838432	32.326453056303
1	15235	4813.431444385908	11.271641426372
1	15239	4814.361571419169	23.653551785389
1	15264	4820.834806309085	35.79704242386
1	15266	4821.013908320694	13.413075738706
1	15270	4823.134225735443	5.076515950728
1	15278	4825.653818997441	12.825762210298
1	15287	4831.003384202489	7.204585062806
1	15320	4846.509542503629	16.746042480692
1	15332	4849.906916910085	14.850140644935
1	15350	4856.011100576377	4.056100464077
1	15352	4856.501750935103	9.664503616979
1	15389	4870.102899271995	29.194157095159
1	15423	4879.7402754511	5.87582133885
1	15426	4880.310981689954	17.560518529499
1	15435	4884.594461038363	16.4268491891
1	15445	4889.212372819312	31.749032310792
1	15481	4900.675329181717	15.962205940509
1	15492	4902.86055318569	23.250673622592
1	15494	4903.012369705599	7.258612691425
1	15531	4914.709634512083	13.718617561623
1	15548	4919.238851615811	1.223613537731
1	15566	4923.960065270427	33.507570265211
1	15571	4925.439153383954	1.853641459486
1	15594	4934.343536709552	27.704912436543
1	15601	4936.144612827688	23.553202367503
1	15603	4936.77924774692	7.481130904168
1	15624	4947.981522592136	6.847849934479
1	15645	4956.383814185509	21.22551617131
1	15659	4961.218911984588	8.614312203718
1	15668	4963.961717540166	16.965327737154
1	15687	4972.024443840842	13.489666470559
1	15696	4975.565089494923	11.76166566764
1	15702	4978.673730589452	3.887350278674
1	15711	4982.497869422429	2.6992435297
1	15751	4998.607249380208	29.620729034883
1	15754	4998.851428004449	8.034732076339
1	15780	5007.404753238547	4.883177588345
1	15790	5008.934255839794	23.471582018771
1	15795	5011.014181280044	14.459573356201
1	15814	5020.292168465794	6.784090259229
1	15826	5025.887722596994	18.045288227732
1	15868	5039.878281666898	14.605695425765
1	15870	5040.171990660369	3.999126941547
1	15888	5047.53492216894	28.201293422025
1	15896	5049.635194931181	19.10061144922
1	15917	5057.84244029131	4.404479091755
1	15933	5063.000165421867	21.188823695179
1	15969	5074.614021791263	10.813727913076
1	15976	5075.102834234596	5.734174018376
1	15981	5077.77499398601	30.188797912911
1	15984	5078.369545463358	19.778870708892
1	15995	5083.034685312654	8.289315941394
1	16033	5097.871337731951	6.669255430694
1	16035	5098.032174455235	12.361191093456
1	16041	5101.644199092524	4.506176083233
1	16043	5102.002155539001	21.380669736423
1	16117	5129.663756826423	22.196101366306
1	16121	5130.525718303864	28.154977772386
1	16128	5131.671257237902	18.296367752132
1	16151	5138.795434845258	9.183576505977
1	16167	5143.458921390584	2.14306429564
1	16175	5146.397761398575	27.466473290346
1	16197	5153.161288505884	17.614382468396
1	16230	5162.37707227748	38.22431203793
1	16242	5165.127893674652	18.105904899771
1	16248	5167.742968299657	9.587154106702
1	16291	5181.231753233237	28.666391177918
1	16297	5183.783991217495	13.897250700392
1	16315	5190.867644833981	26.78909415251
1	16345	5198.351787559453	23.116024809655
1	16364	5205.021436411419	24.374908855416
1	16391	5212.463700467135	15.025090351116
1	16409	5217.27165835816	8.372834432401
1	16412	5217.387668547218	31.212036437819
1	16425	5220.867392338463	17.799850943848
1	16437	5225.132251396661	33.302532363337
1	16458	5231.047989068436	5.485513346153
1	16474	5236.15902634908	16.142069391325
1	16483	5240.204034640333	25.963941104124
1	16544	5257.140505217363	26.190510569022
1	16563	5262.197789009661	26.095062675188
1	16598	5271.034488325123	29.641625944408
1	16602	5272.736737851867	25.865058399386
1	16614	5275.163499235525	17.530780369765
1	16634	5281.038647833398	28.739292729531
1	16662	5288.797880613711	25.939866027562
1	16673	5290.82440514816	16.54044570541
1	16680	5292.426001403017	2.313632025617
1	16693	5295.610010774223	27.197637864969
1	16734	5308.592475638144	28.629594930099
1	16761	5316.017314840221	20.543428185275
1	16773	5318.892288383797	33.802955471213
1	16779	5320.220798315597	8.372757859411
1	16796	5325.288226647653	24.614201919292
1	16829	5334.668352451294	28.374280865189
1	16866	5345.22158210259	17.185074479784
1	16871	5345.700782306146	22.789460887086
1	16874	5346.308843364243	28.623985285639
1	16877	5346.798317482348	12.933266902925
1	16895	5353.471031226685	3.051708118757
1	16899	5354.549106407331	15.225669169217
1	16914	5360.884267929827	15.619193097227
1	16934	5368.989327184508	6.866861709044
1	16948	5373.941478353462	6.768804361812
1	16961	5379.576603591794	7.015953692259
1	16966	5381.31310395524	2.787915273336
1	16970	5383.411590585138	27.043613681454
1	16996	5396.465381365154	12.63951737096
1	17049	5412.798821264181	18.179713895079
1	17053	5413.983045245873	24.623243180687
1	17079	5421.858444240643	5.554334719199
1	17082	5422.286059982493	22.504731972817
1	17088	5424.871736534057	13.775080437655
1	17131	5438.034699566663	32.455435925628
1	17143	5442.660594521906	21.112734395428
1	17151	5444.989282411407	12.473389166523
1	17186	5455.660044385587	29.043470141012
1	17188	5456.49190572533	3.12285536388
1	17190	5456.757415155183	13.829328770051
1	17208	5464.225950495925	16.052988028505
1	17248	5475.198875865785	10.543050625944
1	17263	5478.483985466302	8.017744206241
1	17269	5480.305843523821	42.786009327625
1	17284	5485.679615101196	26.356684712809
1	17328	5499.120743804031	22.903963583172
1	17344	5504.826657914558	17.803068788256
1	17358	5509.811641407202	5.511593088043
1	17373	5514.946662065109	33.349076237762
1	17382	5518.661623125084	25.758421932697
1	17387	5520.540466235952	21.939863728126
1	17391	5523.498021030685	13.982591519948

