version 3
run General-13-20240428-16:41:48-11297
attr configname General
attr datetime 20240428-16:41:48
attr datetimef 20240428-164148
attr experiment General
attr inifile omnetpp.ini
attr iterationvars $0=false
attr iterationvarsd false
attr iterationvarsf false-
attr measurement $0=false
attr network Supermarket
attr processid 11297
attr repetition 3
attr replication #3
attr resultdir results
attr runnumber 13
attr seedset 3
config network Supermarket
config repeat 10
config seed-set 3
config num-rngs 10
config **.use_random_strategy false

vector 0 Supermarket queueSizeOverTime:vector ETV
attr recordingmode vector
attr source updateQueue
attr title queueSizeOverTime
vector 1 Supermarket customerWaitingTime:vector ETV
attr interpolationmode none
attr recordingmode vector
attr source customerFinished
attr title "cust waiting time"
0	7	5.6441435304	1
0	14	11.024892021436	1
0	19	14.581334907678	0
0	25	16.731306421803	1
0	36	22.137996523175	1
0	54	27.666690690443	1
0	65	31.878956506029	0
0	74	33.569204535568	1
0	82	36.384466001765	0
0	96	39.041583659593	1
0	110	43.364371212549	0
0	116	44.308876824798	1
0	119	45.081836941186	0
0	122	46.204649122783	0
0	131	49.648243886419	1
0	147	55.641428358853	1
0	165	60.589266569704	0
0	167	60.810056330754	0
0	171	60.866698106518	1
0	187	65.887904000469	1
0	208	71.173055712367	2
0	228	76.198900553864	2
0	230	76.470117916819	0
0	239	79.670867081498	1
0	247	81.224851045758	1
0	252	82.249331051832	0
0	259	84.807218898439	1
0	265	86.667037644191	1
0	283	91.938942645793	0
0	289	92.602630727925	1
0	310	98.503620271804	2
0	314	99.673238197925	0
0	322	102.61118441308	0
0	329	103.797531348653	1
0	330	103.869672066417	0
0	338	108.30443213158	1
0	343	108.828598077409	1
0	359	114.779634181643	1
0	377	120.01846593339	2
0	389	123.572148431905	1
0	398	125.198097305605	2
0	408	128.570198189467	0
0	412	129.609238482081	0
0	417	130.910969459684	1
0	424	133.287192484012	1
0	434	136.220557675696	1
0	442	138.04882542812	0
0	446	138.964054108248	0
0	453	141.869054014794	1
0	454	142.03988717089	0
0	468	147.850221823435	1
0	480	152.609743104548	0
0	485	153.566144105512	1
0	492	156.651306547222	0
0	500	158.662869954947	1
0	513	163.80801229435	1
0	526	167.122009811107	0
0	538	169.786890089046	1
0	543	171.664202900602	0
0	552	175.607162463712	0
0	556	175.668337492505	1
0	574	181.386741512921	1
0	575	181.70579353592	0
0	591	186.782547291834	1
0	610	191.949119474972	2
0	620	195.285468249583	0
0	629	197.305752790766	1
0	631	198.448901472495	1
0	650	203.201827649027	2
0	657	204.945023052045	0
0	662	206.430472768725	1
0	672	208.679407093441	1
0	679	210.69850351033	0
0	685	212.279842321528	0
0	689	214.446761617554	0
0	693	214.558081056457	1
0	704	219.56172151817	1
0	716	225.37357835588	0
0	722	225.555014999816	1
0	737	231.105651623802	1
0	749	234.980405356969	0
0	759	236.896140750264	1
0	769	240.451491184648	0
0	776	242.109822336816	1
0	797	247.827481277519	2
0	817	253.667138661723	2
0	818	253.668272068492	0
0	820	254.081675868364	1
0	822	254.647850061884	0
0	826	255.885417066048	0
0	832	259.662531648995	1
0	836	261.588467543712	0
0	843	265.408741942141	1
0	847	268.306416877313	1
0	849	268.961275299429	0
0	856	271.238786282483	1
0	867	276.753887678962	1
0	885	282.515402922872	1
0	895	286.151570133631	0
0	903	287.865968663012	1
0	906	288.738421770977	0
0	921	292.880265277577	1
0	931	295.436033236911	0
0	936	297.12390059093	0
0	942	298.83840769669	1
0	958	304.483528397977	1
0	978	309.64453823422	2
0	995	315.113283589249	2
0	997	315.478095875237	0
0	1015	320.125565797323	1
0	1023	322.749977500761	1
0	1036	325.448437837185	2
0	1038	325.705589195364	0
0	1043	326.689106261007	0
0	1046	327.739316452062	1
0	1056	331.244773772545	1
0	1069	335.527141100727	0
0	1072	335.912843587692	0
0	1077	336.730449924012	1
0	1080	338.56216389593	1
0	1090	341.976953248027	1
0	1105	347.913317322265	1
0	1118	351.327154874804	0
0	1126	353.4204315776	1
0	1131	354.610974419512	0
0	1145	358.940596915082	1
0	1152	360.680225741467	0
0	1157	361.732786720269	0
0	1165	364.493361861211	1
0	1166	365.12969824078	0
0	1177	370.016348449279	1
0	1185	373.715310745523	0
0	1193	375.203448397339	1
0	1200	378.275905030778	0
0	1208	380.687368827638	1
0	1227	385.974022208945	1
0	1242	390.528447831514	0
0	1247	391.165186111814	1
0	1248	391.573601689769	0
0	1262	396.253113941288	1
0	1268	398.452373447945	0
0	1281	401.41874264553	1
0	1282	401.814783279899	0
0	1297	406.733796261482	1
0	1319	412.437972374026	2
0	1323	413.924704413045	0
0	1333	417.28499171126	0
0	1337	417.791183697524	1
0	1338	418.162990270648	0
0	1350	423.608793966936	1
0	1361	428.559440407203	1
0	1367	429.310594220877	1
0	1386	435.232556729576	2
0	1396	438.326636412063	0
0	1406	441.160694742341	1
0	1416	444.871623805491	0
0	1419	445.105935951346	1
0	1427	446.880719576961	1
0	1429	447.208863330189	0
0	1442	452.485292778118	0
0	1446	452.521770838414	1
0	1447	452.772381710701	0
0	1457	458.138195357983	1
0	1472	463.274894328321	1
0	1478	465.353538571274	0
0	1490	468.521192495943	1
0	1502	472.598086316022	0
0	1510	474.503564900019	1
0	1527	479.582462358287	2
0	1532	480.761949955252	1
0	1542	483.671508237019	0
0	1547	485.055342217673	1
0	1564	489.480860159613	0
0	1572	491.044743401463	1
0	1583	494.282703999428	0
0	1587	495.279123877988	0
0	1593	496.648957716766	1
0	1610	502.449078701901	1
0	1616	504.483971227542	0
0	1628	507.926466976291	1
0	1647	513.17324947426	2
0	1650	513.615743024971	0
0	1660	517.47931336693	0
0	1667	518.795652092899	1
0	1682	524.495470169232	1
0	1690	526.571991473901	0
0	1701	529.992120947688	1
0	1708	532.041477456223	0
0	1711	532.922409619318	1
0	1723	535.903997811954	1
0	1725	536.790949777467	0
0	1742	541.713217581622	1
0	1750	544.398186541277	0
0	1752	544.422199418183	0
0	1761	547.508351072436	1
0	1762	548.321761227677	0
0	1769	551.844657582581	0
0	1774	553.008743631653	1
0	1786	558.440103007014	1
0	1797	562.817706029863	0
0	1805	564.210821648127	1
0	1820	570.040769574464	1
0	1829	572.753353451962	0
0	1833	573.997326422363	0
0	1840	575.930944357299	1
0	1857	581.92615010566	1
0	1859	582.268149763111	0
0	1868	585.536763072014	0
0	1875	586.984737626742	1
0	1890	592.533549460116	1
0	1892	593.192646420442	0
0	1907	597.842650252161	1
0	1908	598.016205027231	0
0	1911	599.056795817799	0
0	1915	599.835747385979	0
0	1923	603.67417406151	1
0	1933	609.408325517549	1
0	1949	614.575020948424	1
0	1968	620.01709345891	2
0	1970	620.61236595281	0
0	1979	623.626871137995	1
0	1987	625.821773882255	1
0	1996	629.279898352573	0
0	2004	631.147368159376	1
0	2005	631.331977997558	0
0	2023	637.085193155099	1
0	2036	640.873566909692	0
0	2042	642.909454253269	0
0	2046	643.058105067116	1
0	2057	647.797243363223	0
0	2062	648.721294599584	1
0	2063	649.045815932914	0
0	2075	653.844443761277	1
0	2088	659.251159955979	1
0	2097	661.669032547738	0
0	2109	665.090181641047	1
0	2116	666.906569115465	0
0	2118	667.397236460703	0
0	2123	670.509481709332	0
0	2127	670.821890705963	1
0	2132	673.589236548752	0
0	2138	676.714905962115	1
0	2151	682.166336839553	1
0	2165	687.442547515268	1
0	2172	690.430261255008	0
0	2180	692.548265184509	1
0	2186	694.501403050847	0
0	2200	698.254719041754	1
0	2208	699.991537559309	0
0	2213	702.476263656397	0
0	2221	704.237001405331	1
0	2224	705.479473657325	0
0	2235	710.056842658204	1
0	2254	715.97546791006	1
0	2258	716.695933038601	0
0	2271	721.099055740285	1
0	2276	722.356172808796	0
0	2283	725.294837210327	0
0	2289	726.870676036692	1
0	2291	727.854804346455	0
0	2301	732.790019962705	1
0	2303	733.959489149042	0
0	2315	738.715335319053	1
0	2325	742.75174720306	0
0	2329	743.788550365951	1
0	2346	749.665842041258	0
0	2350	749.671900161078	1
0	2359	753.584280981219	0
0	2366	755.061740886189	1
0	2369	756.091435882031	0
0	2379	760.517107391732	1
0	2387	763.742570903854	0
0	2395	766.123139247766	1
0	2396	766.937401633246	0
0	2404	771.213601712722	0
0	2409	771.801892031918	1
0	2419	777.262680942894	1
0	2423	778.788470821456	0
0	2433	782.837205364837	1
0	2444	787.0848324633	0
0	2451	788.526571496858	1
0	2453	789.22077827121	0
0	2462	793.564033336009	0
0	2467	794.144308375197	1
0	2473	797.85094805714	0
0	2478	799.33994896454	1
0	2491	805.262092567517	1
0	2493	806.527185370797	0
0	2504	811.23005882418	1
0	2517	816.020213384881	0
0	2523	816.518407457045	1
0	2538	821.934357594701	1
0	2540	822.773810398419	0
0	2546	823.970532278183	0
0	2555	827.153382151157	1
0	2568	832.252225164559	1
0	2573	833.367789730082	0
0	2587	837.337294857485	1
0	2604	842.516061392382	0
0	2608	843.297128029635	1
0	2611	843.96983943123	0
0	2626	848.631837164519	1
0	2645	853.846764307703	2
0	2667	859.763543523383	2
0	2671	860.959823146231	0
0	2674	861.526564036383	1
0	2687	865.017560829176	1
0	2690	866.429688129111	0
0	2692	866.830648725854	1
0	2705	870.536448994419	1
0	2728	876.177917437628	2
0	2746	881.275342148496	2
0	2747	881.533046220546	1
0	2754	883.619965736639	0
0	2756	884.032600101433	0
0	2766	886.618765886408	1
0	2781	892.592275279808	1
0	2788	894.724720614963	0
0	2790	894.813752130842	1
0	2794	895.972314856366	0
0	2800	898.426320458531	1
0	2813	903.875035788516	0
0	2817	904.04218601389	1
0	2832	909.348984904123	1
0	2850	914.810771578341	0
0	2854	914.906515845797	1
0	2871	920.336242473573	0
0	2877	920.876420359827	1
0	2881	922.264315781417	0
0	2895	926.503853934353	1
0	2900	928.159331249422	0
0	2915	932.081728599734	1
0	2925	935.341163944805	0
0	2930	936.245829849156	0
0	2937	937.535512746546	1
0	2942	939.351667704993	0
0	2950	942.820187129081	0
0	2954	943.363767327742	1
0	2957	945.408687823453	0
0	2965	948.930277786219	1
0	2976	954.234975397123	1
0	2978	954.798785031309	0
0	2990	959.991400568981	1
0	3005	965.839886256496	1
0	3006	965.893270408736	0
0	3013	968.583875707585	0
0	3021	971.190340235832	1
0	3037	976.661107387629	1
0	3057	982.228159304478	2
0	3058	982.342387889166	0
0	3071	986.937912567638	0
0	3075	987.251566367692	1
0	3079	988.885660570349	0
0	3084	991.086951405861	1
0	3090	992.479000771654	1
0	3094	994.184056867733	0
0	3105	998.241669145649	1
0	3120	1003.715448873587	1
0	3133	1008.013773687303	0
0	3136	1008.494656301107	0
0	3140	1009.097838189689	1
0	3150	1012.356867870316	0
0	3152	1012.621921205665	0
0	3157	1014.206505756828	1
0	3168	1019.236470712817	1
0	3185	1024.766639717857	1
0	3188	1025.544046608617	0
0	3204	1030.049890024357	1
0	3227	1035.733576978093	2
0	3246	1040.960887252588	2
0	3256	1043.839690858034	0
0	3258	1044.156814825723	1
0	3260	1044.159140719569	0
0	3267	1046.591048402248	1
0	3268	1046.907845259995	0
0	3279	1052.519993585769	1
0	3280	1052.569510164091	0
0	3293	1057.941043573899	1
0	3294	1058.334790105468	1
0	3308	1063.596450622428	1
0	3325	1068.664278703511	2
0	3326	1068.886935456425	1
0	3331	1070.354226027268	0
0	3343	1074.308923005827	1
0	3360	1078.926708239249	0
0	3366	1079.818728919376	1
0	3383	1084.606024252602	0
0	3388	1084.873134515483	1
0	3400	1088.603519492669	0
0	3408	1090.084670132261	1
0	3417	1092.94850519695	0
0	3425	1095.196033231683	1
0	3440	1100.121726387998	0
0	3447	1101.117510822836	1
0	3449	1101.891934595888	0
0	3456	1103.303561687473	0
0	3465	1107.048379675254	1
0	3472	1110.379822232762	0
0	3480	1112.903333625059	1
0	3494	1118.388938168996	1
0	3498	1119.384332286197	0
0	3503	1120.694449738368	0
0	3513	1123.831047407585	1
0	3525	1128.963665683638	0
0	3530	1129.58898910205	1
0	3533	1130.976148796153	0
0	3544	1134.824900563575	1
0	3557	1140.16852986091	1
0	3579	1145.898428453134	2
0	3593	1150.619137770151	1
0	3599	1151.78014353011	2
0	3611	1154.907110573027	0
0	3615	1156.031207545781	0
0	3617	1156.423674562135	0
0	3621	1157.55622883863	1
0	3636	1163.55282869586	1
0	3654	1169.547821239338	1
0	3656	1169.828335703704	1
0	3674	1174.829616930804	2
0	3690	1179.466909062121	1
0	3698	1180.815413616367	2
0	3717	1186.066549611047	2
0	3724	1188.605578063524	1
0	3736	1191.119971362643	2
0	3741	1192.146882643462	0
0	3745	1192.929660922851	1
0	3757	1196.61989604193	1
0	3761	1197.965158057983	0
0	3775	1202.463907857195	1
0	3785	1205.223769416337	1
0	3798	1208.075620514576	2
0	3809	1212.212935701714	0
0	3814	1213.227605984782	1
0	3818	1213.616984905445	1
0	3836	1218.658736184009	2
0	3838	1219.124412231383	0
0	3843	1220.489780266654	0
0	3852	1224.228352502689	1
0	3858	1226.579767333579	1
0	3868	1229.507407423344	1
0	3884	1234.346320861256	0
0	3889	1234.548009947178	1
0	3893	1236.425451436315	0
0	3905	1239.619016710672	1
0	3926	1245.164638903228	2
0	3943	1250.315327131424	1
0	3947	1250.586141302719	2
0	3954	1252.639828457966	0
0	3957	1253.146303739283	0
0	3966	1256.351365856829	1
0	3980	1261.759493352848	1
0	3996	1266.600640637222	0
0	4003	1267.712436375677	1
0	4012	1270.533983967851	0
0	4022	1273.013127706017	1
0	4036	1276.946296119715	1
0	4045	1278.541626539085	2
0	4047	1279.366506401803	0
0	4051	1280.399599515369	0
0	4060	1283.831490874991	1
0	4064	1284.074690408776	1
0	4074	1289.489939889989	0
0	4079	1290.067517441469	1
0	4092	1295.303843246893	0
0	4097	1295.704863861906	1
0	4111	1300.961576496488	1
0	4133	1306.927944493717	2
0	4147	1310.480877834611	1
0	4158	1312.862114052991	2
0	4161	1313.662777762866	1
0	4170	1316.084700849378	0
0	4179	1318.20192423277	1
0	4185	1319.534380194969	0
0	4193	1322.7718623163	0
0	4199	1324.028390603377	1
0	4203	1325.666752351917	0
0	4215	1329.955101888631	1
0	4229	1335.365415878132	1
0	4237	1337.793785114663	0
0	4240	1338.42631851952	0
0	4243	1339.949759318731	0
0	4248	1341.113921260698	1
0	4258	1346.147318228152	1
0	4274	1351.911317077702	1
0	4285	1354.93321436772	0
0	4295	1357.52406266495	1
0	4302	1360.092355538165	0
0	4314	1362.968515934892	1
0	4320	1364.94267197885	0
0	4332	1368.578043360034	1
0	4338	1371.073700896935	0
0	4350	1374.372157393726	1
0	4352	1374.960258631389	0
0	4355	1375.488829821467	0
0	4367	1380.189904644857	1
0	4381	1385.584073537267	1
0	4384	1386.335658078436	0
0	4396	1389.687970410921	0
0	4404	1391.410049178642	1
0	4408	1393.581599982807	0
0	4410	1394.445174841097	0
0	4415	1396.488987148744	1
0	4427	1402.434033575705	1
0	4443	1408.142917974158	1
0	4464	1413.950436616787	2
0	4466	1414.3852140141	1
0	4487	1419.655662206239	2
0	4505	1425.117231856455	0
0	4509	1425.360737462765	1
0	4515	1427.506917650468	0
0	4527	1431.159105087867	1
0	4539	1435.478595984988	0
0	4546	1437.05859605689	1
0	4558	1440.858691537407	0
0	4567	1442.613143163504	1
0	4569	1443.291673042003	1
0	4574	1444.202845265742	0
0	4579	1446.421186725031	0
0	4586	1448.418658775048	1
0	4603	1454.231073732957	1
0	4612	1456.513894138629	0
0	4622	1459.974592886636	1
0	4643	1465.840275097642	2
0	4644	1466.090549209158	0
0	4646	1466.191671817684	0
0	4650	1468.419976022798	0
0	4656	1470.894428372387	1
0	4664	1476.27523236117	1
0	4668	1476.712359788599	1
0	4684	1481.887063792212	1
0	4707	1487.559560394384	2
0	4708	1487.864709372286	0
0	4729	1493.257026322655	1
0	4743	1497.418075676895	0
0	4745	1497.82034323528	0
0	4751	1498.433090455601	1
0	4760	1502.533659416951	0
0	4765	1503.528341240486	1
0	4769	1505.531792543021	1
0	4775	1507.680584402875	0
0	4781	1509.309596978597	1
0	4797	1515.088452433006	1
0	4814	1520.069353771172	0
0	4820	1520.798290435926	1
0	4834	1525.392115177591	0
0	4841	1526.278634793361	1
0	4852	1529.565988181279	0
0	4860	1531.864407926801	1
0	4871	1535.39843391453	0
0	4879	1537.247459247711	1
0	4890	1540.377760255128	0
0	4894	1541.099663696488	0
0	4901	1542.936451538236	1
0	4917	1548.423348573505	1
0	4919	1549.790853281392	0
0	4924	1550.769332155355	0
0	4933	1553.946385077669	1
0	4934	1555.187056775329	0
0	4938	1556.807903407377	0
0	4944	1558.978605710671	1
0	4956	1564.71114693722	1
0	4970	1569.768522831847	1
0	4985	1574.094523656537	0
0	4993	1575.738660475009	1
0	5014	1581.511542292547	2
0	5035	1587.13415707811	2
0	5043	1589.081965873019	1
0	5049	1590.775965053359	0
0	5053	1592.038045997851	1
0	5058	1592.814927522095	1
0	5064	1594.497352679496	0
0	5071	1597.592119117153	0
0	5076	1598.813239100624	1
0	5090	1603.636659569459	0
0	5092	1604.127627252138	0
0	5096	1604.472831611524	1
0	5108	1609.724085726778	1
0	5125	1615.579755752117	1
0	5139	1620.386338618937	0
0	5145	1621.064735546245	1
0	5159	1625.547480376905	0
0	5166	1626.69211665774	1
0	5174	1629.044416948341	0
0	5184	1631.711094853238	1
0	5205	1637.549874855674	2
0	5206	1637.890652279256	0
0	5214	1639.584190722091	1
0	5223	1642.988907012278	0
0	5227	1643.128806313037	1
0	5244	1648.661069871395	1
0	5264	1653.712389815136	2
0	5268	1655.510072403125	0
0	5281	1659.706813127038	1
0	5293	1663.446498437789	0
0	5297	1664.728684639211	0
0	5301	1664.886967756555	1
0	5302	1665.37684230728	1
0	5308	1667.827634422462	0
0	5315	1670.230248752518	1
0	5330	1676.175947875718	1
0	5351	1681.29614037811	2
0	5361	1684.427602561076	0
0	5371	1686.823392271764	1
0	5389	1691.969934818336	2
0	5405	1695.915625489436	1
0	5411	1697.804812662305	2
0	5419	1700.30728394236	1
0	5435	1703.782878069907	2
0	5443	1706.320031607525	0
0	5454	1709.483127861749	0
0	5458	1709.741140352564	1
0	5460	1710.593591251298	1
0	5467	1712.49573578255	0
0	5475	1714.957136895742	1
0	5491	1720.948809633266	1
0	5509	1726.258663635703	2
0	5521	1730.436011544314	0
0	5527	1731.618738071762	1
0	5528	1731.815531425532	1
0	5532	1732.574002961517	1
0	5552	1737.52671279153	2
0	5554	1738.486161010811	1
0	5557	1738.65401406924	0
0	5563	1741.62517147011	0
0	5569	1742.644591166872	1
0	5584	1748.488081753255	1
0	5598	1752.34162053862	0
0	5607	1754.452933916125	1
0	5609	1755.136048450135	0
0	5623	1760.186975094957	1
0	5639	1765.090007646244	0
0	5645	1765.944465881215	1
0	5647	1766.14369573561	0
0	5653	1767.799468367477	0
0	5663	1771.910156830914	1
0	5669	1774.475899587503	0
0	5678	1777.419598571725	1
0	5688	1782.216919357193	0
0	5694	1782.88295652345	1
0	5710	1788.215916432442	1
0	5722	1793.293368841639	0
0	5728	1794.037848707057	1
0	5733	1795.660766953954	0
0	5743	1798.733208373423	0
0	5749	1799.882819138701	1
0	5756	1803.271336463747	0
0	5764	1804.986145606265	1
0	5777	1810.093706854154	1
0	5799	1816.056266346016	2
0	5807	1818.441045921065	1
0	5813	1820.147165703006	0
0	5819	1821.36922190711	1
0	5840	1827.332534845454	2
0	5842	1827.802212410839	0
0	5859	1832.732943670825	1
0	5860	1832.967531191768	0
0	5876	1838.481137433556	1
0	5878	1839.014523271937	0
0	5883	1840.414042812539	1
0	5896	1844.285333819223	1
0	5915	1850.199824037963	2
0	5924	1852.120593305214	0
0	5928	1853.079529176117	1
0	5936	1855.45409989427	1
0	5956	1861.437283709181	2
0	5961	1863.079347173918	0
0	5975	1867.108466436622	1
0	5983	1870.0323736968	0
0	5989	1871.70126387966	0
0	5996	1873.09841191047	1
0	6010	1878.710134722294	1
0	6014	1879.997435830768	0
0	6030	1884.384648135166	1
0	6031	1884.807188768988	1
0	6047	1889.893790539704	0
0	6050	1890.201326239857	0
0	6054	1890.289607316257	1
0	6066	1895.437557728612	0
0	6071	1895.629317680841	1
0	6080	1899.040321646842	0
0	6086	1900.672865601491	1
0	6100	1905.82374701556	1
0	6104	1906.845568744817	0
0	6119	1911.000246172074	1
0	6134	1915.931702680885	0
0	6139	1916.248646009482	1
0	6154	1920.912020800287	0
0	6158	1921.454504210969	1
0	6172	1925.758681024425	0
0	6179	1927.376485479066	1
0	6193	1931.960115343451	0
0	6197	1932.437446040802	1
0	6212	1936.853390495175	0
0	6219	1938.358891443584	1
0	6223	1939.751381784562	0
0	6239	1943.742181377487	1
0	6244	1945.011084477535	0
0	6256	1949.205327799545	1
0	6273	1954.246635777644	2
0	6282	1956.570206158795	0
0	6289	1958.2688178455	0
0	6296	1959.62135958043	1
0	6300	1962.225602566614	0
0	6302	1962.322800117314	1
0	6312	1965.617441372947	1
0	6330	1970.708868979477	1
0	6343	1974.677289028653	0
0	6350	1975.971508475254	1
0	6355	1977.479150738337	0
0	6357	1977.702836129816	0
0	6366	1981.254842213588	1
0	6367	1981.872641536176	0
0	6382	1986.893887479557	1
0	6397	1992.21683038841	1
0	6406	1994.349424696295	0
0	6409	1995.472819900257	0
0	6416	1997.270554208662	1
0	6430	2002.698553636206	0
0	6434	2002.937263473635	1
0	6448	2008.582128902314	0
0	6452	2008.837863939814	1
0	6469	2014.064257604535	1
0	6480	2017.486469062862	0
0	6489	2019.405634676571	1
0	6492	2019.910777955665	0
0	6509	2024.711222366895	1
0	6513	2026.449874878742	0
0	6520	2029.605746339193	0
0	6525	2029.891745680943	1
0	6543	2035.772456700215	1
0	6553	2038.069198103387	0
0	6555	2038.589978743692	0
0	6566	2041.232376233442	1
0	6580	2047.025236753281	1
0	6600	2052.597158755408	2
0	6602	2053.32089175703	1
0	6609	2055.300631868885	0
0	6620	2058.150393478805	1
0	6626	2060.26378247293	0
0	6630	2061.4673841669	0
0	6639	2063.966159406816	1
0	6650	2068.439104956341	0
0	6655	2069.102937132585	1
0	6671	2075.054958769352	1
0	6689	2080.29829922621	2
0	6706	2085.433030223938	2
0	6719	2089.038608439148	0
0	6723	2089.975306926062	1
0	6729	2091.420438628642	1
0	6743	2096.395560106843	0
0	6749	2097.222925800828	1
0	6771	2103.022767721906	2
0	6773	2103.257424835347	1
0	6790	2108.10448677372	2
0	6796	2109.66748339834	0
0	6811	2113.832442118552	1
0	6816	2115.509307677042	0
0	6820	2116.625644939833	1
0	6830	2119.329826710744	1
0	6834	2120.882681463611	0
0	6847	2124.543535822069	1
0	6851	2125.736989794414	1
0	6869	2130.145155314354	2
0	6871	2130.39755441842	1
0	6894	2135.784252707612	2
0	6903	2138.919580970306	0
0	6912	2141.726819077272	1
0	6916	2142.652142337753	0
0	6918	2142.788682707001	0
0	6929	2147.299192798089	1
0	6944	2153.173773618413	1
0	6946	2153.959170790621	0
0	6960	2158.995533599283	1
0	6967	2160.840174032372	1
0	6980	2164.14570986782	2
0	7001	2169.705859630832	2
0	7011	2172.763108812039	1
0	7017	2174.106960624106	0
0	7021	2174.748755867358	1
0	7022	2174.797476357197	0
0	7025	2174.983993721424	1
0	7033	2178.956786009014	0
0	7039	2179.860246828755	1
0	7041	2180.759091837213	0
0	7050	2184.662805258643	0
0	7054	2185.014808396341	1
0	7067	2190.644362794699	1
0	7082	2196.186675724804	1
0	7091	2198.864365919258	0
0	7093	2199.256585796248	0
0	7101	2201.540308336725	1
0	7116	2207.125518763901	1
0	7136	2212.356628113657	2
0	7152	2217.93863696325	0
0	7156	2218.075615425592	1
0	7158	2218.769165949312	0
0	7174	2223.36672981642	1
0	7176	2223.669334427218	0
0	7182	2225.831652832331	0
0	7185	2226.965305632328	1
0	7192	2228.974106535314	1
0	7205	2234.136375453554	1
0	7219	2236.856405426396	0
0	7230	2239.733956017297	1
0	7232	2240.867534659103	0
0	7239	2242.86698449589	0
0	7248	2245.55878383573	1
0	7252	2248.065272505161	0
0	7263	2251.349462164099	1
0	7279	2256.691007483051	1
0	7284	2258.279439843492	0
0	7297	2261.951340441125	1
0	7320	2267.336774897527	2
0	7327	2269.102676304172	0
0	7339	2273.174629803978	1
0	7340	2273.19670535589	0
0	7342	2273.250834097852	1
0	7358	2278.55603025737	1
0	7362	2279.781908883945	0
0	7372	2283.765393170179	0
0	7377	2284.409269192952	1
0	7393	2290.38193716807	1
0	7397	2291.802177423961	0
0	7410	2294.675086147732	0
0	7412	2295.369642356641	0
0	7416	2296.1420091968	1
0	7428	2301.643981186437	1
0	7443	2307.202372072494	1
0	7446	2308.311293461821	0
0	7452	2310.055677600552	0
0	7460	2312.741462652568	1
0	7469	2316.718750728755	0
0	7475	2318.589360813374	1
0	7480	2320.180497262391	0
0	7491	2324.245918207333	1
0	7501	2328.974803021756	0
0	7506	2329.671533067707	1
0	7507	2330.050047366759	0
0	7511	2331.887876003978	0
0	7518	2335.402780852975	1
0	7528	2340.684635976325	1
0	7542	2345.394608102618	0
0	7546	2345.91923262388	1
0	7555	2349.613456718387	0
0	7560	2351.609121222276	0
0	7564	2351.814743187274	1
0	7565	2352.431524612703	0
0	7569	2355.727820070457	0
0	7573	2357.422331806501	1
0	7580	2362.859419069249	1
0	7592	2368.762180234302	1
0	7607	2373.905689863717	1
0	7615	2376.719098114405	0
0	7626	2379.432260444384	1
0	7632	2381.886181658714	0
0	7637	2383.88301646942	0
0	7644	2385.284337045155	1
0	7658	2390.528954037694	1
0	7680	2395.772739786185	2
0	7685	2398.160866298358	1
0	7693	2399.949578578815	0
0	7701	2401.48217647336	1
0	7703	2402.300284969966	0
0	7719	2406.901901772009	1
0	7737	2412.318846210135	0
0	7741	2412.566315742904	1
0	7742	2412.764062340833	0
0	7747	2414.166627591123	0
0	7757	2417.573957368495	1
0	7771	2422.647944660621	1
0	7789	2428.165466985545	0
0	7793	2428.184766053917	1
0	7812	2433.836813254744	2
0	7813	2434.268578923421	0
0	7824	2437.665647821613	0
0	7831	2439.304654066215	1
0	7837	2441.618143847093	0
0	7845	2444.97793947579	1
0	7853	2447.979182228328	1
0	7858	2449.63708429201	0
0	7863	2450.509709734001	1
0	7874	2455.037912424536	0
0	7879	2455.568988625656	1
0	7895	2460.639191154155	1
0	7904	2463.678047949562	0
0	7910	2465.607845357267	0
0	7914	2465.691317975286	1
0	7922	2469.046668691907	0
0	7931	2470.955447493119	1
0	7946	2476.155615131136	1
0	7953	2478.003628127274	0
0	7964	2481.366994423557	1
0	7970	2484.010405305654	0
0	7982	2486.956017008282	1
0	8003	2492.093515916958	2
0	8004	2492.859703475143	0
0	8019	2497.931773821355	1
0	8025	2499.851586354079	0
0	8034	2502.96491062315	1
0	8036	2503.221337725755	0
0	8040	2503.578060067722	1
0	8048	2506.322344659941	0
0	8055	2508.722142567856	1
0	8056	2508.96903969324	0
0	8068	2514.616684840059	1
0	8084	2519.843741912393	1
0	8103	2524.967505192382	2
0	8117	2528.91598297504	1
0	8125	2530.565692858303	2
0	8130	2532.135565460423	0
0	8137	2534.495949250643	1
0	8139	2534.649783470899	0
0	8146	2536.413519861408	1
0	8152	2539.353852258295	0
0	8155	2540.057480593676	0
0	8160	2541.997121461666	1
0	8162	2543.366660930217	0
0	8170	2547.109596580731	1
0	8180	2552.700580913106	1
0	8194	2557.976235533131	1
0	8207	2561.816781021771	0
0	8216	2563.653497131306	1
0	8235	2568.872600513275	2
0	8251	2573.365488642474	0
0	8261	2574.852290607986	1
0	8265	2576.5612425009	0
0	8270	2578.080268603513	1
0	8279	2580.505845064993	1
0	8295	2585.432439162745	0
0	8299	2585.540088494305	1
0	8320	2590.791465366722	2
0	8336	2594.915244129947	1
0	8339	2596.107465658916	0
0	8341	2596.572097656779	0
0	8346	2596.742126174734	1
0	8351	2598.850492016293	0
0	8360	2602.394078227689	1
0	8376	2608.083745006935	1
0	8382	2610.513653596624	0
0	8393	2613.553651069056	1
0	8397	2614.540908153748	0
0	8411	2619.262142773017	1
0	8434	2625.14694943954	2
0	8443	2627.241890587956	0
0	8449	2629.660974644934	0
0	8455	2631.087946888988	1
0	8457	2631.949190331038	1
0	8466	2634.546474067841	0
0	8474	2636.411873053989	1
0	8490	2642.113274063213	1
0	8501	2645.689296888417	0
0	8508	2647.200334134974	1
0	8514	2649.217156708121	0
0	8526	2652.65645518596	1
0	8543	2657.803992655358	2
0	8546	2658.411973698179	0
0	8560	2662.814930276244	1
0	8575	2666.929241857721	0
0	8582	2668.3778139865	1
0	8588	2670.083062099638	0
0	8602	2674.124428161417	1
0	8611	2677.649555590583	0
0	8620	2679.263684927017	1
0	8624	2680.492505077735	1
0	8628	2681.046208337528	0
0	8636	2683.674315585519	0
0	8644	2685.068721742366	1
0	8656	2690.146565877248	0
0	8662	2690.992881101786	1
0	8672	2695.453176432986	0
0	8678	2696.76837934856	1
0	8697	2702.687566916455	1
0	8703	2704.738497128008	0
0	8717	2708.556965840279	1
0	8726	2710.769335910325	0
0	8737	2714.1076323844	1
0	8743	2716.223471462957	0
0	8754	2719.360592516136	1
0	8762	2721.482537319067	0
0	8775	2724.494944175237	1
0	8794	2729.935114538062	2
0	8806	2733.73698329087	0
0	8816	2735.844720434861	1
0	8825	2738.206472327581	0
0	8829	2739.602031713931	0
0	8831	2739.886527978926	0
0	8834	2741.045947510744	1
0	8838	2741.774196179814	1
0	8845	2746.607397368638	0
0	8849	2747.225915028013	1
0	8850	2747.306941884102	0
0	8859	2752.504960971649	1
0	8868	2758.220238970124	0
0	8872	2758.322900417025	1
0	8876	2760.499443329285	0
0	8883	2764.055298053889	1
0	8885	2764.938261330473	0
0	8892	2769.836926333137	1
0	8904	2775.739167288641	1
0	8916	2780.194033569188	0
0	8923	2781.590124225474	1
0	8939	2787.546893241347	1
0	8941	2788.618893070959	0
0	8954	2793.070962454888	1
0	8957	2794.184984944992	0
0	8971	2798.727160410021	1
0	8977	2801.047726269343	0
0	8990	2804.358931559368	1
0	9002	2808.515172620766	0
0	9009	2809.981029977321	1
0	9023	2814.744321068629	0
0	9028	2815.532297156981	1
0	9039	2819.062218446631	0
0	9043	2820.001067282748	0
0	9045	2820.460383896015	0
0	9050	2821.054258184039	1
0	9060	2826.331530456196	1
0	9066	2829.180290250689	0
0	9077	2832.277109537038	1
0	9090	2837.359876317202	1
0	9091	2837.676584290106	0
0	9109	2843.207290714604	1
0	9130	2849.031638809244	2
0	9146	2853.786580696233	0
0	9150	2854.052020639178	1
0	9152	2854.744751399728	0
0	9159	2856.529999573245	1
0	9168	2859.227355992186	1
0	9183	2863.95758029923	0
0	9190	2865.139369153415	1
0	9202	2869.346048654986	0
0	9209	2870.782185793153	1
0	9229	2875.898159937232	2
0	9240	2879.583473690433	1
0	9249	2881.069891271644	2
0	9251	2881.999756166592	0
0	9255	2882.630227940968	0
0	9263	2886.730875167294	1
0	9278	2892.012562576213	1
0	9297	2897.140276873016	2
0	9304	2899.335995774597	0
0	9309	2900.466466109381	0
0	9312	2901.347430497172	1
0	9317	2902.290284371932	1
0	9331	2906.901927939498	1
0	9338	2908.083344939395	1
0	9352	2912.73430699948	0
0	9356	2913.590740858575	1
0	9377	2919.324650950029	2
0	9379	2919.95265172573	0
0	9394	2924.367807239525	1
0	9396	2925.090729748013	0
0	9410	2929.40168771101	1
0	9412	2930.213805562581	0
0	9420	2933.362121603679	0
0	9426	2935.28753908828	1
0	9430	2935.310387771575	1
0	9445	2940.600439127067	1
0	9464	2945.875255707649	2
0	9471	2948.070542089057	0
0	9475	2949.049502498585	0
0	9483	2951.531096746211	1
0	9484	2952.290146315233	1
0	9496	2956.549252753376	0
0	9500	2956.982899269785	1
0	9513	2962.082621202103	1
0	9515	2962.290187509963	0
0	9534	2967.628725466781	1
0	9555	2972.67875305074	2
0	9559	2974.416400682529	0
0	9573	2977.682909854685	1
0	9583	2980.823588801892	1
0	9595	2983.562574851324	2
0	9598	2984.479819173221	0
0	9600	2984.825873876454	0
0	9613	2989.515917708629	1
0	9615	2989.921868084343	1
0	9629	2994.736697396494	1
0	9638	2997.757874992557	0
0	9648	3000.135368264744	1
0	9659	3004.081944692176	0
0	9666	3005.615223740458	1
0	9676	3008.185968158995	0
0	9686	3011.504684045908	1
0	9709	3017.173533502498	2
0	9718	3020.389317148946	0
0	9728	3023.060272646367	1
0	9741	3026.693189000593	1
0	9750	3028.710394360123	2
0	9760	3031.468416782443	0
0	9762	3031.636950574228	0
0	9770	3033.76842399244	1
0	9775	3036.494223826795	0
0	9784	3038.950025966622	1
0	9786	3039.184530668192	1
0	9801	3044.849016380727	1
0	9807	3046.786529983276	0
0	9818	3050.202635664491	1
0	9836	3055.535326645009	2
0	9838	3055.644467414356	0
0	9855	3061.222439119823	1
0	9861	3063.069378058192	0
0	9872	3066.288556021405	0
0	9876	3066.597123454788	1
0	9877	3067.549268949889	1
0	9891	3071.932571981798	1
0	9895	3073.202722772722	0
0	9911	3077.735651453489	1
0	9923	3081.543322902286	0
0	9926	3082.176185510584	0
0	9932	3082.946957760954	1
0	9949	3088.655549612825	1
0	9950	3088.671078752376	0
0	9958	3091.17895808315	0
0	9961	3091.761702638233	0
0	9968	3094.242725202578	1
0	9979	3099.906096358315	1
0	9987	3103.405908729412	0
0	9995	3105.330798802894	1
0	10012	3111.050089643333	1
0	10036	3116.566788994936	2
0	10042	3119.08264730975	0
0	10045	3119.760372232293	1
0	10057	3122.542337488146	1
0	10058	3122.947575456343	0
0	10075	3127.931971524372	1
0	10079	3129.083530426254	0
0	10082	3129.449897325712	0
0	10086	3132.410886237626	0
0	10091	3133.075413004491	1
0	10102	3138.408452234227	1
0	10106	3139.868019664423	0
0	10116	3143.718385108277	1
0	10133	3149.013639860317	1
0	10136	3150.170476712165	0
0	10150	3154.961699308125	1
0	10157	3157.171983513977	0
0	10170	3160.887556209923	1
0	10175	3162.277114170484	0
0	10186	3166.16181559837	1
0	10204	3171.377641402181	2
0	10222	3176.119799156203	0
0	10224	3176.443667067795	1
0	10228	3176.614267566703	1
0	10248	3182.345200881358	2
0	10253	3184.01984323805	0
0	10267	3187.920261979565	1
0	10275	3190.54955664498	0
0	10285	3193.900493039746	1
0	10297	3197.498372368394	1
0	10307	3199.508028123291	2
0	10326	3204.517505862048	2
0	10334	3206.98644655477	1
0	10343	3209.724886596896	0
0	10348	3210.13898600591	1
0	10350	3210.467807922741	0
0	10369	3215.439660043219	1
0	10375	3217.427377807437	1
0	10390	3220.76521226321	2
0	10394	3221.965575806095	0
0	10399	3223.557050876665	0
0	10409	3226.252912097607	1
0	10418	3229.21559744514	1
0	10425	3231.417856771961	1
0	10434	3233.689324190487	0
0	10445	3237.039571400495	1
0	10463	3242.152269203329	0
0	10469	3242.883294660594	1
0	10483	3248.009562729039	0
0	10488	3248.355679112017	1
0	10499	3251.976656387555	0
0	10507	3253.64023196301	1
0	10522	3258.702640023544	0
0	10526	3259.426880296781	1
0	10534	3261.626260408663	0
0	10538	3263.07051996246	0
0	10545	3265.23536561755	1
0	10556	3270.367653875373	0
0	10560	3270.439731754125	1
0	10563	3271.719537699008	0
0	10573	3275.570307703451	1
0	10588	3281.280797712966	1
0	10608	3286.355428359932	2
0	10630	3291.722330521554	2
0	10634	3292.970477982651	1
0	10648	3296.815309892403	2
0	10662	3300.525635348279	0
0	10665	3301.609337753145	1
0	10670	3302.377051628189	1
0	10689	3307.487247895676	2
0	10694	3308.830979562825	1
0	10700	3311.012237136713	0
0	10702	3311.515055398334	1
0	10705	3311.53966681682	0
0	10712	3313.191901349224	1
0	10719	3315.938169951081	0
0	10728	3318.708143574646	1
0	10732	3321.499946790276	0
0	10739	3323.932811935194	1
0	10755	3328.941353403259	1
0	10764	3331.243281543832	0
0	10768	3332.760367381615	0
0	10770	3332.983127369657	0
0	10775	3334.796536141535	1
0	10776	3335.088764177863	0
0	10785	3340.642003038892	1
0	10796	3346.617458604503	1
0	10815	3352.349688658252	1
0	10832	3357.356557174347	2
0	10838	3359.439026152242	0
0	10841	3359.887326594203	0
0	10848	3362.450591315509	1
0	10865	3367.783669076621	1
0	10866	3368.02596788585	0
0	10872	3370.140670552961	0
0	10877	3371.943879163937	1
0	10883	3373.391544451232	1
0	10890	3375.961222512293	0
0	10897	3378.91167255793	1
0	10913	3384.626422876718	1
0	10923	3387.338277775092	0
0	10934	3390.540516279864	1
0	10937	3391.348386457652	0
0	10956	3395.821055761066	1
0	10970	3400.92597295739	0
0	10976	3401.596863200183	1
0	10985	3405.061676385922	0
0	10994	3407.13215103512	1
0	10997	3408.550689714139	0
0	11011	3412.421927900047	1
0	11024	3417.099519293051	0
0	11027	3417.771468794316	0
0	11033	3418.374069802456	1
0	11037	3419.665796081064	0
0	11043	3421.65242072427	0
0	11048	3423.898618272266	1
0	11061	3429.796129391522	1
0	11076	3434.859893447713	1
0	11094	3440.089494979003	2
0	11105	3442.402019638212	1
0	11119	3445.540295587614	2
0	11129	3448.936956574319	0
0	11137	3450.813357438886	1
0	11141	3451.870974125102	0
0	11150	3455.096805594157	0
0	11156	3456.706490866601	1
0	11169	3461.997062859467	1
0	11173	3462.244967253174	1
0	11178	3463.963377929285	0
0	11182	3464.923769528158	0
0	11192	3468.102361087215	1
0	11195	3469.644426892272	0
0	11204	3472.690573998721	0
0	11209	3474.00121178617	1
0	11221	3479.809683295658	1
0	11235	3484.91015312331	1
0	11239	3486.126071113039	0
0	11254	3490.495303914875	1
0	11265	3494.245814171963	0
0	11272	3496.044163678999	0
0	11274	3496.225506412556	0
0	11278	3496.259652616682	1
0	11289	3501.335513368242	1
0	11304	3506.79611663799	1
0	11318	3511.390989548286	0
0	11320	3511.445671628689	0
0	11325	3512.479517040767	1
0	11340	3517.480024618089	1
0	11361	3523.470016964936	2
0	11368	3525.576070682139	0
0	11371	3526.152514005771	0
0	11376	3528.351406986004	0
0	11380	3528.779312090707	1
0	11392	3534.395891998653	1
0	11405	3539.317590992309	1
0	11410	3539.958216260179	1
0	11434	3545.886429232071	2
0	11436	3547.147221653365	0
0	11441	3548.364278573535	0
0	11445	3549.7518991935	1
0	11451	3551.411520170272	1
0	11468	3556.924155984764	1
0	11470	3557.258162116507	0
0	11484	3562.844296692164	1
0	11505	3568.773578497573	2
0	11520	3573.053960534971	1
0	11526	3573.897935897337	2
0	11527	3574.244904093089	1
0	11537	3576.641522986455	0
0	11544	3579.431563687854	0
0	11548	3579.594447447445	1
0	11553	3582.18739655497	0
0	11562	3584.594780356848	1
0	11572	3588.885064678725	0
0	11577	3589.835921886136	1
0	11578	3590.258993082089	0
0	11588	3595.063707452259	0
0	11592	3595.815144386833	1
0	11604	3601.081161779576	1
0	11611	3604.129530572557	0
0	11618	3606.593278418985	1
0	11623	3608.944523894338	0
0	11633	3612.14591421838	1
0	11648	3617.928230636745	1
0	11667	3623.29221315914	2
0	11670	3623.96671340474	1
0	11673	3624.512552256923	0
0	11687	3628.494843405431	1
0	11705	3633.611167501651	2
0	11708	3634.270634090056	0
0	11720	3638.816537224913	1
0	11737	3643.931188205015	0
0	11741	3643.987229567479	1
0	11757	3649.156060986796	1
0	11762	3649.786722697775	2
0	11768	3651.386227610398	0
0	11779	3654.843943950479	1
0	11794	3659.877332942555	1
0	11798	3660.008493136606	2
0	11810	3663.347984314538	0
0	11820	3665.897328010752	1
0	11826	3668.609766970497	0
0	11831	3670.200673792037	0
0	11837	3671.473429904311	1
0	11842	3672.92874460725	1
0	11846	3674.635789031972	0
0	11854	3677.320542553897	1
0	11862	3680.263949631708	0
0	11869	3682.720201931885	1
0	11879	3685.759408123433	0
0	11888	3688.219076075117	1
0	11904	3694.153908869709	1
0	11919	3698.93194131273	0
0	11924	3699.428688723353	1
0	11945	3704.956052165005	2
0	11968	3710.866165657287	2
0	11971	3712.070939097079	1
0	11980	3713.814686183457	0
0	11987	3716.546469882004	0
0	11993	3716.803714079774	1
0	12007	3722.67180821648	1
0	12028	3727.690435625605	2
0	12030	3728.423865734125	1
0	12051	3733.544320708133	2
0	12072	3739.421328744378	2
0	12073	3739.512667104594	1
0	12076	3740.128745679152	1
0	12088	3743.683960142536	0
0	12095	3744.670987460522	1
0	12103	3747.117812428965	0
0	12106	3748.419956507038	0
0	12113	3750.531928787932	1
0	12118	3752.726348590095	1
0	12129	3756.244886328692	1
0	12140	3759.519037031678	0
0	12143	3760.386104675702	0
0	12149	3761.91473044757	1
0	12167	3767.537850897985	1
0	12186	3772.727332326809	2
0	12190	3773.143988768447	0
0	12206	3778.015133938978	1
0	12208	3778.560323184346	1
0	12220	3781.986626308171	0
0	12228	3783.528755282743	1
0	12249	3789.318184512427	2
0	12262	3793.00046422122	1
0	12265	3793.807896953418	0
0	12272	3795.165721600635	1
0	12291	3800.464433027424	2
0	12306	3805.212821233544	0
0	12313	3805.946347554207	1
0	12315	3806.460427431613	1
0	12335	3811.731409246328	2
0	12338	3811.991695976344	0
0	12347	3815.56450905103	0
0	12350	3815.6748694902	0
0	12355	3816.962638041696	1
0	12359	3818.874735849667	1
0	12361	3820.16629170486	0
0	12364	3821.422700005341	0
0	12368	3822.747754441102	1
0	12375	3828.216509121929	1
0	12378	3830.351854635862	0
0	12385	3833.883206026855	1
0	12398	3839.871588497183	1
0	12412	3845.191730130923	1
0	12433	3850.767895839636	2
0	12445	3854.033888004712	0
0	12452	3856.257365479826	1
0	12470	3861.475756080116	2
0	12474	3862.586476443447	0
0	12476	3862.719098266789	0
0	12478	3862.7823219177	1
0	12488	3866.695933384814	1
0	12506	3872.547583344618	1
0	12517	3875.890734517474	0
0	12520	3876.700713209453	1
0	12526	3878.109601447584	1
0	12548	3883.783821570912	2
0	12555	3886.269543852651	0
0	12560	3888.196298569898	1
0	12562	3888.578371565783	0
0	12567	3889.303910957874	1
0	12582	3894.804463245432	1
0	12584	3895.504586216288	0
0	12588	3896.146058939505	0
0	12598	3900.73261326504	1
0	12602	3902.521449745624	0
0	12612	3906.311796737593	1
0	12628	3912.162886694763	1
0	12644	3916.838739068588	0
0	12647	3917.448681097936	0
0	12649	3917.854463672025	0
0	12653	3918.132249148786	1
0	12668	3924.11172222252	1
0	12684	3929.912713303687	1
0	12699	3934.581058173082	0
0	12706	3935.447934387475	1
0	12726	3941.32628914969	2
0	12730	3942.620597752966	0
0	12732	3943.005191752213	1
0	12746	3947.138171805292	1
0	12747	3948.080310925483	0
0	12761	3952.277119862372	1
0	12770	3954.772520974152	0
0	12781	3958.017885321043	1
0	12784	3958.961118350379	0
0	12789	3961.241367515981	0
0	12799	3963.999386539207	1
0	12816	3969.167326401676	1
0	12836	3974.374985199411	2
0	12837	3974.57880613917	1
0	12844	3976.509778735568	0
0	12856	3979.803439554282	1
0	12859	3980.218245552609	0
0	12864	3981.494178981627	0
0	12874	3985.54909323085	1
0	12875	3985.946484224163	0
0	12882	3989.570559791746	0
0	12888	3991.354572174595	1
0	12893	3994.943355858433	0
0	12899	3996.902209521028	1
0	12909	4002.551177792241	1
0	12925	4007.892535990327	1
0	12926	4008.537614526216	0
0	12942	4013.541128726433	1
0	12963	4019.036977367931	2
0	12970	4021.032957756765	1
0	12983	4024.017681316115	0
0	12989	4024.4852090096	1
0	12996	4026.852455082339	0
0	13007	4030.207141473181	1
0	13025	4036.051438065003	2
0	13047	4041.742661615591	2
0	13050	4042.215696932972	0
0	13059	4045.332721067466	1
0	13065	4046.763073329571	1
0	13068	4048.014621458355	0
0	13075	4050.514852814832	1
0	13078	4051.165016090953	0
0	13083	4051.828332187831	1
0	13086	4052.931916800435	0
0	13090	4056.043343496848	0
0	13096	4057.192122138561	1
0	13106	4062.584947112938	1
0	13121	4067.643437865181	1
0	13143	4073.193362717042	2
0	13147	4074.256075707954	1
0	13163	4078.530036014729	2
0	13167	4079.251029898054	0
0	13174	4081.855432605595	0
0	13182	4083.674185821079	1
0	13199	4089.236479145466	1
0	13210	4093.005964931904	0
0	13221	4095.080803856478	1
0	13237	4100.065931647308	1
0	13241	4100.506480556904	2
0	13260	4105.554561923948	2
0	13261	4106.28835686086	1
0	13273	4110.098643675319	0
0	13280	4111.282917788709	1
0	13302	4117.160006634649	2
0	13318	4122.313902401589	1
0	13322	4122.772120272732	2
0	13332	4125.845749021499	0
0	13342	4128.381473520063	1
0	13361	4133.449117152244	2
0	13362	4134.121941273325	1
0	13366	4134.444906447077	1
0	13384	4138.742875996968	2
0	13394	4141.535360530709	1
0	13403	4143.833336664355	2
0	13408	4145.520521083143	1
0	13424	4148.848271290763	2
0	13430	4150.449980041938	1
0	13446	4154.002268682225	2
0	13450	4155.083428893347	0
0	13458	4157.169516515914	1
0	13465	4159.032573494008	0
0	13470	4159.931514518559	1
0	13481	4164.475064350983	1
0	13488	4165.920358332098	1
0	13502	4169.894639538128	0
0	13510	4171.901140253749	1
0	13512	4172.245980782893	0
0	13521	4175.990831513531	0
0	13527	4177.026984196613	1
0	13540	4182.1253547439	0
0	13545	4182.614334779783	1
0	13550	4184.380014900689	0
0	13553	4185.638739459091	0
0	13559	4188.600874930844	1
0	13570	4194.352787273694	1
0	13581	4199.741677823235	0
0	13587	4200.003452948518	1
0	13589	4201.704025231877	0
0	13594	4204.206791764114	0
0	13600	4205.625530051989	1
0	13614	4211.521296347714	1
0	13632	4217.063561534499	1
0	13633	4217.184895063159	0
0	13637	4218.537526983757	0
0	13647	4222.121480165039	1
0	13651	4224.394110586833	0
0	13657	4226.60564400243	0
0	13662	4228.101022067935	1
0	13672	4233.475887104858	1
0	13676	4235.977894377999	0
0	13684	4238.850600218972	0
0	13688	4239.196326830181	1
0	13700	4244.872793068633	1
0	13715	4250.357416678442	1
0	13722	4252.648509707177	0
0	13733	4255.696616905963	1
0	13751	4260.807612953231	2
0	13771	4266.597006333282	2
0	13774	4267.142525222842	0
0	13776	4267.28311995218	0
0	13781	4269.840973007716	1
0	13787	4271.886550636252	1
0	13803	4277.317091382097	1
0	13817	4281.484494403226	1
0	13827	4282.907413250522	2
0	13836	4285.852447700096	1
0	13845	4288.457037979146	0
0	13849	4288.790117191837	1
0	13869	4293.859560391388	2
0	13870	4294.027967225633	0
0	13877	4295.616350379527	0
0	13879	4296.205103169533	0
0	13886	4299.514515603182	1
0	13893	4303.937349771137	1
0	13899	4305.0865354	1
0	13915	4310.42548996465	1
0	13920	4311.983428929338	0
0	13933	4316.033105343102	1
0	13941	4319.08358281314	0
0	13952	4321.68322256439	1
0	13965	4326.344402832548	0
0	13970	4326.795542719295	1
0	13981	4330.558247035359	0
0	13984	4331.011437121534	0
0	13989	4331.863351928988	1
0	13994	4333.997615075309	0
0	14003	4337.6473387007	1
0	14017	4342.744339365033	1
0	14026	4346.445643297964	0
0	14034	4348.517245008597	1
0	14051	4352.525498582153	0
0	14056	4353.730765668662	1
0	14058	4353.961513413917	0
0	14060	4354.508956346067	0
0	14071	4359.201002683012	1
0	14073	4359.821634257663	0
0	14080	4363.963607884232	0
0	14084	4364.894870861886	1
0	14097	4370.178661785075	1
0	14106	4374.13941120483	0
0	14112	4375.496502703974	1
0	14121	4379.228181663656	0
0	14127	4380.757508664494	0
0	14131	4380.934064064627	1
0	14142	4386.781798685189	1
0	14145	4388.230457564338	0
0	14153	4392.636451385436	1
0	14169	4398.229307509014	1
0	14188	4403.338362357799	2
0	14201	4407.818051894997	0
0	14208	4408.544215818156	1
0	14217	4411.808329356937	1
0	14223	4413.33719688606	0
0	14230	4414.015287640725	1
0	14243	4418.065056581734	0
0	14248	4419.158937798102	1
0	14255	4421.680222485086	0
0	14269	4425.14853422389	1
0	14286	4430.581102163866	0
0	14292	4431.080708161216	1
0	14310	4436.19078460055	2
0	14318	4437.792009666899	1
0	14322	4438.836631565459	0
0	14332	4441.322302975911	1
0	14339	4443.496190557128	0
0	14341	4443.600247278214	0
0	14349	4446.402603480718	1
0	14356	4448.939602867105	0
0	14363	4451.860242447569	1
0	14368	4453.743443009546	0
0	14371	4455.522927074678	0
0	14374	4457.510966228423	0
0	14378	4457.773072407334	1
0	14385	4462.776931786197	1
0	14398	4468.670159408576	1
0	14400	4470.066984746824	0
0	14411	4474.613530759686	1
0	14416	4476.430050606592	0
0	14425	4480.257141669966	1
0	14438	4485.560911970433	0
0	14443	4486.000490073101	1
0	14451	4489.256146481832	0
0	14459	4491.57654015509	1
0	14474	4496.710681913174	1
0	14483	4499.555937528247	0
0	14488	4501.429876805735	0
0	14494	4502.380329219378	1
0	14509	4507.856324848705	1
0	14530	4513.591321740286	2
0	14545	4517.739879200806	1
0	14549	4518.888606610697	0
0	14556	4519.570809786195	1
0	14571	4524.408720602733	0
0	14576	4524.862058237415	1
0	14584	4527.408992595029	0
0	14588	4528.231726481683	0
0	14594	4530.248672268108	1
0	14606	4534.923592312247	0
0	14611	4535.6196334164	1
0	14627	4541.617026646376	1
0	14645	4546.862564811936	2
0	14646	4547.050089186162	0
0	14650	4547.921792779803	0
0	14663	4552.49361325543	1
0	14670	4556.351043846329	0
0	14677	4558.252088701572	1
0	14681	4559.676030026619	1
0	14695	4563.945430110661	1
0	14707	4568.230611846653	0
0	14715	4569.112998828279	1
0	14736	4574.37908335867	2
0	14747	4578.109351861043	0
0	14753	4579.455096165404	1
0	14763	4582.950438397921	0
0	14766	4583.025545494966	1
0	14773	4584.825281653773	1
0	14778	4586.687108555564	0
0	14790	4589.86999213019	1
0	14795	4591.921165855006	0
0	14798	4593.005515611599	0
0	14806	4595.593877325054	1
0	14811	4597.530792733058	0
0	14822	4600.845314948806	1
0	14838	4606.254462045371	1
0	14856	4611.535668322104	2
0	14873	4616.388234983186	0
0	14877	4617.003110720529	1
0	14889	4620.633491208531	1
0	14899	4622.734450308592	2
0	14903	4624.054642901276	1
0	14912	4626.185191682642	0
0	14914	4626.567030364051	0
0	14921	4628.276230837903	1
0	14936	4633.494328530259	1
0	14940	4635.014026360691	0
0	14955	4639.299453971661	1
0	14977	4644.450015726486	2
0	14998	4650.182346843868	2
0	15005	4652.502395006466	1
0	15007	4652.724623969742	1
0	15019	4655.340570001384	2
0	15028	4658.483646775817	0
0	15038	4660.83135102036	1
0	15039	4660.868799349977	1
0	15042	4661.604222408481	0
0	15057	4665.854807783138	1
0	15061	4667.286408485019	0
0	15074	4671.445918422878	1
0	15075	4672.090778050816	0
0	15077	4672.109478119399	0
0	15087	4676.580785801389	1
0	15102	4681.958689131529	1
0	15104	4682.487076313921	0
0	15106	4682.737442849424	0
0	15110	4684.594662469101	0
0	15115	4686.853406011813	0
0	15119	4687.370337493705	1
0	15127	4692.610418553684	1
0	15138	4697.685867574984	1
0	15150	4701.697397063007	0
0	15157	4703.278910624316	1
0	15159	4704.258048203296	0
0	15164	4707.093567312915	0
0	15169	4708.292462270461	1
0	15181	4713.392829033067	1
0	15196	4718.5066950966	1
0	15199	4718.649451246588	0
0	15205	4720.774168619525	0
0	15214	4723.886238979628	1
0	15229	4729.293282438056	1
0	15240	4733.033793420752	0
0	15250	4735.158121163245	1
0	15265	4739.455824044403	0
0	15274	4741.023161511389	1
0	15294	4746.512269329732	2
0	15317	4752.393033852555	2
0	15318	4752.686571291052	0
0	15320	4752.764735496007	1
0	15338	4758.238765865086	1
0	15347	4761.4539349306	1
0	15359	4763.768731961945	2
0	15379	4768.872239686768	2
0	15391	4772.422848937322	1
0	15393	4772.57803124351	0
0	15401	4774.388206824181	1
0	15412	4777.726678845692	1
0	15414	4777.909026247669	0
0	15422	4779.837052459582	1
0	15442	4785.42348515986	2
0	15451	4787.234305693171	1
0	15461	4789.597043061965	0
0	15467	4790.547321482315	1
0	15474	4792.776429142207	0
0	15487	4796.546917841058	1
0	15500	4801.365155716412	0
0	15506	4802.228157355204	1
0	15507	4802.315332450659	0
0	15515	4805.251191076575	0
0	15522	4807.290183515042	1
0	15539	4812.969014122138	1
0	15558	4818.208940458471	2
0	15568	4821.453377731129	0
0	15578	4824.18183814244	1
0	15579	4824.782536853326	0
0	15589	4827.632697671289	1
0	15599	4829.863605522305	1
0	15612	4834.417041710682	0
0	15616	4835.468759867583	0
0	15620	4835.501746310607	1
0	15636	4840.940874913229	1
0	15655	4846.034534392866	2
0	15673	4851.416945028569	1
0	15677	4851.544961351656	2
0	15682	4852.890774202288	0
0	15691	4856.239385416022	0
0	15695	4857.129848262981	1
0	15709	4862.228393486223	1
0	15732	4867.863271869474	2
0	15742	4870.508744037932	0
0	15746	4872.057622708833	1
0	15752	4872.969182243093	1
0	15759	4874.593438335799	1
0	15774	4878.742557522363	2
0	15783	4881.186666513899	0
0	15787	4882.289846608288	0
0	15793	4883.774735349218	1
0	15798	4885.673799290309	1
0	15810	4889.721245880692	1
0	15831	4894.851635576679	2
0	15843	4898.585554563312	0
0	15846	4899.019895523309	0
0	15852	4900.219195645989	1
0	15869	4905.619552923122	1
0	15874	4907.154356158793	0
0	15877	4907.757037222139	1
0	15892	4911.509091646399	1
0	15910	4916.563796432444	2
0	15928	4921.433755255875	1
0	15933	4921.977262292511	2
0	15950	4927.030059468921	2
0	15960	4930.064525843119	0
0	15967	4932.313418558553	1
0	15969	4932.447022534661	1
0	15971	4932.784868497971	0
0	15975	4932.868657642266	1
0	15991	4938.712118195359	1
0	16000	4941.345890965882	0
0	16011	4944.627822556755	1
0	16018	4946.92733687301	0
0	16030	4950.563675176342	1
0	16046	4955.548231200537	0
0	16050	4955.673395188049	1
0	16051	4955.871076103987	0
0	16060	4958.79508290194	0
0	16062	4959.81363796267	0
0	16067	4961.395520270326	1
0	16078	4966.593778788335	1
0	16086	4971.006046182349	0
0	16092	4971.879985285214	1
0	16097	4974.262201069494	0
0	16105	4977.714099597175	1
0	16120	4983.660216750799	1
0	16137	4988.830537634658	2
0	16160	4993.9379290752	2
0	16175	4998.049649311687	1
0	16182	4999.859187005775	2
0	16188	5001.592979115658	0
0	16191	5002.179112430652	1
0	16193	5002.295319350312	1
0	16203	5005.835057919601	1
0	16204	5005.877943710996	0
0	16220	5011.062916169398	1
0	16238	5016.019627304619	0
0	16243	5016.728402415978	1
0	16245	5017.126867944131	0
0	16247	5017.490887200797	0
0	16257	5022.108182221873	1
0	16271	5027.374397311116	1
0	16277	5029.332592939717	0
0	16289	5032.480132960471	1
0	16298	5034.680316851813	0
0	16310	5037.841522201652	1
0	16320	5040.5971911142	0
0	16323	5041.435425877444	0
0	16330	5043.686476795225	1
0	16337	5045.821194567707	0
0	16340	5046.707161768911	0
0	16347	5049.191608394253	1
0	16348	5049.577273182443	0
0	16356	5054.250685667842	1
0	16366	5059.597513638893	1
0	16384	5065.209805080192	1
0	16388	5066.501446754543	0
0	16401	5070.774542255085	1
0	16409	5073.074848538838	0
0	16415	5075.077544143064	0
0	16420	5075.816537047029	1
0	16432	5081.214824293381	0
0	16437	5081.444078551596	1
0	16447	5086.410319796056	0
0	16452	5087.265188226933	1
0	16467	5093.064820394144	1
0	16487	5098.528228361616	2
0	16491	5099.519773146129	0
0	16505	5104.112769323625	1
0	16509	5105.077872843008	1
0	16527	5109.116205165154	2
0	16541	5113.037734655073	0
0	16547	5114.536394124844	1
0	16551	5115.081590323002	1
0	16560	5117.889557161944	0
0	16562	5118.023134457521	0
0	16571	5120.462856873629	1
0	16585	5126.315043762085	1
0	16604	5131.921153688562	2
0	16611	5133.60460148169	1
0	16614	5134.204072461804	0
0	16627	5137.647895000401	1
0	16638	5140.470722884864	0
0	16648	5142.867237177669	1
0	16667	5148.294203247634	0
0	16673	5148.81070718471	1
0	16694	5154.657272027797	2
0	16700	5156.156260374929	1
0	16711	5159.192989993017	0
0	16718	5160.165438707211	1
0	16737	5165.886147762175	2
0	16751	5170.042256826876	0
0	16757	5171.742548948844	1
0	16763	5173.983156441007	1
0	16775	5177.30266785912	0
0	16779	5177.347475063979	1
0	16790	5180.986362811634	0
0	16798	5183.207225958343	1
0	16805	5184.60843633592	0
0	16817	5188.586350568329	1
0	16838	5194.584110096554	2
0	16842	5195.716984242658	0
0	16848	5197.681506132	1
0	16855	5199.707850591271	1
0	16860	5201.402739795033	0
0	16871	5205.278167561387	1
0	16877	5206.555389579843	0
0	16882	5207.571530141976	0
0	16886	5209.054816076641	0
0	16893	5211.236696897998	1
0	16902	5216.830681167184	0
0	16906	5217.175017548251	1
0	16916	5222.378012866938	1
0	16931	5227.685879306394	1
0	16941	5231.12345701723	0
0	16949	5232.766168866298	1
0	16965	5237.468788743009	0
0	16973	5238.597169980631	1
0	16974	5238.838611205684	0
0	16988	5243.834064154411	1
0	16991	5244.732608378973	0
0	17005	5249.055700178249	1
0	17018	5253.228103042339	0
0	17024	5254.366892530108	1
0	17027	5255.031567715215	0
0	17037	5257.88137581152	0
0	17042	5259.480867135096	1
0	17049	5261.932165287309	0
0	17059	5265.340703762127	1
0	17070	5270.087095140237	0
0	17076	5271.206700986475	1
0	17091	5276.560781586673	1
0	17105	5281.79943475103	0
0	17110	5282.025417585615	1
0	17131	5287.529182385411	2
0	17141	5290.002861532488	1
0	17144	5290.585950737924	0
0	17154	5292.578403226556	1
0	17166	5296.487500431122	0
0	17169	5297.349612441488	0
0	17175	5298.318958027279	1
0	17176	5298.515509689799	0
0	17188	5303.364200249305	1
0	17194	5305.553610351626	0
0	17203	5308.543870144282	1
0	17221	5313.984500015844	1
0	17222	5314.049070358035	0
0	17236	5319.066321152486	1
0	17251	5323.683247941886	0
0	17256	5324.562609617589	1
0	17275	5330.285198198271	0
0	17279	5330.501454681847	1
0	17281	5331.445646575295	0
0	17285	5332.631446901585	0
0	17294	5335.83577472669	1
0	17306	5339.947400454889	0
0	17308	5340.796251715265	0
0	17312	5340.936180658628	1
0	17323	5346.091536057637	1
0	17333	5349.455507912778	0
0	17339	5351.360519712548	1
0	17355	5356.99745430028	1
0	17360	5358.813397161071	0
0	17368	5361.740559774323	0
0	17373	5362.882488747117	1
0	17387	5367.758004409716	0
0	17391	5368.672142951273	1
0	17392	5368.732859183092	0
0	17405	5374.086903714099	1
0	17406	5374.177928466923	0
0	17417	5379.383095008311	1
0	17433	5384.803021317338	1
0	17441	5387.315304015869	0
0	17444	5387.579400533335	0
0	17449	5390.391932253482	0
0	17453	5390.628606066796	1
0	17458	5393.590092044664	0
0	17465	5396.043851614919	1
0	17468	5398.228521638307	0
0	17474	5401.126384565596	1
0	17486	5406.217709628854	1
0	17490	5408.175818193345	0
0	17502	5411.477768721514	1
0	17517	5416.672018563597	1
0	17518	5417.631308732894	0
0	17536	5421.903152796196	1
0	17549	5425.82499104772	0
0	17553	5426.753364974738	0
0	17558	5427.47435089479	1
0	17576	5433.47350741945	1
0	17578	5434.546018308483	0
0	17585	5436.203454600634	0
0	17587	5436.682243453443	0
0	17593	5439.034997740283	1
0	17597	5441.451241624645	0
0	17603	5444.64440996804	1
0	17611	5449.942625864396	0
0	17615	5450.259542305476	1
0	17616	5450.551247349579	0
0	17624	5456.030430177913	1
0	17637	5461.935800623137	1
0	17651	5467.445200834179	1
0	17670	5472.751718457078	2
0	17691	5478.491500694293	2
0	17694	5479.035132281703	1
0	17697	5479.489634897316	1
0	17714	5483.573346643464	2
0	17727	5486.972828196699	1
0	17739	5489.421232034208	2
0	17745	5491.322583374554	0
0	17758	5495.27369565632	1
0	17763	5496.34598077786	0
0	17777	5500.320163779182	1
0	17792	5505.445879015594	0
0	17797	5506.241859673045	1
0	17809	5510.487501104234	0
0	17819	5512.146510323265	1
0	17821	5513.081289699285	1
0	17839	5517.426381760265	2
0	17847	5519.384531064528	0
0	17853	5521.352678380778	0
0	17859	5522.982729975355	1
0	17870	5527.828813477991	0
0	17876	5530.657453186445	1
0	17885	5535.564891286644	0
0	17894	5547.089377733634	0
1	19	14.581334907678	8.937191377278
1	65	31.878956506029	9.740959982854
1	82	36.384466001765	19.653159579962
1	110	43.364371212549	32.339479191113
1	119	45.081836941186	11.512632405618
1	122	46.204649122783	18.53795843234
1	165	60.589266569704	21.547682910111
1	167	60.810056330754	16.501179505956
1	230	76.470117916819	26.8218740304
1	239	79.670867081498	18.80416897498
1	252	82.249331051832	26.607902692979
1	259	84.807218898439	18.91931489797
1	283	91.938942645793	5.271905001602
1	314	99.673238197925	23.474337644061
1	322	102.61118441308	10.008553685155
1	330	103.869672066417	22.644821020659
1	338	108.30443213158	37.131376419213
1	389	123.572148431905	25.068528160101
1	408	128.570198189467	24.772666840814
1	412	129.609238482081	20.780640404672
1	424	133.287192484012	13.268726550622
1	442	138.04882542812	12.850728122515
1	446	138.964054108248	2.743496432552
1	454	142.03988717089	27.260252989247
1	480	152.609743104548	10.740689089754
1	492	156.651306547222	25.740337087538
1	526	167.122009811107	8.45913985616
1	543	171.664202900602	23.813981077167
1	552	175.607162463712	22.0410183582
1	575	181.70579353592	17.89778124157
1	620	195.285468249583	25.498578160537
1	631	198.448901472495	22.78056397999
1	657	204.945023052045	7.639270261279
1	662	206.430472768725	14.481353293753
1	679	210.69850351033	23.915956218496
1	685	212.279842321528	3.600435228087
1	689	214.446761617554	33.060020104633
1	716	225.37357835588	22.171750706853
1	749	234.980405356969	9.425390357153
1	769	240.451491184648	25.893410128191
1	818	253.668272068492	22.56262044469
1	820	254.081675868364	17.1855351181
1	822	254.647850061884	35.086128543714
1	826	255.885417066048	8.057935788529
1	836	261.588467543712	1.925935894717
1	847	268.306416877313	26.196594540497
1	849	268.961275299429	3.552533357288
1	895	286.151570133631	3.636167210759
1	906	288.738421770977	35.071283109254
1	931	295.436033236911	18.682145557949
1	936	297.12390059093	25.885114308447
1	997	315.478095875237	27.612127212225
1	1023	322.749977500761	29.869712223184
1	1038	325.705589195364	21.222060797387
1	1043	326.689106261007	6.563540463684
1	1046	327.739316452062	28.900908755372
1	1069	335.527141100727	25.882602866507
1	1072	335.912843587692	4.668069815147
1	1080	338.56216389593	23.448880306681
1	1118	351.327154874804	25.878717037619
1	1131	354.610974419512	6.697657097247
1	1152	360.680225741467	23.949775817455
1	1157	361.732786720269	2.792189805187
1	1166	365.12969824078	11.70926666318
1	1185	373.715310745523	31.738357497496
1	1200	378.275905030778	13.782543169567
1	1242	390.528447831514	20.512099382235
1	1248	391.573601689769	16.37015329243
1	1268	398.452373447945	17.765004620307
1	1282	401.814783279899	10.649597168085
1	1323	413.924704413045	27.9506822041
1	1333	417.28499171126	10.551195449778
1	1338	418.162990270648	21.90987632936
1	1361	428.559440407203	27.140697761673
1	1396	438.326636412063	9.016042191186
1	1416	444.871623805491	27.080440107967
1	1419	445.105935951346	32.66796357732
1	1429	447.208863330189	23.600069363253
1	1442	452.485292778118	17.252736048542
1	1447	452.772381710701	11.61168696836
1	1478	465.353538571274	18.472818994313
1	1502	472.598086316022	14.459890958039
1	1532	480.761949955252	28.240179116838
1	1542	483.671508237019	20.396613908698
1	1564	489.480860159613	20.95966766367
1	1583	494.282703999428	9.227361781755
1	1587	495.279123877988	15.696661519701
1	1616	504.483971227542	29.980406327523
1	1650	513.615743024971	11.16666432307
1	1660	517.47931336693	26.434569965467
1	1690	526.571991473901	7.776339381002
1	1708	532.041477456223	24.115010479932
1	1711	532.922409619318	36.273451902552
1	1725	536.790949777467	6.798828829779
1	1750	544.398186541277	19.902716372045
1	1752	544.422199418183	31.248949943923
1	1762	548.321761227677	6.608543646055
1	1769	551.844657582581	15.940659770627
1	1797	562.817706029863	15.309354957427
1	1829	572.753353451962	14.313250444948
1	1833	573.997326422363	20.98858279071
1	1859	582.268149763111	18.057328114984
1	1868	585.536763072014	9.605818714715
1	1892	593.192646420442	23.151876845978
1	1908	598.016205027231	11.031467400489
1	1911	599.056795817799	17.130645712139
1	1915	599.835747385979	7.302197925863
1	1970	620.61236595281	22.769715700649
1	1979	623.626871137995	19.952697076485
1	1996	629.279898352573	14.704877404149
1	2005	631.331977997558	21.923652480009
1	2036	640.873566909692	20.856473450782
1	2042	642.909454253269	11.762086093893
1	2057	647.797243363223	10.712050208124
1	2063	649.045815932914	23.224042050659
1	2097	661.669032547738	2.417872591759
1	2116	666.906569115465	18.185274515881
1	2118	667.397236460703	13.552792699426
1	2123	670.509481709332	27.451376642216
1	2132	673.589236548752	8.499054907705
1	2172	690.430261255008	13.715355292893
1	2186	694.501403050847	7.058855535579
1	2208	699.991537559309	29.169646853346
1	2213	702.476263656397	20.309926816844
1	2224	705.479473657325	7.224754615571
1	2258	716.695933038601	24.147667854092
1	2276	722.356172808796	18.119171403465
1	2283	725.294837210327	15.237994552123
1	2291	727.854804346455	11.879336436395
1	2303	733.959489149042	7.08881311235
1	2325	742.75174720306	21.652691462775
1	2346	749.665842041258	10.950506722205
1	2359	753.584280981219	9.795730615268
1	2369	756.091435882031	6.419535720953
1	2387	763.742570903854	30.952550941149
1	2396	766.937401633246	6.420294241514
1	2404	771.213601712722	5.090462464956
1	2423	778.788470821456	23.726729935267
1	2444	787.0848324633	4.247627098463
1	2453	789.22077827121	17.418886239292
1	2462	793.564033336009	5.037461839151
1	2473	797.85094805714	20.588267114246
1	2493	806.527185370797	12.3828769956
1	2517	816.020213384881	16.680264420341
1	2540	822.773810398419	17.511717830902
1	2546	823.970532278183	7.452124821138
1	2573	833.367789730082	11.433432135381
1	2604	842.516061392382	31.286002568202
1	2611	843.96983943123	16.816457280073
1	2671	860.959823146231	28.707597981672
1	2674	861.526564036383	12.894726871864
1	2690	866.429688129111	29.092393271626
1	2692	866.830648725854	23.533520696219
1	2747	881.533046220546	27.686281912843
1	2754	883.619965736639	18.602404907463
1	2756	884.032600101433	7.854682663805
1	2788	894.724720614963	24.188271620544
1	2790	894.813752130842	35.050208607459
1	2794	895.972314856366	3.380039576558
1	2813	903.875035788516	5.448715329985
1	2850	914.810771578341	28.192005691933
1	2871	920.336242473573	39.060900325077
1	2881	922.264315781417	18.222129767527
1	2900	928.159331249422	13.252815403625
1	2925	935.341163944805	25.992179040682
1	2930	936.245829849156	4.164101249422
1	2942	939.351667704993	18.475247345166
1	2950	942.820187129081	16.316333194728
1	2957	945.408687823453	2.044920495711
1	2978	954.798785031309	5.86850724509
1	3006	965.893270408736	11.658295011613
1	3013	968.583875707585	31.048362961039
1	3058	982.342387889166	16.50250163267
1	3071	986.937912567638	10.276805180009
1	3079	988.885660570349	28.894260001368
1	3084	991.086951405861	19.896611170029
1	3094	994.184056867733	11.955897563255
1	3133	1008.013773687303	15.534772915649
1	3136	1008.494656301107	4.77920742752
1	3150	1012.356867870316	25.105301502624
1	3152	1012.621921205665	14.380252060016
1	3188	1025.544046608617	16.446208418928
1	3256	1043.839690858034	19.073051140177
1	3258	1044.156814825723	29.950309068895
1	3260	1044.159140719569	24.922670006752
1	3268	1046.907845259995	11.174268281902
1	3280	1052.569510164091	5.978461761843
1	3294	1058.334790105468	28.284900081111
1	3326	1068.886935456425	16.366941870656
1	3331	1070.354226027268	12.413182453369
1	3360	1078.926708239249	37.965820986661
1	3383	1084.606024252602	4.787295333226
1	3400	1088.603519492669	3.730384977186
1	3417	1092.94850519695	24.284226493439
1	3440	1100.121726387998	36.52527576557
1	3449	1101.891934595888	6.695901364205
1	3456	1103.303561687473	28.994638681646
1	3472	1110.379822232762	3.331442557508
1	3498	1119.384332286197	29.299662153936
1	3503	1120.694449738368	7.791116113309
1	3525	1128.963665683638	10.574727514642
1	3533	1130.976148796153	29.858637973317
1	3593	1150.619137770151	26.788090362566
1	3611	1154.907110573027	25.318121470977
1	3615	1156.031207545781	21.206306982206
1	3617	1156.423674562135	16.255144701225
1	3656	1169.828335703704	23.92990725057
1	3690	1179.466909062121	27.686765532011
1	3724	1188.605578063524	31.049349224894
1	3741	1192.146882643462	28.594053947602
1	3745	1192.929660922851	18.100043992047
1	3761	1197.965158057983	28.417336818645
1	3785	1205.223769416337	19.15721980529
1	3809	1212.212935701714	9.749027844519
1	3814	1213.227605984782	32.412192368415
1	3838	1219.124412231383	28.00444086874
1	3843	1220.489780266654	23.869884224724
1	3858	1226.579767333579	18.504146819003
1	3884	1234.346320861256	20.729335955811
1	3893	1236.425451436315	12.197098933626
1	3943	1250.315327131424	31.656590947415
1	3954	1252.639828457966	18.091818510788
1	3957	1253.146303739283	23.638896315939
1	3996	1266.600640637222	26.98162392655
1	4012	1270.533983967851	2.821547592174
1	4036	1276.946296119715	31.781657216487
1	4047	1279.366506401803	23.015140544974
1	4051	1280.399599515369	18.640106162521
1	4060	1283.831490874991	33.245349572272
1	4074	1289.489939889989	10.948313350904
1	4092	1295.303843246893	22.290715540876
1	4147	1310.480877834611	20.413360393142
1	4161	1313.662777762866	6.734833269149
1	4170	1316.084700849378	32.010010440602
1	4185	1319.534380194969	23.829516333063
1	4193	1322.7718623163	21.810285819812
1	4203	1325.666752351917	7.464828119147
1	4237	1337.793785114663	24.931671061672
1	4240	1338.42631851952	8.471216630889
1	4243	1339.949759318731	15.921368715354
1	4285	1354.93321436772	13.819293107022
1	4302	1360.092355538165	13.945037310013
1	4320	1364.94267197885	29.577256100718
1	4338	1371.073700896935	8.105184962043
1	4352	1374.960258631389	6.382215271355
1	4355	1375.488829821467	23.577512743765
1	4384	1386.335658078436	28.811595413486
1	4396	1389.687970410921	4.103896873654
1	4408	1393.581599982807	13.39169533795
1	4410	1394.445174841097	20.073017447371
1	4466	1414.3852140141	22.975164835458
1	4505	1425.117231856455	16.974313882297
1	4515	1427.506917650468	31.017930501724
1	4539	1435.478595984988	33.044562409283
1	4558	1440.858691537407	15.497954074642
1	4569	1443.291673042003	29.341236425216
1	4574	1444.202845265742	13.043740177875
1	4579	1446.421186725031	3.808043561527
1	4612	1456.513894138629	2.282820405672
1	4644	1466.090549209158	17.67189043411
1	4646	1466.191671817684	6.217078931048
1	4650	1468.419976022798	31.361379965908
1	4664	1476.27523236117	56.619570154931
1	4708	1487.864709372286	16.970280999899
1	4743	1497.418075676895	15.531011884683
1	4745	1497.82034323528	21.107983446681
1	4760	1502.533659416951	9.276633094296
1	4769	1505.531792543021	39.691517445379
1	4775	1507.680584402875	4.152243162389
1	4814	1520.069353771172	32.509793376788
1	4834	1525.392115177591	26.95902472199
1	4852	1529.565988181279	3.287353387918
1	4871	1535.39843391453	14.600143478604
1	4890	1540.377760255128	31.068163276531
1	4894	1541.099663696488	26.011211263482
1	4919	1549.790853281392	6.854401743156
1	4924	1550.769332155355	13.521872907644
1	4934	1555.187056775329	23.322648848528
1	4938	1556.807903407377	2.861518329708
1	4985	1574.094523656537	25.671175083032
1	5043	1589.081965873019	24.370818935799
1	5049	1590.775965053359	21.007442221512
1	5053	1592.038045997851	33.05944028718
1	5064	1594.497352679496	18.758692204487
1	5071	1597.592119117153	10.457962039043
1	5090	1603.636659569459	22.125117276912
1	5092	1604.127627252138	5.314388151514
1	5139	1620.386338618937	27.571411096842
1	5159	1625.547480376905	15.823394650127
1	5174	1629.044416948341	2.352300290601
1	5206	1637.890652279256	16.825916733011
1	5214	1639.584190722091	35.111359110567
1	5223	1642.988907012278	27.409151260161
1	5268	1655.510072403125	12.381266090088
1	5293	1663.446498437789	31.735403584551
1	5297	1664.728684639211	16.067614767816
1	5302	1665.37684230728	27.826967451606
1	5308	1667.827634422462	14.115244607326
1	5361	1684.427602561076	24.720789434038
1	5405	1695.915625489436	31.028657732881
1	5419	1700.30728394236	30.077035189842
1	5443	1706.320031607525	30.144083731807
1	5454	1709.483127861749	22.659735589985
1	5460	1710.593591251298	18.623656432962
1	5467	1712.49573578255	2.754595429986
1	5521	1730.436011544314	15.478874648572
1	5528	1731.815531425532	34.010718763227
1	5532	1732.574002961517	51.277862583407
1	5554	1738.486161010811	34.703282940904
1	5557	1738.65401406924	17.705204435974
1	5563	1741.62517147011	15.366507834407
1	5598	1752.34162053862	20.722882466858
1	5609	1755.136048450135	6.64796669688
1	5639	1765.090007646244	4.903032551287
1	5647	1766.14369573561	28.61698294408
1	5653	1767.799468367477	25.154877200605
1	5669	1774.475899587503	2.565742756589
1	5688	1782.216919357193	27.763985441068
1	5722	1793.293368841639	15.873770269914
1	5733	1795.660766953954	29.716301072739
1	5743	1798.733208373423	15.850251849973
1	5756	1803.271336463747	15.055420031305
1	5807	1818.441045921065	24.403197214008
1	5813	1820.147165703006	20.264346564305
1	5842	1827.802212410839	17.708505556685
1	5860	1832.967531191768	27.981385585503
1	5878	1839.014523271937	17.645301364827
1	5883	1840.414042812539	24.357776466523
1	5924	1852.120593305214	19.387649634389
1	5928	1853.079529176117	25.746994330663
1	5961	1863.079347173918	24.598209740362
1	5983	1870.0323736968	2.923907260178
1	5989	1871.70126387966	27.415930060437
1	6014	1879.997435830768	24.543335936498
1	6031	1884.807188768988	34.607364731025
1	6047	1889.893790539704	11.18365581741
1	6050	1890.201326239857	17.102914329387
1	6066	1895.437557728612	34.000274019431
1	6080	1899.040321646842	3.411003966001
1	6104	1906.845568744817	16.55596142856
1	6134	1915.931702680885	31.547054545719
1	6154	1920.912020800287	4.663374790805
1	6172	1925.758681024425	19.934934008865
1	6193	1931.960115343451	20.959869171377
1	6212	1936.853390495175	36.180524893684
1	6223	1939.751381784562	18.296877573593
1	6244	1945.011084477535	17.634598998469
1	6282	1956.570206158795	24.132760117993
1	6289	1958.2688178455	14.526636468013
1	6300	1962.225602566614	13.020274767069
1	6302	1962.322800117314	23.96390867373
1	6343	1974.677289028653	3.968420049176
1	6355	1977.479150738337	23.232514960693
1	6357	1977.702836129816	18.081476549386
1	6367	1981.872641536176	16.255200163229
1	6406	1994.349424696295	18.377916221041
1	6409	1995.472819900257	14.217977686669
1	6430	2002.698553636206	15.804666156649
1	6448	2008.582128902314	11.311574693652
1	6480	2017.486469062862	25.269638674452
1	6492	2019.910777955665	5.84652035113
1	6513	2026.449874878742	23.512611405107
1	6520	2029.605746339193	20.767882399379
1	6553	2038.069198103387	13.357975736492
1	6555	2038.589978743692	19.184344067121
1	6602	2053.32089175703	23.429146076087
1	6609	2055.300631868885	19.52817516867
1	6626	2060.26378247293	13.238545719649
1	6630	2061.4673841669	20.235007933458
1	6650	2068.439104956341	15.841946200933
1	6719	2089.038608439148	25.072449032332
1	6723	2089.975306926062	31.824913447257
1	6743	2096.395560106843	21.340601337491
1	6773	2103.257424835347	34.154487702762
1	6796	2109.66748339834	18.247044769698
1	6816	2115.509307677042	18.286381876214
1	6820	2116.625644939833	31.192614715895
1	6834	2120.882681463611	7.050239345059
1	6851	2125.736989794414	45.438690568204
1	6871	2130.39755441842	22.2930676447
1	6903	2138.919580970306	35.8968132484
1	6916	2142.652142337753	18.108606515684
1	6918	2142.788682707001	23.458855996257
1	6946	2153.959170790621	12.232351713349
1	6967	2160.840174032372	30.695018718018
1	7011	2172.763108812039	13.767575212756
1	7017	2174.106960624106	26.807767826017
1	7022	2174.797476357197	5.091616726365
1	7025	2174.983993721424	39.199741013812
1	7033	2178.956786009014	14.811076141194
1	7041	2180.759091837213	27.5853182188
1	7050	2184.662805258643	9.914049391285
1	7091	2198.864365919258	8.220003124559
1	7093	2199.256585796248	19.396338967493
1	7152	2217.93863696325	32.923828566909
1	7158	2218.769165949312	11.643647185411
1	7176	2223.669334427218	27.482658702414
1	7182	2225.831652832331	7.756037406739
1	7185	2226.965305632328	25.424997295603
1	7219	2236.856405426396	13.489675609976
1	7232	2240.867534659103	28.510906545446
1	7239	2242.86698449589	8.730609042336
1	7252	2248.065272505161	8.331316487864
1	7284	2258.279439843492	29.305333308178
1	7327	2269.102676304172	7.151335863047
1	7340	2273.19670535589	21.847243191791
1	7342	2273.250834097852	27.692050262122
1	7362	2279.781908883945	6.607279079967
1	7372	2283.765393170179	27.074385687128
1	7397	2291.802177423961	24.465402526434
1	7410	2294.675086147732	16.119055890362
1	7412	2295.369642356641	10.960373163689
1	7446	2308.311293461821	17.929356293751
1	7452	2310.055677600552	8.411696414115
1	7469	2316.718750728755	9.516378656261
1	7480	2320.180497262391	7.439034609823
1	7501	2328.974803021756	4.728884814423
1	7507	2330.050047366759	11.460686553385
1	7511	2331.887876003978	35.745866807178
1	7542	2345.394608102618	4.709972126293
1	7555	2349.613456718387	3.694224094507
1	7560	2351.609121222276	21.937588154569
1	7565	2352.431524612703	17.028743759728
1	7569	2355.727820070457	3.913076883183
1	7615	2376.719098114405	2.813408250688
1	7632	2381.886181658714	24.463849852213
1	7637	2383.88301646942	21.023597400171
1	7685	2398.160866298358	12.876529253203
1	7693	2399.949578578815	31.187398344513
1	7703	2402.300284969966	22.868024525582
1	7737	2412.318846210135	21.789892172441
1	7742	2412.764062340833	16.991322554648
1	7747	2414.166627591123	1.600311848219
1	7789	2428.165466985545	26.683290512185
1	7813	2434.268578923421	11.6206342628
1	7824	2437.665647821613	30.763746049604
1	7837	2441.618143847093	2.313489780878
1	7853	2447.979182228328	30.405224859833
1	7858	2449.63708429201	21.452318238093
1	7874	2455.037912424536	21.201099169792
1	7904	2463.678047949562	18.700108473772
1	7910	2465.607845357267	15.098135623266
1	7922	2469.046668691907	13.477680066251
1	7953	2478.003628127274	7.048180634155
1	7970	2484.010405305654	23.371214151499
1	8004	2492.859703475143	16.704088344007
1	8025	2499.851586354079	34.160268378793
1	8034	2502.96491062315	21.597916199593
1	8036	2503.221337725755	5.2895639044
1	8048	2506.322344659941	19.366327651659
1	8056	2508.96903969324	16.875523776282
1	8117	2528.91598297504	14.299298134981
1	8130	2532.135565460423	23.413422892567
1	8137	2534.495949250643	9.528444058261
1	8139	2534.649783470899	31.071723403177
1	8152	2539.353852258295	8.788159399992
1	8155	2540.057480593676	3.643960732268
1	8162	2543.366660930217	23.522919017824
1	8207	2561.816781021771	19.819659560105
1	8251	2573.365488642474	26.255892061743
1	8265	2576.5612425009	18.585006967769
1	8270	2578.080268603513	14.426771472207
1	8295	2585.432439162745	32.731858249639
1	8336	2594.915244129947	26.042643616672
1	8339	2596.107465658916	10.567377164611
1	8341	2596.572097656779	16.066252591786
1	8351	2598.850492016293	23.998201408307
1	8382	2610.513653596624	19.722188229902
1	8397	2614.540908153748	17.798781979014
1	8443	2627.241890587956	19.158145581021
1	8449	2629.660974644934	27.266896417245
1	8457	2631.949190331038	18.395539261982
1	8466	2634.546474067841	9.399524628301
1	8501	2645.689296888417	26.4271541154
1	8514	2649.217156708121	12.805283654132
1	8546	2658.411973698179	27.324026809191
1	8575	2666.929241857721	4.114311581477
1	8588	2670.083062099638	27.969788036425
1	8611	2677.649555590583	30.449221455609
1	8624	2680.492505077735	27.836049891775
1	8628	2681.046208337528	23.24221568217
1	8636	2683.674315585519	9.549887424102
1	8656	2690.146565877248	21.768751890748
1	8672	2695.453176432986	16.189491505969
1	8703	2704.738497128008	7.970117779448
1	8726	2710.769335910325	25.700614167959
1	8743	2716.223471462957	13.535904546502
1	8762	2721.482537319067	30.489656217281
1	8806	2733.73698329087	14.376390774734
1	8825	2738.206472327581	2.36175189272
1	8829	2739.602031713931	15.107087538694
1	8831	2739.886527978926	31.329562138647
1	8834	2741.045947510744	26.938315126344
1	8845	2746.607397368638	16.672282830576
1	8850	2747.306941884102	5.532745704288
1	8868	2758.220238970124	5.715277998475
1	8876	2760.499443329285	2.17654291226
1	8885	2764.938261330473	17.71234630246
1	8916	2780.194033569188	4.454866280547
1	8941	2788.618893070959	18.781966737822
1	8957	2794.184984944992	6.638091703645
1	8977	2801.047726269343	36.992428215454
1	9002	2808.515172620766	9.788012210745
1	9023	2814.744321068629	33.154196843155
1	9039	2819.062218446631	14.703286887263
1	9043	2820.001067282748	26.93010482786
1	9045	2820.460383896015	10.479353918694
1	9066	2829.180290250689	8.12603206665
1	9091	2837.676584290106	22.144287133125
1	9146	2853.786580696233	27.455050240037
1	9152	2854.744751399728	17.384875082526
1	9159	2856.529999573245	24.252890036207
1	9183	2863.95758029923	9.905559660052
1	9202	2869.346048654986	26.138757940382
1	9240	2879.583473690433	30.551834881189
1	9251	2881.999756166592	11.217570373439
1	9255	2882.630227940968	23.402871948782
1	9304	2899.335995774597	7.323433198384
1	9309	2900.466466109381	13.735590942087
1	9312	2901.347430497172	36.208061343757
1	9331	2906.901927939498	31.003768002266
1	9352	2912.73430699948	31.664415727836
1	9379	2919.95265172573	17.662367353798
1	9396	2925.090729748013	17.007384808618
1	9412	2930.213805562581	5.845998323056
1	9420	2933.362121603679	36.221844730663
1	9426	2935.28753908828	21.696798229705
1	9471	2948.070542089057	18.668854378047
1	9475	2949.049502498585	13.73911472701
1	9484	2952.290146315233	32.965495365204
1	9496	2956.549252753376	5.018156007165
1	9515	2962.290187509963	21.689748382896
1	9559	2974.416400682529	17.433501412744
1	9583	2980.823588801892	34.948333094243
1	9598	2984.479819173221	16.85109370644
1	9600	2984.825873876454	22.743252674351
1	9615	2989.921868084343	17.243115033603
1	9638	2997.757874992557	8.241957283928
1	9659	3004.081944692176	20.519369840852
1	9676	3008.185968158995	30.50305830431
1	9718	3020.389317148946	25.652619752452
1	9741	3026.693189000593	21.077965260135
1	9760	3031.468416782443	19.963732736535
1	9762	3031.636950574228	31.501582309484
1	9775	3036.494223826795	13.433951180428
1	9786	3039.184530668192	22.010997165694
1	9807	3046.786529983276	18.076135623153
1	9838	3055.644467414356	16.694441447734
1	9861	3063.069378058192	1.846938938369
1	9872	3066.288556021405	32.520132028965
1	9877	3067.549268949889	17.346633285398
1	9895	3073.202722772722	28.353706391995
1	9923	3081.543322902286	26.007996257277
1	9926	3082.176185510584	10.243613528786
1	9950	3088.671078752376	5.724120991422
1	9958	3091.17895808315	24.581834628362
1	9961	3091.761702638233	14.026051184744
1	9987	3103.405908729412	14.750359116587
1	10042	3119.08264730975	19.176550951435
1	10045	3119.760372232293	25.517647029715
1	10058	3122.947575456343	17.616776653449
1	10079	3129.083530426254	12.516741431318
1	10082	3129.449897325712	18.399807682379
1	10086	3132.410886237626	9.86854874948
1	10106	3139.868019664423	11.936048140051
1	10136	3150.170476712165	17.095063707674
1	10157	3157.171983513977	13.4535984057
1	10175	3162.277114170484	23.868661936257
1	10222	3176.119799156203	27.106159295886
1	10224	3176.443667067795	21.48196775967
1	10253	3184.01984323805	23.132287028127
1	10275	3190.54955664498	24.38774104661
1	10297	3197.498372368394	26.120730966213
1	10334	3206.98644655477	13.085953515024
1	10343	3209.724886596896	33.110619030193
1	10350	3210.467807922741	22.547545943176
1	10375	3217.427377807437	35.082176926079
1	10394	3221.965575806095	6.525915762876
1	10399	3223.557050876665	19.039545014617
1	10418	3229.21559744514	29.707569321849
1	10434	3233.689324190487	2.271467418526
1	10463	3242.152269203329	32.013283197419
1	10483	3248.009562729039	21.756650631432
1	10499	3251.976656387555	31.211444124345
1	10522	3258.702640023544	10.346960911527
1	10534	3261.626260408663	7.986028445653
1	10538	3263.07051996246	26.030948561965
1	10556	3270.367653875373	5.132288257823
1	10563	3271.719537699008	28.836243038414
1	10634	3292.970477982651	33.54359768587
1	10662	3300.525635348279	24.955327644828
1	10665	3301.609337753145	31.16960599902
1	10694	3308.830979562825	22.475551202893
1	10700	3311.012237136713	3.524989241037
1	10702	3311.515055398334	19.79272487678
1	10705	3311.53966681682	30.258869103854
1	10719	3315.938169951081	13.561118322892
1	10732	3321.499946790276	8.308045441052
1	10764	3331.243281543832	2.301928140573
1	10768	3332.760367381615	35.945057489212
1	10770	3332.983127369657	14.274983795011
1	10776	3335.088764177863	11.155952242669
1	10838	3359.439026152242	24.642490010707
1	10841	3359.887326594203	7.537637935951
1	10866	3368.02596788585	5.575376570341
1	10872	3370.140670552961	23.523211948458
1	10877	3371.943879163937	31.301876125045
1	10890	3375.961222512293	8.177553435672
1	10923	3387.338277775092	29.981720600745
1	10937	3391.348386457652	17.95684200642
1	10970	3400.92597295739	22.01430039946
1	10985	3405.061676385922	20.435253509204
1	10997	3408.550689714139	18.010173434275
1	11024	3417.099519293051	9.967368257931
1	11027	3417.771468794316	5.349540894269
1	11037	3419.665796081064	18.068932880881
1	11043	3421.65242072427	25.831364963204
1	11105	3442.402019638212	24.027949835756
1	11129	3448.936956574319	19.140827182797
1	11141	3451.870974125102	27.972355852836
1	11150	3455.096805594157	4.283448155271
1	11169	3461.997062859467	21.907567880464
1	11178	3463.963377929285	18.423082341671
1	11182	3464.923769528158	30.063876080445
1	11195	3469.644426892272	7.399459639098
1	11204	3472.690573998721	15.98408313212
1	11239	3486.126071113039	12.124859326869
1	11265	3494.245814171963	14.436130876305
1	11272	3496.044163678999	27.941802591784
1	11274	3496.225506412556	5.730202497681
1	11318	3511.390989548286	26.480836424976
1	11320	3511.445671628689	15.186019012007
1	11368	3525.576070682139	18.779954044149
1	11371	3526.152514005771	8.672489387682
1	11376	3528.351406986004	27.015893617762
1	11405	3539.317590992309	26.838073951542
1	11436	3547.147221653365	12.751329654712
1	11441	3548.364278573535	19.584966482828
1	11445	3549.7518991935	26.281882228564
1	11470	3557.258162116507	17.299945856328
1	11520	3573.053960534971	27.1675313029
1	11527	3574.244904093089	5.471325595516
1	11537	3576.641522986455	25.230002816183
1	11544	3579.431563687854	5.533627790517
1	11553	3582.18739655497	19.343099862806
1	11572	3588.885064678725	4.290284321877
1	11578	3590.258993082089	33.334837097325
1	11588	3595.063707452259	5.227785566123
1	11611	3604.129530572557	3.048368792981
1	11623	3608.944523894338	29.350076446893
1	11670	3623.96671340474	11.82079918636
1	11673	3624.512552256923	28.69740787009
1	11708	3634.270634090056	27.677355671071
1	11737	3643.931188205015	15.436344799584
1	11757	3649.156060986796	25.863847827656
1	11768	3651.386227610398	33.457996973653
1	11794	3659.877332942555	26.266165440904
1	11810	3663.347984314538	19.360754747059
1	11826	3668.609766970497	29.793229745584
1	11831	3670.200673792037	4.303345781285
1	11842	3672.92874460725	23.142021909475
1	11846	3674.635789031972	14.627295895366
1	11862	3680.263949631708	25.420005681229
1	11879	3685.759408123433	14.285978219122
1	11919	3698.93194131273	21.611398758833
1	11971	3712.070939097079	23.851863021962
1	11980	3713.814686183457	31.094484251572
1	11987	3716.546469882004	22.392561012295
1	12030	3728.423865734125	28.995177010772
1	12073	3739.512667104594	22.70895302482
1	12076	3740.128745679152	29.262580021865
1	12088	3743.683960142536	15.993524516931
1	12103	3747.117812428965	2.446824968443
1	12106	3748.419956507038	25.748148290558
1	12118	3752.726348590095	47.77029642509
1	12140	3759.519037031678	3.274150702986
1	12143	3760.386104675702	20.964775931324
1	12190	3773.143988768447	22.612059980515
1	12208	3778.560323184346	45.016002476213
1	12220	3781.986626308171	20.071895860601
1	12262	3793.00046422122	20.273131894411
1	12265	3793.807896953418	26.270046055433
1	12306	3805.212821233544	27.197687294566
1	12315	3806.460427431613	17.142242919186
1	12338	3811.991695976344	16.825974375709
1	12347	3815.56450905103	32.035753768287
1	12350	3815.6748694902	9.728521935993
1	12359	3818.874735849667	18.410302822243
1	12361	3820.16629170486	3.203653663164
1	12364	3821.422700005341	9.691290759013
1	12378	3830.351854635862	7.60410019476
1	12445	3854.033888004712	25.817378882783
1	12474	3862.586476443447	17.394746312524
1	12476	3862.719098266789	22.847509769606
1	12478	3862.7823219177	28.899115890845
1	12517	3875.890734517474	3.343151172856
1	12520	3876.700713209453	20.443347729627
1	12555	3886.269543852651	19.573610467837
1	12560	3888.196298569898	37.428402730262
1	12562	3888.578371565783	27.102615485667
1	12584	3895.504586216288	17.394984768704
1	12588	3896.146058939505	12.362237368593
1	12602	3902.521449745624	7.716986500192
1	12644	3916.838739068588	10.526942330995
1	12647	3917.448681097936	16.716067832896
1	12649	3917.854463672025	28.550552714151
1	12699	3934.581058173082	22.418171478319
1	12730	3942.620597752966	12.707884449279
1	12732	3943.005191752213	24.872942603427
1	12747	3948.080310925483	6.754021775793
1	12770	3954.772520974152	30.660798751632
1	12784	3958.961118350379	11.822946545087
1	12789	3961.241367515981	25.793433128506
1	12837	3974.57880613917	22.301686276798
1	12844	3976.509778735568	2.134793536157
1	12859	3980.218245552609	22.200360231566
1	12864	3981.494178981627	17.49479244242
1	12875	3985.946484224163	6.143044669881
1	12882	3989.570559791746	20.40323339007
1	12893	3994.943355858433	9.394262627583
1	12926	4008.537614526216	5.986436733975
1	12970	4021.032957756765	29.67838558217
1	12983	4024.017681316115	27.115471795087
1	12996	4026.852455082339	18.959919092012
1	13050	4042.215696932972	28.674568206539
1	13059	4045.332721067466	26.295743699535
1	13068	4048.014621458355	17.807479985174
1	13075	4050.514852814832	26.029643805232
1	13078	4051.165016090953	4.401942761382
1	13086	4052.931916800435	16.880478735432
1	13090	4056.043343496848	14.300681881257
1	13147	4074.256075707954	17.063953569393
1	13167	4079.251029898054	27.422697710223
1	13174	4081.855432605595	19.270485492657
1	13210	4093.005964931904	25.362527066723
1	13237	4100.065931647308	26.872568930266
1	13261	4106.28835686086	22.614171039781
1	13273	4110.098643675319	20.862164529853
1	13318	4122.313902401589	43.78386638686
1	13332	4125.845749021499	30.764945165021
1	13362	4134.121941273325	33.615460716421
1	13366	4134.444906447077	28.890344523129
1	13394	4141.535360530709	30.252442742
1	13408	4145.520521083143	28.360514448494
1	13430	4150.449980041938	6.616643377583
1	13450	4155.083428893347	26.701955373284
1	13458	4157.169516515914	8.321245225151
1	13465	4159.032573494008	5.030304811783
1	13481	4164.475064350983	41.702944078251
1	13502	4169.894639538128	31.15176354116
1	13512	4172.245980782893	38.796863630649
1	13521	4175.990831513531	4.089691259782
1	13540	4182.1253547439	22.193840225341
1	13550	4184.380014900689	18.459656568591
1	13553	4185.638739459091	8.611755262478
1	13581	4199.741677823235	5.388890549541
1	13589	4201.704025231877	19.089690452094
1	13594	4204.206791764114	15.60591683327
1	13633	4217.184895063159	17.181442114641
1	13637	4218.537526983757	7.016230636043
1	13651	4224.394110586833	2.272630421794
1	13657	4226.60564400243	9.542082467931
1	13676	4235.977894377999	30.35236432601
1	13684	4238.850600218972	5.374713114114
1	13722	4252.648509707177	24.547487639242
1	13774	4267.142525222842	16.7851085444
1	13776	4267.28311995218	22.410326883547
1	13781	4269.840973007716	30.644646177535
1	13817	4281.484494403226	25.787877497263
1	13836	4285.852447700096	25.044834746865
1	13845	4288.457037979146	5.549624728624
1	13870	4294.027967225633	16.710875843536
1	13877	4295.616350379527	23.729799743275
1	13879	4296.205103169533	29.608096836251
1	13893	4303.937349771137	15.1472325793
1	13920	4311.983428929338	12.468913326156
1	13941	4319.08358281314	25.224022421752
1	13965	4326.344402832548	10.311297489446
1	13981	4330.558247035359	20.132757070709
1	13984	4331.011437121534	9.328214557144
1	13994	4333.997615075309	28.911079675309
1	14026	4346.445643297964	19.650100578669
1	14051	4352.525498582153	14.878159881453
1	14058	4353.961513413917	11.217174048884
1	14060	4354.508956346067	5.99171133747
1	14073	4359.821634257663	27.958282328675
1	14080	4363.963607884232	10.23284221557
1	14106	4374.13941120483	9.244540342944
1	14121	4379.228181663656	9.049519878581
1	14127	4380.757508664494	5.26100596052
1	14145	4388.230457564338	29.029454881326
1	14201	4407.818051894997	9.588744385983
1	14217	4411.808329356937	30.87426529231
1	14223	4413.33719688606	20.700745500624
1	14243	4418.065056581734	31.283257896545
1	14255	4421.680222485086	13.13600666693
1	14286	4430.581102163866	27.242739806067
1	14318	4437.792009666899	6.711301505683
1	14322	4438.836631565459	2.645846964909
1	14339	4443.496190557128	18.347656333238
1	14341	4443.600247278214	29.584959637489
1	14356	4448.939602867105	29.780665069003
1	14368	4453.743443009546	12.421140033635
1	14371	4455.522927074678	9.12032359396
1	14374	4457.510966228423	5.650723780854
1	14400	4470.066984746824	7.290052960627
1	14416	4476.430050606592	7.759891198016
1	14438	4485.560911970433	27.787839563099
1	14451	4489.256146481832	14.642615722146
1	14483	4499.555937528247	19.298795858281
1	14488	4501.429876805735	9.853336650645
1	14545	4517.739879200806	31.739389127705
1	14549	4518.888606610697	5.297284870411
1	14571	4524.408720602733	4.837910816538
1	14584	4527.408992595029	25.028663375651
1	14588	4528.231726481683	31.521044568509
1	14606	4534.923592312247	27.067267463542
1	14646	4547.050089186162	11.430455769762
1	14650	4547.921792779803	17.673120511695
1	14670	4556.351043846329	14.734017199953
1	14681	4559.676030026619	34.813971789204
1	14707	4568.230611846653	15.736998591223
1	14747	4578.109351861043	8.996353032764
1	14763	4582.950438397921	19.00500828726
1	14766	4583.025545494966	36.16298068303
1	14778	4586.687108555564	7.23201239016
1	14795	4591.921165855006	17.542082496336
1	14798	4593.005515611599	34.753426910027
1	14811	4597.530792733058	12.705511079285
1	14873	4616.388234983186	26.518242852996
1	14889	4620.633491208531	25.039613883477
1	14903	4624.054642901276	12.518974579172
1	14912	4626.185191682642	9.182080962113
1	14914	4626.567030364051	25.721715415245
1	14940	4635.014026360691	28.75956431532
1	15005	4652.502395006466	24.226164168563
1	15007	4652.724623969742	29.99017366115
1	15028	4658.483646775817	24.989318245558
1	15039	4660.868799349977	16.418783623491
1	15042	4661.604222408481	6.263652407097
1	15061	4667.286408485019	17.104061641151
1	15075	4672.090778050816	32.791324079155
1	15077	4672.109478119399	6.254670336261
1	15104	4682.487076313921	5.906290512532
1	15106	4682.737442849424	11.291524426546
1	15110	4684.594662469101	23.763311448741
1	15115	4686.853406011813	4.894716880284
1	15150	4701.697397063007	4.011529488023
1	15159	4704.258048203296	11.647629649612
1	15164	4707.093567312915	19.72322981921
1	15199	4718.649451246588	15.370540622272
1	15205	4720.774168619525	7.381339586458
1	15240	4733.033793420752	24.741331150291
1	15265	4739.455824044403	20.949128947803
1	15318	4752.686571291052	23.393288852996
1	15320	4752.764735496007	28.878496516379
1	15347	4761.4539349306	26.295813767355
1	15391	4772.422848937322	20.029815084767
1	15393	4772.57803124351	31.554869732121
1	15412	4777.726678845692	31.21440951596
1	15414	4777.909026247669	19.670260382583
1	15451	4787.234305693171	23.465573731226
1	15461	4789.597043061965	9.759990602383
1	15474	4792.776429142207	2.229107659892
1	15500	4801.365155716412	26.976948892231
1	15507	4802.315332450659	33.443092763891
1	15515	4805.251191076575	19.827705916715
1	15568	4821.453377731129	19.225220375925
1	15579	4824.782536853326	28.235619012268
1	15589	4827.632697671289	20.342514156247
1	15612	4834.417041710682	4.553436188377
1	15616	4835.468759867583	22.499745745445
1	15673	4851.416945028569	33.208004570098
1	15682	4852.890774202288	28.708936059848
1	15691	4856.239385416022	20.737639105415
1	15742	4870.508744037932	29.567869124703
1	15746	4872.057622708833	26.023088315967
1	15759	4874.593438335799	17.463590072818
1	15783	4881.186666513899	13.323394644425
1	15787	4882.289846608288	20.061453122065
1	15798	4885.673799290309	34.128837938653
1	15843	4898.585554563312	14.810819214094
1	15846	4899.019895523309	9.298649642617
1	15874	4907.154356158793	34.1851739157
1	15877	4907.757037222139	29.014479699776
1	15928	4921.433755255875	26.582119679196
1	15960	4930.064525843119	18.55543419672
1	15967	4932.313418558553	32.094222912564
1	15969	4932.447022534661	15.883226102217
1	15971	4932.784868497971	27.165315574849
1	16000	4941.345890965882	14.315831496961
1	16018	4946.92733687301	2.299514316255
1	16046	4955.548231200537	4.984556024195
1	16051	4955.871076103987	23.002418461721
1	16060	4958.79508290194	36.817820609429
1	16062	4959.81363796267	21.101519767311
1	16086	4971.006046182349	15.3326509943
1	16097	4974.262201069494	2.38221578428
1	16175	4998.049649311687	36.654129041361
1	16188	5001.592979115658	34.999200327323
1	16191	5002.179112430652	24.465012833477
1	16193	5002.295319350312	13.464781715654
1	16204	5005.877943710996	11.940014635796
1	16238	5016.019627304619	10.184569385018
1	16245	5017.126867944131	33.466651193332
1	16247	5017.490887200797	6.427971031399
1	16277	5029.332592939717	29.473405933942
1	16298	5034.680316851813	2.200183891342
1	16320	5040.5971911142	23.868788698222
1	16323	5041.435425877444	19.327243655571
1	16337	5045.821194567707	7.979672366055
1	16340	5046.707161768911	19.332764457795
1	16348	5049.577273182443	5.890796387218
1	16388	5066.501446754543	17.30983836029
1	16409	5073.074848538838	18.824162870996
1	16415	5075.077544143064	9.867739062872
1	16432	5081.214824293381	21.617310654488
1	16447	5086.410319796056	15.635777540971
1	16491	5099.519773146129	23.7032360991
1	16509	5105.077872843008	17.812684616075
1	16541	5113.037734655073	19.972914260929
1	16547	5114.536394124844	16.008165763228
1	16560	5117.889557161944	36.445478610348
1	16562	5118.023134457521	13.910365133896
1	16611	5133.60460148169	24.488396316536
1	16614	5134.204072461804	19.122482138802
1	16638	5140.470722884864	20.007866011235
1	16667	5148.294203247634	21.979159485549
1	16700	5156.156260374929	24.235106686367
1	16711	5159.192989993017	21.545094992616
1	16751	5170.042256826876	27.175019649207
1	16763	5173.983156441007	19.32588441321
1	16775	5177.30266785912	17.137229151909
1	16790	5180.986362811634	32.175655626924
1	16805	5184.60843633592	18.722288573745
1	16842	5195.716984242658	12.509758284315
1	16848	5197.681506132	9.095155563671
1	16860	5201.402739795033	29.660190846189
1	16877	5206.555389579843	1.277222018456
1	16882	5207.571530141976	7.863679550705
1	16886	5209.054816076641	31.707341012662
1	16902	5216.830681167184	22.24657107063
1	16941	5231.12345701723	19.886760119232
1	16965	5237.468788743009	4.702619876711
1	16974	5238.838611205684	21.663593657433
1	16991	5244.732608378973	6.135438398342
1	17018	5253.228103042339	4.17240286409
1	17027	5255.031567715215	32.653554848277
1	17037	5257.88137581152	30.195496505126
1	17049	5261.932165287309	18.098101132898
1	17070	5270.087095140237	10.606228005141
1	17105	5281.79943475103	27.432542220922
1	17141	5290.002861532488	24.662157770361
1	17144	5290.585950737924	3.056768352513
1	17166	5296.487500431122	19.926718844449
1	17169	5297.349612441488	26.142911455013
1	17176	5298.515509689799	16.490092104184
1	17194	5305.553610351626	7.234652324347
1	17222	5314.049070358035	21.470667131479
1	17251	5323.683247941886	15.139377797604
1	17275	5330.285198198271	16.300698182427
1	17281	5331.445646575295	6.883036957706
1	17285	5332.631446901585	29.26724665228
1	17306	5339.947400454889	20.881079302403
1	17308	5340.796251715265	10.294797033418
1	17333	5349.455507912778	13.619733186088
1	17360	5358.813397161071	12.721861103434
1	17368	5361.740559774323	20.804379115695
1	17387	5367.758004409716	4.875515662599
1	17392	5368.732859183092	17.372339470544
1	17406	5374.177928466923	17.180474166643
1	17441	5387.315304015869	13.22840030177
1	17444	5387.579400533335	2.776379215997
1	17449	5390.391932253482	11.008837245171
1	17458	5393.590092044664	24.917949093391
1	17468	5398.228521638307	7.599915571511
1	17490	5408.175818193345	7.049433627749
1	17518	5417.631308732894	21.587457117975
1	17549	5425.82499104772	14.347222326206
1	17553	5426.753364974738	10.081346411141
1	17578	5434.546018308483	7.071667413693
1	17585	5436.203454600634	29.98574497178
1	17587	5436.682243453443	3.208736033993
1	17597	5441.451241624645	19.548088828449
1	17611	5449.942625864396	10.907628124113
1	17616	5450.551247349579	5.906837381539
1	17694	5479.035132281703	28.775589976227
1	17697	5479.489634897316	23.459204719403
1	17727	5486.972828196699	14.221109739621
1	17745	5491.322583374554	29.386782751417
1	17763	5496.34598077786	28.900779943681
1	17792	5505.445879015594	26.954378321301
1	17809	5510.487501104234	4.245641431189
1	17821	5513.081289699285	29.507943055821
1	17847	5519.384531064528	24.110835408208
1	17853	5521.352678380778	21.032514601596
1	17870	5527.828813477991	15.682303154726
1	17876	5530.657453186445	41.236221152237
1	17885	5535.564891286644	18.138509526379
1	17894	5547.089377733634	24.106647758279

