version 3
run General-2-20240430-20:30:43-5480
attr configname General
attr datetime 20240430-20:30:43
attr datetimef 20240430-203043
attr experiment General
attr inifile omnetpp.ini
attr iterationvars $0=true
attr iterationvarsd true
attr iterationvarsf true-
attr measurement $0=true
attr network Supermarket
attr processid 5480
attr repetition 2
attr replication #2
attr resultdir results
attr runnumber 2
attr seedset 2
config network Supermarket
config repeat 10
config num-rngs 10
config **.use_random_strategy true

vector 0 Supermarket queueSizeOverTime:vector ETV
attr recordingmode vector
attr source updateQueue
attr title queueSizeOverTime
vector 1 Supermarket customerWaitingTime:vector ETV
attr interpolationmode none
attr recordingmode vector
attr source customerFinished
attr title "cust waiting time"
0	7	5.870124132372	1
0	14	11.757535837125	2
0	15	12.160334077314	1
0	22	17.379024740774	1
0	35	23.070782317081	1
0	37	24.024333140462	0
0	42	25.433451957535	0
0	48	28.743647973751	2
0	55	34.401599439093	1
0	64	39.673915839055	3
0	77	45.409183174138	2
0	81	47.4314345388	2
0	91	51.259510809555	1
0	105	56.575035023735	3
0	117	61.402594119892	0
0	122	61.691728760255	4
0	125	63.565912591057	1
0	134	67.267218745779	1
0	147	72.407112795044	0
0	152	72.539270007983	2
0	158	77.070060303904	3
0	164	78.526384397177	4
0	176	83.711307159392	1
0	177	84.333056686449	3
0	181	85.609987014901	1
0	190	89.147702249934	2
0	194	89.203688197071	2
0	209	94.45666229073	1
0	229	99.917701688828	3
0	231	100.271294328267	0
0	241	103.983943586583	1
0	245	105.095261229321	2
0	249	105.237161637517	1
0	268	110.887947551674	3
0	278	113.197144409877	0
0	288	116.129432330374	2
0	306	121.876564275474	4
0	314	124.630582946819	3
0	316	125.114288920769	1
0	323	127.205770688132	4
0	324	127.554002111308	0
0	338	132.469399516937	5
0	351	138.09625295736	6
0	354	139.548810286912	5
0	356	139.753237226512	0
0	363	143.145295104944	1
0	372	148.474987553664	4
0	376	148.540138326586	5
0	389	154.336704397575	6
0	404	159.63203941146	7
0	407	162.771182486206	0
0	410	164.869377369871	6
0	414	165.457862989047	7
0	416	166.829845205294	6
0	422	170.594417875867	7
0	424	171.951453490411	6
0	430	176.003061309691	1
0	441	181.347788780231	7
0	448	186.009093516384	6
0	454	187.31566560385	2
0	461	191.108252183535	1
0	468	192.962232893335	1
0	481	198.122707610254	7
0	489	201.232105296332	6
0	500	203.623965449401	2
0	516	209.471068284244	3
0	521	211.378029065674	2
0	533	215.091498885073	2
0	538	217.068398364588	1
0	550	220.426834575135	1
0	555	221.623622275184	5
0	561	223.777985852446	1
0	572	225.806640129072	2
0	593	231.363868987189	6
0	600	233.08259446628	1
0	616	236.764008845902	2
0	630	241.431676514913	1
0	639	242.708579330939	7
0	654	247.47627801168	6
0	658	247.756511670771	7
0	668	250.984902261284	6
0	670	251.321229083347	0
0	672	251.499325917804	0
0	678	253.101263303311	7
0	679	253.233132953524	0
0	687	258.297741597985	1
0	698	263.566032232252	1
0	708	267.617766851093	0
0	715	269.118750288851	1
0	727	274.125545386684	6
0	731	274.764830720612	2
0	742	278.726438099396	5
0	744	278.99796591187	0
0	751	280.620375058848	1
0	754	281.921945624285	1
0	766	285.785812802381	6
0	780	291.069837801159	1
0	803	296.6730484406	2
0	820	302.428572035395	7
0	843	307.639411350247	2
0	847	308.730521086837	1
0	851	308.862555138411	6
0	856	310.328751799767	1
0	866	312.760855114554	2
0	877	315.787945865654	0
0	888	318.541197516723	3
0	893	320.558390576857	2
0	896	321.712300283136	0
0	899	322.336830035543	5
0	905	324.465616529575	3
0	915	329.642106228043	1
0	932	335.064783125884	1
0	944	338.62559069181	0
0	952	340.523539185758	4
0	959	342.633700662174	3
0	968	345.877885143739	4
0	985	351.567768782844	1
0	1000	355.384351838487	4
0	1008	356.801933771466	5
0	1017	359.267865600877	4
0	1026	361.645899254715	0
0	1030	362.173514744966	1
0	1038	363.605497372451	3
0	1056	367.974887284917	2
0	1059	368.532907490852	0
0	1073	373.571386212359	3
0	1077	373.637692129706	3
0	1093	379.203011983075	1
0	1112	384.668224318187	4
0	1119	386.679707720284	2
0	1122	387.456455635724	3
0	1134	389.675745316549	3
0	1147	393.843563103812	2
0	1156	395.03074076376	4
0	1164	397.649711372913	0
0	1178	401.002851848957	1
0	1202	406.999452705496	2
0	1223	412.899225321366	3
0	1226	413.273411001664	3
0	1234	415.313310523742	2
0	1238	416.275659279657	1
0	1241	416.658684900492	1
0	1243	416.804206977018	2
0	1252	418.607686493081	2
0	1259	420.73340579366	1
0	1275	424.580189806177	4
0	1280	425.836319150175	3
0	1294	429.62503732578	2
0	1317	435.069412653568	3
0	1327	438.158916472808	1
0	1338	440.630892253482	4
0	1350	444.058454518095	2
0	1355	445.381004213004	0
0	1360	446.35753322905	2
0	1365	447.978108476386	1
0	1370	449.272396211051	0
0	1378	451.752078307095	3
0	1381	453.250564949695	3
0	1392	457.69747422333	4
0	1396	459.74542199214	2
0	1402	461.55122734128	1
0	1408	463.203707377893	1
0	1410	463.336984675031	3
0	1413	464.10446111822	0
0	1423	468.840194318212	1
0	1435	473.802090799553	0
0	1441	474.724860809512	1
0	1456	479.801897081315	4
0	1473	484.981814395172	1
0	1474	485.299012892416	0
0	1477	485.958794495793	3
0	1492	490.71870177216	2
0	1507	495.949455901283	1
0	1512	497.637596768446	0
0	1519	500.247846529471	0
0	1525	501.177892935231	3
0	1538	506.653049273418	4
0	1545	510.519265180802	3
0	1550	512.143624513412	4
0	1551	512.265716039229	3
0	1560	516.407949196406	2
0	1564	517.419558300639	1
0	1578	522.550733606101	3
0	1584	524.258054956331	2
0	1586	524.579676965835	0
0	1595	528.287204636729	4
0	1596	528.728057650038	1
0	1608	534.262873306407	2
0	1622	540.244276849788	3
0	1625	542.259004984171	2
0	1627	542.695134036822	3
0	1634	545.748107776514	3
0	1646	551.125936774074	1
0	1647	551.236612617158	2
0	1651	552.302103050987	0
0	1660	556.744002799739	3
0	1661	556.890307735183	2
0	1676	562.560440532167	3
0	1688	567.651995897761	4
0	1689	568.002399622234	3
0	1691	568.432346235374	2
0	1704	573.516365147198	1
0	1721	578.827468463688	1
0	1725	580.077418816155	1
0	1743	584.386467990701	2
0	1759	588.986148275088	2
0	1761	589.573175803638	1
0	1767	589.902910675158	2
0	1783	593.744314173472	1
0	1792	595.76493831049	2
0	1808	601.003682274141	0
0	1814	601.45446566935	1
0	1818	602.680877059234	0
0	1825	604.405483004643	1
0	1834	606.797977169047	2
0	1851	612.74929165887	3
0	1857	614.970645736908	0
0	1859	615.1567213888	1
0	1865	617.383376110347	2
0	1871	618.062853037383	1
0	1888	624.021174168683	3
0	1905	629.48901338084	1
0	1915	632.60237506626	2
0	1925	634.643617466561	2
0	1942	640.304203503768	3
0	1952	643.443452303409	0
0	1955	644.058951520945	1
0	1964	646.168094665746	2
0	1966	646.504257137074	1
0	1975	649.531724674164	0
0	1981	651.3716858672	1
0	1987	654.367778212416	2
0	1996	656.425782213689	0
0	2000	657.293841591806	1
0	2004	658.387930908591	0
0	2016	663.131813239775	3
0	2017	663.522332647584	2
0	2023	666.013831755264	1
0	2031	668.547696833735	1
0	2032	669.244008060898	0
0	2034	669.386747529964	0
0	2042	674.520180752737	1
0	2054	679.983457165308	2
0	2063	685.631590400942	1
0	2067	685.826949859507	1
0	2083	690.844598024621	2
0	2097	695.893937181452	2
0	2108	700.479538217541	0
0	2113	701.200175017588	1
0	2127	706.155688737872	1
0	2132	707.083226604158	2
0	2147	712.870369704677	2
0	2156	716.02433293092	1
0	2166	718.689582273135	3
0	2169	719.510277859869	2
0	2184	724.015980998989	3
0	2199	729.237100163711	3
0	2201	729.778525458886	2
0	2215	734.652263928441	3
0	2216	734.996913631334	2
0	2218	735.120318612786	2
0	2220	735.223159350925	0
0	2230	740.017139122126	1
0	2231	740.301633516912	1
0	2236	741.609477371563	0
0	2246	745.739029937893	1
0	2257	750.81454708183	0
0	2261	751.043286217613	3
0	2267	755.898462398564	2
0	2271	756.109897090359	3
0	2283	761.915568000874	1
0	2297	767.822967644319	2
0	2303	769.848096976061	0
0	2305	770.305246367473	2
0	2312	773.682214442411	3
0	2319	776.913581171427	1
0	2326	779.293422883845	1
0	2333	782.015924725105	2
0	2337	783.063967958331	1
0	2344	784.589846294609	2
0	2361	789.784171822949	1
0	2365	791.135506890953	1
0	2381	794.441381410817	0
0	2384	795.053512484654	0
0	2389	795.250733186493	1
0	2407	800.781651259402	2
0	2416	804.783192764387	0
0	2424	806.706497738838	3
0	2434	812.486760913052	0
0	2438	812.63153280318	1
0	2445	817.2733284249	2
0	2449	818.018036319178	1
0	2453	819.670252974846	0
0	2459	821.886044092014	1
0	2466	823.393050860849	1
0	2471	826.057102352966	0
0	2476	827.510500477047	0
0	2481	828.448013992983	1
0	2494	834.38496716833	2
0	2506	840.305595119719	1
0	2509	841.951394402077	1
0	2515	843.350328780365	0
0	2521	845.314995176394	1
0	2536	850.513003141156	1
0	2559	856.473281947665	2
0	2570	859.846222824419	1
0	2582	861.951864772245	2
0	2602	867.584798742786	2
0	2609	870.060218284027	1
0	2622	873.575156849345	3
0	2629	874.958240021371	0
0	2631	875.36534100294	2
0	2639	878.462630742233	0
0	2646	879.521773505259	1
0	2654	882.566176008552	0
0	2661	885.380575632678	2
0	2670	890.48380035046	1
0	2676	891.310453565327	3
0	2687	897.097765544547	2
0	2691	897.149666046027	3
0	2702	902.444612404333	1
0	2716	907.824988782407	2
0	2721	910.269272543261	0
0	2729	913.72569711553	4
0	2736	918.182761710838	3
0	2740	918.895036337199	4
0	2751	924.275242433185	3
0	2761	929.370786968386	1
0	2773	933.757574468853	2
0	2778	934.577672287589	1
0	2799	940.55878648092	5
0	2804	942.36590108916	4
0	2820	945.743044500937	3
0	2836	950.251953659696	2
0	2841	951.114141109985	3
0	2846	951.424953284906	3
0	2848	951.713468543956	2
0	2858	955.176735852728	0
0	2867	956.921069436241	2
0	2870	958.00229946594	1
0	2882	962.144013130572	2
0	2883	962.501120874777	1
0	2886	962.831517779501	2
0	2901	967.274477398023	3
0	2912	971.639537853887	2
0	2917	972.487307446543	1
0	2937	978.396502216812	3
0	2947	981.742943028337	0
0	2954	983.230913281093	2
0	2960	984.093836143613	2
0	2964	985.429580218278	1
0	2977	989.413672646973	2
0	2992	995.095638069091	3
0	3004	999.775958132584	1
0	3011	1000.732098027365	2
0	3019	1003.727075734061	1
0	3026	1006.502699163513	2
0	3030	1006.694342573639	1
0	3039	1010.140035792603	0
0	3048	1011.914583869278	2
0	3063	1017.669029022567	1
0	3068	1019.531129037616	1
0	3071	1019.614880787327	1
0	3082	1023.170431561419	0
0	3089	1023.649538019672	3
0	3105	1028.956444164272	1
0	3106	1029.383345076466	2
0	3127	1034.749074426014	2
0	3128	1034.765467154094	1
0	3146	1039.753472612472	3
0	3151	1041.237173456233	2
0	3160	1043.668086518535	0
0	3167	1045.147960854461	1
0	3187	1050.354910428403	2
0	3189	1050.626773043655	1
0	3208	1055.726732919924	2
0	3211	1056.487678936567	0
0	3221	1059.782791986015	1
0	3224	1060.92462598323	0
0	3231	1061.63561492553	1
0	3237	1064.108671075433	1
0	3245	1066.860720454016	0
0	3249	1066.931884172373	2
0	3259	1071.964014497586	1
0	3266	1074.73036870244	0
0	3273	1077.075772601646	1
0	3274	1077.363012788934	0
0	3277	1078.012424657239	1
0	3285	1082.211277851719	0
0	3289	1082.352401872632	1
0	3299	1087.612543358934	1
0	3313	1093.142123022583	2
0	3328	1098.717608792009	1
0	3343	1103.791434910382	0
0	3348	1104.193982186262	1
0	3351	1105.199092507713	1
0	3369	1109.241467237706	2
0	3377	1111.785872913549	0
0	3380	1112.379402262622	0
0	3387	1114.563333169558	1
0	3403	1120.230927125319	2
0	3406	1121.255993801867	1
0	3420	1125.494670287474	1
0	3424	1126.854372385191	1
0	3439	1131.071779886029	2
0	3455	1134.946837968544	0
0	3464	1136.733661622742	2
0	3466	1137.016292747111	1
0	3473	1139.295777741936	1
0	3486	1142.020884050291	2
0	3487	1142.854533987585	1
0	3503	1147.633482933046	1
0	3522	1152.949216140203	2
0	3525	1153.889022893273	1
0	3543	1158.823008758716	2
0	3563	1164.239867746832	2
0	3571	1166.652506649027	0
0	3576	1168.513668439117	1
0	3582	1169.807607667988	2
0	3586	1171.53158268635	1
0	3594	1174.091729280541	0
0	3600	1175.175135065105	2
0	3606	1178.882311836931	1
0	3612	1180.574529029897	3
0	3614	1181.42313870706	0
0	3616	1182.080608616698	2
0	3623	1186.28632613295	1
0	3634	1191.348814208761	1
0	3644	1195.782656198369	0
0	3651	1197.225853174461	3
0	3663	1203.056526176633	2
0	3670	1207.186466901333	1
0	3676	1208.432321715636	1
0	3677	1209.180772075079	2
0	3689	1213.042329303454	1
0	3693	1213.489434639459	2
0	3709	1219.398488418666	2
0	3721	1223.994827765738	1
0	3724	1224.473222169911	1
0	3729	1225.105493369513	2
0	3745	1230.983223190299	3
0	3749	1232.577725791025	2
0	3764	1236.826747003012	3
0	3773	1240.616173510675	2
0	3779	1241.963632983156	2
0	3783	1243.252380411373	0
0	3793	1247.28174778563	1
0	3802	1250.922000560912	1
0	3804	1251.154916707777	1
0	3812	1252.597903379007	2
0	3814	1253.448701779593	0
0	3817	1254.549713566551	0
0	3825	1258.369021224557	3
0	3833	1263.897498204839	1
0	3842	1268.811597496854	0
0	3846	1269.30798065709	1
0	3847	1270.054909727302	2
0	3856	1274.417337271153	1
0	3858	1275.196662251722	0
0	3870	1279.893536012621	3
0	3876	1282.965303927658	2
0	3883	1285.5623209083	2
0	3896	1291.533761939734	3
0	3907	1297.162040440833	4
0	3909	1298.124736629192	3
0	3914	1300.876385925804	1
0	3920	1302.56734275818	1
0	3935	1308.566758463626	2
0	3950	1314.116075769534	3
0	3959	1317.952690416946	2
0	3968	1319.863455435495	4
0	3983	1324.879198642449	3
0	3985	1325.167258898611	3
0	3992	1327.407825963339	2
0	4002	1330.092095541536	3
0	4013	1334.773979959662	0
0	4018	1335.122421978741	4
0	4030	1340.213564470877	1
0	4032	1340.611791606059	2
0	4049	1346.185389345746	2
0	4053	1347.472543997925	3
0	4055	1347.509182631272	1
0	4057	1348.163099988244	1
0	4059	1348.170364476509	0
0	4069	1351.814829916695	4
0	4079	1356.909371421208	5
0	4091	1362.496881780682	1
0	4107	1368.298617781374	2
0	4119	1373.064151733416	4
0	4124	1373.33653732529	5
0	4130	1375.795479922085	0
0	4139	1378.697988772999	1
0	4145	1381.35697677848	4
0	4149	1382.310097041659	1
0	4158	1384.275685857983	5
0	4171	1389.64288001042	2
0	4176	1391.038388544694	0
0	4188	1395.259808658391	1
0	4204	1401.182573429543	6
0	4219	1406.406303601574	7
0	4226	1408.98464998731	1
0	4228	1409.098586755108	6
0	4238	1411.940704598093	1
0	4245	1413.234900061974	0
0	4255	1416.83124252141	0
0	4260	1417.589961935767	7
0	4264	1419.859436728645	0
0	4270	1423.249174048892	8
0	4274	1427.216875104819	7
0	4278	1428.586223357125	8
0	4287	1434.437806786039	9
0	4294	1440.345230280888	1
0	4299	1443.921539601522	0
0	4305	1446.216232853244	1
0	4315	1451.524817957311	2
0	4317	1452.417947622835	8
0	4328	1457.154397555628	1
0	4345	1462.736444685376	9
0	4351	1465.016392044379	8
0	4363	1468.603464332177	1
0	4365	1469.416852107856	1
0	4384	1474.327391219792	9
0	4390	1476.322307088644	0
0	4399	1479.71338881075	0
0	4404	1480.208037919133	1
0	4408	1482.362041960709	8
0	4420	1485.515232677572	2
0	4435	1490.794715707889	3
0	4438	1492.488216296771	0
0	4450	1496.722834669985	9
0	4453	1498.3604440908	8
0	4462	1502.273896834348	1
0	4463	1502.909016888357	2
0	4469	1505.396647588703	7
0	4478	1507.886474772124	8
0	4486	1510.986193725726	7
0	4494	1513.253185966518	2
0	4498	1514.500487354468	1
0	4511	1519.210911852774	8
0	4525	1524.134768472986	1
0	4529	1524.248269253178	1
0	4549	1529.651157234097	2
0	4572	1535.463577713352	3
0	4573	1535.550407768112	2
0	4575	1536.418955980683	0
0	4584	1539.691427893006	0
0	4590	1541.428618507693	9
0	4591	1541.739337758398	8
0	4603	1546.984947365942	3
0	4615	1552.62520515197	9
0	4623	1556.913815543525	8
0	4625	1557.011813997524	2
0	4631	1558.114516192349	1
0	4632	1558.381381165702	1
0	4638	1560.044192488422	0
0	4649	1563.567615255947	2
0	4654	1565.994164746139	1
0	4661	1569.251934021014	9
0	4663	1570.422270714772	0
0	4671	1575.063381446527	10
0	4680	1580.949000413065	11
0	4684	1585.361331611758	10
0	4689	1586.247185853078	1
0	4702	1592.174852549798	11
0	4712	1597.306451258949	12
0	4714	1597.920346186499	11
0	4720	1600.701651883547	10
0	4727	1603.022560891463	1
0	4744	1608.033360745758	2
0	4747	1609.73425728467	1
0	4760	1613.05940976087	2
0	4775	1618.434686615132	3
0	4776	1619.025729371699	0
0	4788	1623.4629190329	4
0	4789	1623.519700735113	9
0	4801	1629.1615273098	1
0	4802	1629.710490755624	8
0	4816	1634.776156709996	1
0	4818	1635.303463545396	3
0	4825	1636.896812738037	2
0	4833	1639.33485305321	0
0	4841	1640.441087049899	2
0	4849	1644.230290865878	7
0	4857	1646.000683105552	1
0	4865	1648.222963763983	1
0	4878	1651.069182396635	2
0	4899	1656.352433151332	1
0	4903	1656.677983576666	2
0	4911	1658.933117298761	1
0	4928	1662.589139010759	3
0	4929	1663.068545477004	6
0	4950	1667.681479968365	2
0	4967	1673.005211886137	1
0	4972	1673.335118811579	2
0	4977	1674.444510750124	2
0	4979	1674.912460378493	5
0	4996	1678.966084835121	6
0	5009	1683.346006665497	0
0	5015	1684.573050117122	3
0	5034	1690.314258036438	4
0	5038	1691.603244065423	3
0	5042	1693.328151664118	5
0	5052	1695.766747680261	1
0	5063	1699.713662669067	1
0	5073	1701.485198816053	2
0	5087	1706.163618546095	2
0	5094	1706.764844021063	2
0	5097	1707.435391786164	4
0	5114	1712.130355670817	3
0	5118	1713.147268913919	2
0	5130	1717.086608243292	1
0	5135	1717.327017371312	2
0	5156	1723.149092379494	3
0	5176	1729.013126368637	3
0	5181	1729.995821809632	1
0	5188	1731.490192913104	0
0	5199	1734.573827556803	4
0	5205	1737.253353498179	3
0	5212	1739.446420361064	3
0	5216	1739.588463791882	1
0	5236	1745.587779926139	4
0	5242	1747.315620986163	2
0	5253	1750.528394632158	1
0	5255	1750.868056536538	2
0	5259	1751.075257814027	5
0	5260	1751.152356299339	0
0	5272	1756.163951583564	4
0	5278	1756.711459874877	3
0	5286	1759.574645820077	2
0	5292	1761.718926527193	0
0	5297	1762.190518556399	1
0	5309	1767.639065154832	2
0	5325	1773.158839346379	3
0	5331	1775.511358745635	3
0	5342	1778.630207441518	4
0	5346	1780.065549984231	3
0	5352	1781.827758641101	2
0	5355	1782.929234061044	1
0	5362	1784.035008294046	1
0	5378	1789.22318579513	3
0	5400	1794.726572088901	2
0	5418	1799.898731594443	4
0	5424	1801.088049250425	1
0	5426	1801.714029255795	2
0	5444	1805.711618047677	5
0	5448	1806.632472525818	4
0	5465	1811.39027060266	2
0	5466	1811.678970058802	1
0	5484	1816.626611158718	3
0	5488	1816.909449604343	4
0	5502	1821.485203410619	0
0	5506	1822.051814862528	3
0	5510	1822.587543533652	2
0	5511	1823.071338119808	1
0	5526	1828.28170397715	4
0	5535	1832.509460775767	1
0	5543	1834.06125165406	5
0	5559	1839.659518176693	1
0	5577	1844.340874374031	4
0	5585	1845.486950816357	2
0	5588	1846.821176095059	0
0	5590	1846.869665963579	0
0	5597	1849.727677692079	1
0	5602	1851.245054743489	5
0	5614	1857.104281009877	2
0	5619	1860.824312994724	4
0	5627	1862.548240980137	3
0	5628	1863.025189334412	3
0	5639	1867.715793038955	1
0	5644	1870.278891672614	2
0	5649	1871.6053594735	2
0	5656	1873.431221264884	1
0	5675	1878.767899878327	2
0	5695	1883.896395242311	3
0	5719	1889.149374410048	2
0	5729	1892.006869427398	1
0	5736	1894.634877839243	1
0	5740	1894.750751405492	2
0	5749	1896.756478423373	0
0	5751	1896.835813283341	1
0	5758	1899.082228127403	2
0	5761	1899.723400892343	0
0	5765	1899.788850025743	3
0	5777	1905.758220298219	4
0	5789	1910.965906375091	3
0	5800	1916.226700954608	5
0	5810	1921.66256681993	1
0	5812	1922.169710379558	2
0	5827	1926.73114106106	6
0	5836	1930.318928242779	5
0	5838	1930.545934216122	0
0	5840	1930.716104074496	1
0	5845	1931.974585736872	1
0	5860	1937.403755671813	6
0	5874	1942.83086000872	5
0	5880	1943.013058107815	2
0	5885	1946.444318901284	0
0	5894	1948.985825072046	3
0	5895	1949.260731926186	2
0	5900	1951.77179200039	1
0	5910	1954.981292216576	2
0	5923	1960.650981257906	3
0	5926	1962.485685747929	2
0	5932	1965.074800248958	4
0	5936	1966.079171770023	1
0	5951	1971.585298545429	2
0	5964	1976.689940709857	3
0	5970	1978.989163676978	3
0	5977	1981.566479090722	1
0	5982	1981.936743690869	4
0	5994	1986.668844998578	3
0	5998	1987.500381095106	4
0	6003	1989.086260050888	3
0	6012	1992.40845514205	2
0	6017	1992.663165804934	4
0	6026	1996.578352000336	0
0	6032	1997.955780627908	1
0	6050	2003.682664443975	2
0	6065	2008.571706554855	3
0	6071	2009.582171033373	1
0	6075	2011.003501430506	2
0	6093	2015.3057346975	3
0	6103	2018.279169612911	1
0	6107	2019.65780978603	0
0	6114	2020.680776231227	1
0	6124	2024.121861687747	2
0	6135	2026.318216949472	3
0	6142	2029.167086101837	2
0	6146	2029.778874110667	0
0	6155	2032.089710199045	3
0	6167	2036.24541372166	0
0	6173	2037.518949413443	1
0	6190	2042.542296304837	4
0	6203	2048.271516531242	3
0	6207	2048.481920199938	4
0	6222	2053.97446640232	5
0	6223	2054.063133744524	1
0	6239	2059.200550802754	2
0	6256	2065.02968608728	2
0	6266	2069.75746351574	1
0	6271	2070.442625434607	6
0	6289	2075.898597783413	7
0	6295	2078.150243681391	6
0	6298	2079.496004422429	5
0	6307	2081.790291353831	6
0	6308	2082.117784182659	1
0	6311	2082.718406350353	0
0	6321	2087.665765183749	1
0	6326	2089.463856669961	0
0	6338	2092.961525241383	1
0	6347	2097.136266985563	0
0	6352	2098.199811338917	7
0	6355	2099.63550496113	6
0	6365	2103.306525671393	7
0	6377	2108.816283690049	2
0	6378	2109.410684517473	1
0	6381	2110.379197988198	0
0	6388	2113.952340344204	1
0	6400	2119.682392530613	8
0	6403	2121.886875727334	0
0	6405	2121.966067455942	7
0	6412	2125.321642490341	8
0	6418	2131.052427825057	9
0	6426	2136.8748060423	10
0	6430	2142.545832258649	9
0	6434	2142.796975505078	1
0	6443	2148.269239913678	10
0	6454	2153.412300938979	2
0	6459	2155.40690734366	1
0	6467	2158.486755560391	11
0	6478	2164.015116878325	1
0	6493	2169.369118991081	1
0	6495	2169.67572350847	0
0	6505	2172.885234409128	10
0	6514	2174.65625540191	2
0	6520	2177.371012463706	1
0	6526	2179.015221799607	9
0	6528	2179.155077531124	0
0	6533	2179.846605907666	10
0	6543	2185.149271109846	1
0	6559	2190.165181427734	2
0	6575	2196.118842327973	11
0	6584	2199.519077327456	1
0	6594	2201.982945453847	2
0	6597	2203.046614532477	10
0	6611	2207.638856511569	3
0	6614	2209.386242523098	0
0	6621	2212.922437731061	9
0	6625	2212.952135099104	10
0	6636	2217.953181601368	1
0	6641	2219.695591656964	2
0	6643	2219.98458927963	9
0	6645	2220.876590020024	8
0	6651	2223.140627074527	0
0	6655	2223.371862190548	1
0	6670	2228.830424529625	1
0	6675	2229.164858487673	2
0	6690	2235.008258610038	2
0	6694	2236.754310094873	1
0	6699	2237.439955236977	0
0	6707	2240.125024673069	3
0	6708	2240.619157555513	7
0	6719	2246.09030564549	4
0	6732	2251.259722564841	1
0	6745	2255.940420814446	3
0	6750	2256.741259396548	8
0	6767	2262.263604094979	4
0	6784	2268.026505079359	5
0	6789	2270.215588812135	7
0	6796	2272.376065794151	0
0	6803	2274.021295288583	6
0	6808	2276.618715584284	5
0	6816	2279.436286006361	1
0	6826	2282.872452462791	6
0	6833	2284.570733790291	7
0	6835	2284.628627577098	6
0	6842	2286.674047017935	5
0	6853	2289.945215351885	2
0	6858	2292.51783114777	1
0	6861	2293.717752884962	4
0	6869	2295.090987229725	5
0	6882	2300.132644955773	1
0	6884	2300.830612151417	4
0	6904	2306.120864738949	2
0	6905	2306.651690482982	4
0	6911	2308.42385003984	3
0	6918	2309.998610507585	0
0	6927	2311.500848843489	1
0	6944	2316.533275859203	2
0	6954	2318.503702635532	1
0	6969	2321.88940761658	3
0	6981	2326.022970491785	3
0	6993	2327.829493434873	4
0	7000	2330.059110057078	2
0	7008	2332.152264561859	2
0	7016	2333.481214681879	5
0	7023	2335.873265675972	0
0	7035	2338.665253516991	3
0	7047	2342.623654006984	1
0	7055	2344.204009164596	2
0	7065	2348.178955719461	1
0	7072	2349.517248467781	2
0	7081	2352.474515444371	1
0	7088	2355.09062571731	2
0	7092	2355.107700107392	1
0	7094	2356.379043634166	4
0	7111	2360.127407017402	2
0	7124	2364.746468084522	1
0	7126	2365.160701613298	0
0	7133	2365.978814600506	1
0	7148	2371.027781613176	1
0	7152	2371.040829515788	2
0	7170	2375.951447664298	1
0	7175	2376.937943555187	2
0	7195	2382.034787730086	2
0	7200	2383.056650449761	1
0	7213	2387.215491055511	3
0	7218	2387.510619375627	3
0	7225	2389.714223809889	2
0	7234	2392.208699330807	2
0	7237	2392.645934279081	0
0	7243	2393.146685956284	1
0	7262	2398.204308923572	2
0	7272	2401.473659324344	1
0	7283	2403.405533916788	3
0	7285	2403.9332750612	2
0	7297	2407.565645481467	0
0	7304	2408.987136469927	3
0	7312	2411.386713695247	0
0	7317	2413.672165302446	2
0	7321	2414.047108273261	1
0	7337	2419.731714604894	2
0	7343	2421.896622975945	1
0	7354	2425.519882919738	3
0	7359	2427.51869380416	2
0	7363	2428.574768574448	0
0	7368	2430.21339801525	1
0	7373	2431.20293177432	3
0	7385	2436.918735577032	2
0	7398	2442.607828509068	1
0	7410	2447.310446454564	2
0	7414	2447.647783675935	1
0	7434	2453.036428892758	2
0	7442	2455.525429470123	1
0	7457	2458.76617009007	3
0	7473	2463.505168563693	0
0	7478	2464.340124155167	2
0	7494	2469.497908712137	3
0	7501	2471.49127005239	2
0	7504	2472.947645027659	1
0	7507	2473.370771348015	1
0	7516	2475.162865282973	2
0	7518	2475.823292656458	2
0	7535	2480.777544388553	1
0	7541	2482.908385812659	1
0	7553	2486.132982302463	2
0	7573	2491.511142769136	3
0	7579	2493.577403455628	1
0	7593	2496.841191435472	4
0	7604	2500.106034035098	0
0	7613	2502.648293683545	5
0	7619	2505.212981215216	0
0	7627	2508.091085590662	1
0	7640	2513.218285697051	0
0	7645	2513.81409243169	1
0	7651	2516.400142902979	4
0	7661	2519.340525266954	2
0	7669	2521.489195972456	1
0	7672	2522.281626350484	3
0	7675	2523.427185461864	0
0	7682	2524.726638194413	1
0	7695	2529.887928567601	2
0	7711	2535.217840954203	2
0	7725	2539.615700646194	1
0	7732	2540.508272404557	1
0	7752	2546.360227146426	2
0	7759	2548.235027639201	1
0	7773	2551.574538841618	2
0	7776	2552.837384470277	2
0	7784	2554.411021805491	1
0	7798	2557.461464524975	2
0	7802	2558.587013566289	1
0	7806	2559.701665971667	0
0	7819	2563.23785864353	1
0	7837	2568.364125314409	3
0	7840	2569.081311447553	1
0	7857	2573.653234348407	4
0	7867	2577.048481755196	3
0	7879	2579.362217193477	2
0	7886	2580.847311918982	1
0	7895	2583.404376264898	0
0	7904	2585.105206433924	4
0	7909	2586.918993932432	3
0	7919	2590.219789728297	2
0	7937	2595.930454715861	1
0	7940	2596.53728242184	2
0	7952	2600.430238049835	0
0	7959	2601.066545282498	3
0	7963	2602.501810705997	2
0	7978	2606.210527643802	2
0	7983	2608.531075687619	1
0	7993	2611.538293294384	3
0	8000	2613.781303485631	2
0	8007	2615.865742955362	0
0	8012	2616.664315471667	3
0	8025	2622.256738341888	1
0	8030	2624.691828690594	2
0	8039	2627.655188501819	1
0	8043	2628.05471391092	1
0	8049	2630.475800917257	0
0	8058	2633.666485942444	0
0	8062	2633.869042376298	1
0	8081	2639.663028760589	3
0	8092	2644.873332321768	0
0	8097	2645.465487085291	4
0	8104	2649.431798901537	3
0	8110	2650.919151463088	1
0	8111	2651.454472897817	0
0	8123	2656.754555426546	1
0	8136	2662.231672133094	2
0	8156	2668.208908236128	3
0	8171	2673.908929963023	0
0	8175	2674.106444085723	1
0	8190	2679.611863522332	4
0	8191	2679.728414944381	2
0	8193	2680.117514004827	3
0	8209	2685.320030266194	2
0	8221	2689.661628309413	1
0	8227	2690.99728586316	2
0	8240	2696.10355885351	3
0	8248	2699.358799022981	1
0	8256	2701.850666198655	4
0	8263	2703.928127810372	2
0	8266	2704.885426256698	3
0	8274	2706.98516539066	4
0	8292	2712.961683362032	3
0	8303	2717.835742256152	2
0	8305	2718.288002484253	0
0	8309	2718.316214640866	3
0	8313	2719.709223298713	3
0	8321	2723.425578561387	4
0	8330	2728.810885655935	5
0	8342	2733.821975918495	1
0	8353	2737.724600930944	2
0	8356	2738.296131455463	4
0	8360	2739.062212101891	1
0	8372	2742.740187686532	1
0	8374	2743.149651301218	0
0	8380	2744.411186937484	2
0	8392	2748.903030446273	1
0	8399	2749.968863755706	2
0	8415	2755.164748708726	3
0	8429	2760.298176091638	4
0	8438	2762.850191732766	3
0	8450	2766.232260756668	4
0	8451	2767.289915414068	3
0	8460	2770.916984606776	0
0	8466	2771.788733638831	5
0	8477	2777.178244632211	6
0	8478	2777.760110622169	5
0	8488	2782.809080609594	1
0	8495	2785.865670949932	4
0	8505	2788.191580225256	4
0	8511	2790.710712738698	3
0	8516	2792.234092461536	0
0	8523	2794.124125151437	4
0	8530	2797.992267857197	3
0	8536	2799.719458320419	1
0	8541	2801.774331367582	2
0	8547	2803.965501446872	3
0	8553	2805.027956387269	3
0	8557	2806.428395504378	2
0	8571	2810.575225846384	3
0	8586	2815.763464876924	4
0	8600	2821.050759418642	1
0	8608	2822.800548059758	2
0	8625	2826.629724877195	2
0	8631	2829.000555528919	1
0	8634	2829.495338149844	1
0	8649	2832.292160063523	5
0	8660	2836.353067343837	4
0	8670	2838.104958466028	2
0	8682	2841.412819017664	1
0	8692	2843.418715107727	2
0	8702	2845.234475518585	0
0	8710	2847.896148685489	1
0	8714	2848.891692533397	2
0	8730	2854.501012921107	2
0	8732	2855.138830141757	1
0	8739	2857.097768752725	1
0	8751	2859.771125093575	1
0	8765	2864.465890757872	3
0	8769	2865.172212933663	2
0	8782	2868.130749007231	0
0	8792	2871.000311119256	3
0	8799	2873.955751596151	2
0	8808	2876.313372308628	3
0	8826	2881.975617676514	1
0	8845	2887.087809159194	2
0	8848	2888.28592552222	1
0	8850	2888.642783500387	2
0	8853	2889.09199470585	0
0	8858	2890.875454112428	2
0	8867	2892.763249801711	3
0	8873	2895.09042929032	2
0	8885	2898.670034769929	3
0	8890	2900.052115901041	1
0	8896	2902.524020479881	0
0	8903	2903.744940735639	1
0	8918	2909.290315447382	4
0	8937	2914.535505233339	1
0	8955	2919.145970345142	0
0	8959	2919.920315810253	3
0	8964	2920.114477166912	4
0	8979	2925.875022789702	5
0	8990	2930.011895821085	0
0	8997	2931.649962631526	1
0	9002	2933.156627857948	0
0	9012	2936.747178475146	1
0	9016	2937.963720025152	4
0	9020	2938.788708921994	0
0	9030	2942.706976980443	1
0	9037	2945.476614238236	3
0	9046	2948.674741928239	1
0	9067	2953.774153503363	2
0	9070	2954.602835066856	0
0	9077	2957.284623286345	1
0	9085	2959.416355835746	1
0	9107	2964.789454538149	2
0	9122	2969.408267817235	0
0	9129	2970.289342632757	1
0	9139	2973.575773221563	2
0	9150	2975.568244889618	2
0	9156	2977.362807123114	1
0	9158	2977.993413872444	1
0	9160	2978.110861972561	0
0	9169	2980.818393481203	1
0	9192	2986.286709043203	2
0	9199	2988.093364878563	1
0	9212	2991.367484397726	2
0	9233	2996.903162124572	3
0	9250	3002.212704390646	2
0	9254	3002.279346919624	3
0	9276	3007.982001748873	4
0	9277	3008.152188028914	0
0	9283	3010.23365836172	3
0	9292	3013.322935866663	4
0	9299	3015.489659433961	1
0	9301	3015.881463626869	0
0	9310	3018.922864585422	5
0	9314	3021.02749221284	0
0	9321	3024.554685882764	1
0	9335	3030.144288853515	1
0	9336	3030.760293422971	4
0	9350	3035.16515390203	1
0	9370	3040.874905231648	5
0	9379	3043.063041881781	0
0	9390	3046.215224267223	6
0	9405	3051.358890821931	2
0	9409	3053.436892863019	1
0	9422	3056.761854060932	2
0	9423	3057.095750060989	1
0	9430	3059.26693708066	5
0	9441	3062.429268802755	2
0	9443	3063.207396701449	0
0	9456	3068.341052246053	3
0	9467	3073.887986725901	1
0	9470	3075.377228005331	2
0	9475	3076.924852982286	4
0	9485	3079.326167223283	5
0	9499	3084.560910724808	2
0	9516	3090.109236808034	3
0	9529	3095.196753031348	2
0	9534	3095.581797402824	3
0	9543	3099.114681958809	4
0	9551	3100.875271997188	1
0	9570	3106.683359827853	3
0	9571	3106.949034382011	2
0	9592	3112.628330126644	3
0	9597	3113.61420295132	3
0	9599	3113.994538577513	0
0	9614	3118.118146825821	1
0	9636	3123.682502497925	4
0	9638	3124.377241543387	2
0	9644	3125.911869331269	3
0	9653	3128.629410938365	2
0	9658	3128.904268091783	3
0	9664	3131.743906034396	2
0	9678	3134.583507860318	2
0	9697	3139.637703989405	3
0	9716	3144.699743956333	4
0	9718	3145.158211520181	1
0	9724	3146.968336861591	1
0	9737	3150.407911245484	2
0	9744	3152.330765354338	2
0	9752	3154.456927549564	3
0	9757	3155.625836968313	1
0	9761	3155.627472690778	4
0	9769	3158.29337919702	1
0	9780	3161.129622009827	0
0	9784	3161.583181272732	5
0	9791	3163.443263465082	0
0	9798	3166.611666207906	1
0	9811	3170.935723641076	4
0	9815	3171.652319447842	5
0	9824	3175.528980103093	0
0	9830	3176.701415550668	1
0	9847	3182.413331778726	2
0	9863	3188.197545508627	3
0	9869	3190.416782589286	0
0	9877	3193.304432563955	1
0	9878	3194.002959168986	4
0	9887	3197.049941097972	3
0	9895	3198.860184807569	4
0	9910	3203.929352755198	4
0	9915	3205.969936171088	3
0	9920	3207.610084228341	2
0	9924	3208.993601175496	0
0	9929	3209.868099951889	1
0	9941	3214.440561733328	3
0	9946	3215.074765727395	3
0	9965	3220.158770657383	1
0	9967	3221.149751073685	0
0	9982	3225.437065635581	2
0	9998	3230.96226967313	1
0	10008	3233.05240577634	2
0	10016	3235.214506391093	2
0	10023	3236.35602075095	3
0	10035	3239.980328240089	2
0	10043	3242.017051127979	3
0	10051	3244.645814034396	2
0	10056	3245.952038007563	1
0	10063	3247.154875023763	2
0	10065	3248.231851393938	1
0	10081	3252.268536497147	2
0	10095	3256.744674375279	0
0	10103	3258.087272609824	3
0	10109	3260.101729574734	1
0	10117	3263.290251730363	0
0	10121	3263.399762530353	1
0	10123	3263.765423309648	1
0	10135	3268.56362416049	0
0	10139	3268.615282658495	4
0	10143	3270.645868978238	0
0	10147	3274.058825913588	3
0	10151	3274.401126040619	1
0	10164	3279.601219582612	4
0	10177	3284.609184634181	5
0	10189	3290.430735971088	1
0	10205	3296.062309387613	1
0	10207	3296.540271420503	4
0	10223	3300.819419086339	0
0	10228	3301.117437921937	2
0	10245	3306.443324329106	1
0	10249	3307.650933601554	1
0	10268	3312.226231850924	2
0	10286	3317.711014683366	2
0	10288	3318.226138264993	3
0	10292	3319.07902964543	1
0	10296	3319.609314703157	1
0	10311	3323.703203377787	2
0	10322	3327.068281177784	2
0	10333	3329.36546380353	2
0	10355	3335.334442821339	3
0	10364	3337.859341934797	1
0	10369	3339.27165486653	0
0	10377	3341.123968485285	4
0	10391	3346.180306556524	1
0	10395	3346.232660938761	1
0	10409	3350.830465159619	0
0	10416	3351.502336755636	2
0	10419	3353.246358321985	3
0	10426	3355.574940193103	1
0	10433	3356.652123366956	2
0	10442	3360.999658935359	2
0	10444	3361.22478718614	0
0	10448	3361.841908093782	1
0	10464	3367.397994339706	1
0	10483	3373.095898224979	3
0	10496	3377.323413413026	2
0	10505	3378.596764001304	2
0	10514	3381.708881359202	1
0	10524	3384.044808613144	2
0	10547	3389.579029423891	3
0	10565	3395.244315608645	4
0	10567	3395.503996857799	1
0	10574	3397.554562805112	1
0	10580	3399.320533607041	0
0	10587	3400.580812372508	1
0	10604	3406.095654922196	0
0	10608	3406.282714908485	2
0	10610	3406.38559457998	3
0	10623	3411.143062275259	0
0	10628	3411.594979778872	3
0	10639	3416.804752172911	1
0	10651	3421.805393113647	0
0	10655	3421.81533301413	4
0	10656	3422.7284222619	3
0	10658	3423.017777437817	2
0	10666	3427.145749271388	1
0	10670	3427.45247152076	1
0	10684	3433.268664846904	2
0	10705	3439.160687847072	1
0	10716	3442.32846999437	1
0	10722	3443.458522835059	2
0	10728	3444.718445519342	0
0	10732	3445.057787739448	2
0	10749	3450.89997536038	3
0	10756	3453.773343832357	1
0	10758	3454.088754763254	0
0	10764	3456.023330867299	1
0	10779	3461.272750047045	2
0	10783	3461.573016003016	1
0	10804	3466.579932524599	2
0	10825	3472.354015759667	3
0	10849	3478.351564951948	3
0	10858	3481.004319398441	0
0	10862	3482.082007204191	2
0	10870	3483.708902208376	1
0	10872	3484.328056611479	2
0	10877	3486.053548484817	0
0	10889	3488.836646571531	3
0	10890	3489.877992799748	0
0	10903	3494.592491436758	1
0	10907	3496.236262267232	1
0	10919	3499.937202200768	2
0	10932	3504.991995624741	4
0	10949	3510.635336682675	3
0	10959	3514.87052326138	3
0	10966	3516.126357290903	2
0	10980	3521.162444093273	2
0	10985	3522.013817719659	3
0	10990	3523.405466987062	1
0	10996	3526.682639591053	2
0	11002	3527.163744164175	3
0	11017	3532.812428330547	1
0	11037	3538.359644751075	2
0	11043	3540.569551755333	2
0	11050	3541.926536747264	1
0	11059	3543.556817938817	2
0	11064	3545.516899375488	1
0	11071	3547.754750246077	0
0	11078	3549.050522537214	3
0	11080	3549.492632385581	2
0	11096	3554.64328657278	2
0	11113	3560.112972859304	3
0	11130	3565.68075835799	4
0	11134	3567.49221189391	2
0	11139	3568.786663001178	3
0	11147	3571.123719669423	4
0	11163	3576.807299790448	5
0	11165	3577.128368489451	1
0	11182	3582.52664804576	2
0	11193	3587.119199159098	4
0	11199	3588.10377845658	5
0	11210	3591.31706282404	1
0	11213	3592.05752865913	1
0	11220	3594.02836079617	2
0	11239	3599.703361198548	1
0	11251	3603.504975559316	4
0	11260	3605.426038832413	2
0	11275	3609.906289334183	1
0	11277	3610.368056547024	3
0	11280	3610.918004714542	0
0	11284	3611.182557582166	2
0	11291	3613.578273850387	1
0	11302	3617.018500758344	2
0	11310	3619.996044822162	1
0	11319	3622.620666539771	3
0	11333	3627.793016938967	4
0	11347	3632.82667652891	2
0	11348	3633.041830321553	3
0	11367	3638.345194936041	4
0	11381	3643.380486809425	4
0	11385	3644.999733966201	1
0	11397	3648.819374145949	2
0	11399	3648.85431805033	3
0	11415	3654.022554705394	1
0	11434	3659.369235481377	5
0	11436	3660.180790562312	4
0	11439	3660.343841242263	1
0	11445	3662.126772670666	0
0	11451	3663.739232700911	2
0	11457	3665.07229087596	1
0	11461	3665.28512563534	2
0	11462	3665.998470791394	1
0	11476	3670.650014353925	1
0	11480	3672.278873206009	0
0	11493	3676.263787292884	2
0	11510	3681.42915428454	1
0	11514	3683.142500131054	0
0	11527	3686.432460261983	2
0	11530	3687.488847026261	1
0	11537	3690.029091927931	3
0	11545	3691.685722918724	2
0	11548	3692.543413776447	1
0	11552	3694.127210246407	1
0	11555	3694.383021915107	0
0	11559	3696.403930987707	2
0	11565	3697.438467859765	1
0	11576	3702.201907480611	0
0	11581	3703.019856453649	2
0	11595	3708.281443153982	3
0	11606	3714.147711412757	1
0	11619	3719.247856197655	4
0	11623	3720.799129966073	3
0	11636	3724.431709953826	1
0	11637	3724.865851486342	1
0	11654	3729.472600592077	4
0	11672	3734.832891955748	2
0	11682	3737.924216337976	1
0	11691	3740.5785368085	2
0	11695	3741.902277387224	1
0	11708	3745.273815914298	3
0	11713	3746.309911471335	4
0	11735	3752.193311545076	5
0	11737	3752.501840090619	0
0	11741	3753.176927383417	0
0	11752	3758.004267806197	2
0	11760	3761.516625291212	1
0	11767	3763.77596302378	1
0	11768	3764.32943840442	4
0	11784	3769.411916485299	1
0	11808	3775.084921131386	5
0	11829	3780.545194369052	2
0	11841	3783.903405811297	1
0	11850	3786.081722173384	2
0	11870	3791.431545328938	1
0	11875	3792.007071573763	6
0	11880	3792.954140073509	5
0	11886	3794.737273476092	4
0	11898	3797.224583283193	0
0	11903	3797.533744544499	2
0	11919	3803.047516523404	3
0	11924	3805.080329964878	2
0	11927	3805.81731109706	0
0	11937	3808.815159633066	3
0	11947	3814.239855977483	1
0	11962	3819.729045701921	5
0	11973	3823.914883406022	4
0	11978	3824.818728380846	5
0	11982	3825.802009945045	2
0	11996	3830.229608083619	1
0	11997	3830.270069715808	1
0	12000	3830.914358998191	0
0	12015	3835.979339566091	2
0	12019	3837.721605728505	0
0	12031	3841.690240714243	6
0	12032	3842.449299545498	5
0	12043	3847.123872944396	1
0	12052	3850.708914481112	1
0	12063	3853.000737007717	6
0	12071	3856.315653083851	5
0	12074	3857.283159001159	0
0	12081	3858.725078605125	6
0	12083	3860.03878786404	0
0	12091	3864.470609449093	7
0	12098	3869.92862503511	1
0	12099	3870.309486314195	6
0	12111	3875.797362636087	7
0	12118	3880.205394893896	0
0	12122	3881.377574948139	1
0	12136	3887.370343051163	2
0	12143	3891.446202204807	1
0	12150	3893.234883084671	8
0	12161	3898.350752179056	1
0	12164	3899.779496946497	7
0	12176	3903.701243065309	0
0	12180	3903.723610667523	1
0	12192	3909.363374637684	2
0	12208	3915.091637075424	8
0	12212	3916.277333131187	0
0	12214	3916.929762088938	1
0	12223	3920.098282915551	1
0	12236	3925.245271014755	7
0	12241	3925.957649379747	8
0	12256	3931.316182060178	2
0	12257	3931.765463053143	1
0	12259	3932.126039589418	0
0	12270	3937.093271884612	1
0	12286	3942.785511327219	9
0	12288	3943.354289179795	0
0	12299	3947.940414085994	2
0	12312	3953.926532198685	1
0	12319	3957.826905251023	8
0	12326	3959.298111660882	9
0	12331	3961.002094354373	1
0	12334	3961.562586275055	0
0	12343	3964.860706377086	2
0	12354	3970.133923138269	1
0	12368	3975.274798169975	1
0	12381	3978.884824572025	1
0	12388	3980.534481880731	2
0	12392	3981.181826824213	8
0	12398	3983.53895368044	1
0	12400	3983.758721989008	0
0	12406	3985.570910159277	0
0	12411	3986.24437996816	2
0	12418	3990.036372796639	7
0	12425	3992.070250006403	8
0	12427	3992.168585923739	7
0	12439	3997.245808967167	1
0	12456	4002.601227702351	8
0	12459	4003.550669008877	1
0	12471	4007.921075202303	2
0	12486	4013.302241365902	3
0	12495	4015.885345619765	2
0	12504	4019.020128784014	1
0	12522	4024.905132638535	3
0	12523	4025.081305956825	7
0	12538	4029.188439434055	0
0	12544	4030.050486084085	1
0	12564	4035.399108370312	2
0	12569	4037.413223551132	2
0	12575	4038.910612175137	0
0	12582	4041.122946995089	8
0	12599	4046.423651905043	9
0	12606	4049.542745250284	8
0	12608	4050.053566049214	1
0	12617	4052.229830945155	3
0	12619	4053.121218734548	2
0	12630	4057.050083202666	7
0	12634	4057.287309652206	3
0	12647	4062.485027721629	2
0	12649	4063.002343447076	1
0	12651	4063.512371603176	2
0	12656	4065.241046075133	6
0	12667	4068.302750912972	7
0	12684	4074.025833108008	2
0	12696	4079.278956328878	1
0	12700	4079.749938202567	3
0	12708	4083.005921320065	6
0	12712	4084.509274869121	2
0	12718	4085.122806503681	1
0	12719	4085.682672498291	0
0	12726	4087.407674643804	0
0	12735	4090.868776336323	3
0	12746	4096.490069104602	7
0	12753	4101.006810582253	2
0	12758	4102.18746778533	8
0	12763	4105.066009709384	7
0	12771	4108.022155677678	8
0	12779	4113.098139476042	1
0	12783	4113.346262073854	1
0	12790	4116.237621888878	0
0	12793	4117.569998499133	0
0	12797	4118.609205436438	1
0	12809	4124.553821803547	1
0	12811	4125.907145720331	7
0	12825	4130.41766557471	1
0	12838	4134.290449681582	6
0	12845	4135.597946595877	2
0	12867	4140.923920516867	3
0	12872	4142.788642634647	2
0	12878	4144.462794369093	5
0	12889	4146.154941855475	2
0	12902	4149.663780752463	0
0	12912	4151.518596020305	6
0	12917	4153.533339298807	1
0	12930	4157.358848604617	2
0	12933	4158.209661972487	1
0	12948	4162.808697094453	7
0	12964	4168.156216078914	1
0	12970	4170.040582966298	6
0	12972	4170.289564498595	0
0	12984	4173.567187024058	2
0	12999	4178.614969701749	7
0	13001	4179.463860209579	1
0	13008	4182.273368882723	1
0	13016	4184.246091166521	2
0	13028	4189.215936354142	0
0	13033	4189.72624647758	8
0	13038	4192.774735625959	1
0	13044	4195.059429930533	9
0	13051	4198.824394054251	8
0	13060	4200.815967413374	9
0	13066	4204.857458841997	0
0	13071	4206.224717194923	10
0	13078	4211.710651281067	1
0	13091	4217.031201342829	11
0	13102	4222.147823337941	12
0	13103	4222.313673962028	11
0	13105	4222.885932558337	10
0	13117	4227.212287192243	1
0	13122	4229.073106453059	9
0	13135	4232.894120890424	10
0	13150	4238.18723147573	2
0	13160	4241.983476985604	0
0	13168	4243.636782279248	3
0	13180	4249.428456934644	1
0	13182	4250.708138576719	2
0	13188	4252.647771011	0
0	13190	4252.978576927224	1
0	13196	4255.090344924023	2
0	13207	4260.217207185467	3
0	13209	4260.445713935072	9
0	13216	4264.885568980828	8
0	13221	4265.390475779315	1
0	13228	4268.442728595703	2
0	13238	4271.065127657735	3
0	13246	4273.549492666268	7
0	13258	4276.455254784561	1
0	13262	4277.783059967219	6
0	13264	4277.899666250578	2
0	13275	4280.834442020978	5
0	13278	4281.085352950507	1
0	13283	4282.033999184854	2
0	13289	4283.860746310451	0
0	13293	4284.556058624295	4
0	13304	4287.526934495903	2
0	13308	4289.365406479339	3
0	13320	4293.06157665072	4
0	13328	4296.160174537925	1
0	13338	4299.049641855303	3
0	13347	4302.138626906324	3
0	13356	4304.664659688724	4
0	13371	4309.964366192007	2
0	13373	4310.749262714187	3
0	13376	4311.295726161916	2
0	13388	4315.215127599785	2
0	13392	4315.395320683261	1
0	13399	4318.011730658482	1
0	13411	4321.150215700045	3
0	13421	4324.197535065944	2
0	13432	4326.996111893104	2
0	13441	4330.174492981633	1
0	13455	4332.995890446482	2
0	13461	4334.670747877107	1
0	13473	4338.284882990885	2
0	13493	4343.843850277954	1
0	13495	4343.945116620287	1
0	13499	4343.948810200216	2
0	13520	4349.933053499795	3
0	13535	4354.746513602904	0
0	13541	4355.931860004095	1
0	13547	4357.544993011173	0
0	13551	4358.516154450143	2
0	13561	4361.311190573973	3
0	13580	4367.011110458532	3
0	13582	4367.359504212054	2
0	13599	4372.521914033694	3
0	13601	4373.480384015719	2
0	13618	4378.114017188325	3
0	13622	4380.482874289747	0
0	13632	4383.793917560027	4
0	13647	4388.841946330628	5
0	13650	4390.145610101529	4
0	13660	4394.253202191329	5
0	13664	4396.277268028594	2
0	13673	4399.35405664496	3
0	13686	4404.822665420835	1
0	13702	4410.419425334557	1
0	13707	4411.668153792512	4
0	13710	4412.101233725094	2
0	13727	4416.054389975508	5
0	13741	4420.072511066459	0
0	13748	4421.855202020387	2
0	13758	4425.950647123981	4
0	13765	4427.776367006599	1
0	13785	4433.728071170402	5
0	13786	4433.742041253842	4
0	13793	4435.34966908373	1
0	13808	4438.78231101484	2
0	13811	4439.563556295708	1
0	13815	4441.048528210148	0
0	13819	4441.696073652369	1
0	13828	4444.180389498369	2
0	13838	4447.566052671881	1
0	13845	4449.241408247742	2
0	13861	4454.580430718147	5
0	13879	4460.446262477672	2
0	13881	4461.060202117552	4
0	13895	4466.330830777305	3
0	13902	4468.559545122911	3
0	13905	4469.504468901675	1
0	13908	4470.756800133976	2
0	13916	4472.212965117543	1
0	13935	4477.412035972121	3
0	13946	4480.334678764696	2
0	13957	4482.558117473739	3
0	13966	4485.494503335224	0
0	13968	4485.969688774214	2
0	13975	4487.626892582522	4
0	13976	4487.788423007482	1
0	13990	4492.634518205662	2
0	14003	4496.868704274774	0
0	14008	4497.737959883184	1
0	14010	4498.566479068492	3
0	14013	4499.231816159919	1
0	14022	4502.596301069493	2
0	14027	4502.998669522124	2
0	14041	4508.276238781641	1
0	14050	4510.548726727612	1
0	14063	4514.254163332059	2
0	14069	4515.525579660676	1
0	14078	4518.492432694656	1
0	14086	4519.801902126529	2
0	14105	4524.994598116501	2
0	14119	4528.530578400367	1
0	14128	4530.717894615148	2
0	14129	4531.079844435219	1
0	14131	4531.255338951956	0
0	14146	4536.362784485108	2
0	14161	4541.407318861465	3
0	14164	4542.69607982634	2
0	14166	4542.909499405774	0
0	14168	4543.256235777528	1
0	14179	4546.667922831847	1
0	14187	4549.512445407346	1
0	14197	4551.703101803557	1
0	14203	4553.708167945396	0
0	14216	4557.620654398118	1
0	14225	4559.959499993253	0
0	14238	4563.594644803329	2
0	14256	4568.899082020166	3
0	14258	4569.574279286674	0
0	14269	4574.355109531906	1
0	14271	4575.101263174562	0
0	14284	4580.021728442291	4
0	14285	4580.050795826257	3
0	14298	4585.544460605838	2
0	14311	4591.373808451005	3
0	14323	4596.904794955401	1
0	14329	4599.704469907569	2
0	14338	4602.04092287273	1
0	14340	4602.121331390821	2
0	14360	4607.723079006195	3
0	14369	4610.928777324858	0
0	14374	4612.787038739196	0
0	14378	4612.867925734732	1
0	14393	4618.696658045293	1
0	14403	4621.870969625545	2
0	14413	4624.13686523494	2
0	14414	4624.333537902922	1
0	14433	4629.239986004314	2
0	14438	4631.026346637648	1
0	14456	4635.126834010711	2
0	14466	4638.192029920764	0
0	14476	4640.853308550088	1
0	14478	4641.176038328912	1
0	14489	4644.627558115758	0
0	14498	4646.214164736221	3
0	14503	4648.601877799496	0
0	14511	4651.248715901288	1
0	14514	4651.905000915874	1
0	14527	4656.202555272385	0
0	14532	4656.508393996867	1
0	14533	4657.037407584387	2
0	14535	4657.160849124316	0
0	14548	4662.49378794409	2
0	14559	4667.825344925287	1
0	14576	4673.420050143969	3
0	14592	4678.791635717737	3
0	14597	4680.220784428421	2
0	14605	4683.813660495578	2
0	14609	4684.022871001164	2
0	14623	4689.106085194514	1
0	14624	4689.568280520042	1
0	14644	4694.482210999361	3
0	14661	4698.272314127657	0
0	14670	4700.31750610355	4
0	14671	4701.056908524022	3
0	14677	4703.398942980229	1
0	14687	4706.124397410319	2
0	14696	4708.898860953989	1
0	14704	4711.560314649257	1
0	14721	4716.790744780337	4
0	14729	4718.533393041009	0
0	14735	4720.061518200214	0
0	14739	4721.327683292221	3
0	14744	4722.353491210386	1
0	14750	4724.900079319494	0
0	14758	4727.904824415928	4
0	14768	4733.452295873555	2
0	14774	4737.181691185228	1
0	14780	4738.504374628895	2
0	14792	4743.623413635193	3
0	14793	4744.219657458841	3
0	14805	4748.952286438326	4
0	14808	4751.380521841237	3
0	14810	4751.454045200498	2
0	14819	4754.732394664324	3
0	14828	4759.711424303363	2
0	14832	4759.954813881087	1
0	14847	4765.760120233296	3
0	14863	4771.319420483903	4
0	14867	4772.760344764921	2
0	14879	4776.480496785379	1
0	14884	4777.786685676788	3
0	14899	4782.158256574659	0
0	14904	4782.442807866269	1
0	14910	4784.850791977957	1
0	14926	4788.213324503516	2
0	14948	4793.829498831657	2
0	14957	4796.152528655142	2
0	14970	4798.904877079427	3
0	14979	4802.114409368843	0
0	14985	4803.252078141677	1
0	14989	4804.34727834166	3
0	15008	4810.158306828709	1
0	15009	4810.706552906785	2
0	15028	4815.912830455936	2
0	15043	4820.216712211967	0
0	15050	4821.598066783519	1
0	15063	4824.828947498705	0
0	15066	4825.54424803251	2
0	15073	4826.919135043872	1
0	15093	4832.669522710386	3
0	15099	4834.361422861352	1
0	15114	4838.344791138088	2
0	15116	4839.202544517358	2
0	15122	4840.111920694482	1
0	15131	4842.939236594722	1
0	15133	4843.324423439812	0
0	15138	4843.709060534145	2
0	15146	4846.715869861082	1
0	15156	4849.176643767403	3
0	15158	4850.046460663441	2
0	15172	4854.420004414869	2
0	15174	4854.675671045443	1
0	15180	4857.194516762167	0
0	15188	4859.870658917594	2
0	15199	4865.718048806078	3
0	15204	4868.801051340772	2
0	15211	4871.23613275472	1
0	15229	4877.213741946276	3
0	15235	4879.510438218956	2
0	15247	4882.35864080769	3
0	15249	4883.685532335548	2
0	15258	4886.68518883829	0
0	15263	4887.842166294353	1
0	15274	4892.560866183263	1
0	15281	4893.822008820027	1
0	15303	4899.498027448086	2
0	15310	4900.833662956966	0
0	15323	4905.45146619576	2
0	15332	4909.500184222366	1
0	15341	4911.123471115259	1
0	15342	4911.859744852184	0
0	15350	4913.454539802514	1
0	15359	4916.155279566077	2
0	15360	4916.343761448172	1
0	15362	4917.033459990875	0
0	15366	4918.199768160247	1
0	15376	4921.727632743082	2
0	15388	4927.029622746407	1
0	15406	4932.612143547515	2
0	15408	4933.516922119085	0
0	15419	4937.764018967756	3
0	15423	4939.572620147034	2
0	15431	4943.455731338243	1
0	15435	4943.655450506377	3
0	15445	4949.070037298844	2
0	15458	4955.024794042817	1
0	15465	4958.235927648617	0
0	15473	4960.889074105777	4
0	15484	4965.991026333541	1
0	15488	4967.529687133279	3
0	15494	4969.601877961781	0
0	15501	4971.662059406758	1
0	15511	4975.544134778557	1
0	15516	4977.113319559963	0
0	15521	4977.187489819255	1
0	15529	4981.309725772943	0
0	15535	4982.281202885563	2
0	15546	4988.13743650751	4
0	15557	4993.764722404776	5
0	15563	4996.874951082872	4
0	15571	4999.283954751452	5
0	15584	5004.451269079007	3
0	15591	5008.464510714641	2
0	15596	5009.527801153956	1
0	15597	5009.561169589645	4
0	15603	5011.755031588844	0
0	15608	5013.430837900269	1
0	15613	5015.103079094792	2
0	15625	5021.025873370476	1
0	15642	5026.866110329524	2
0	15653	5030.791767650407	1
0	15657	5031.71449487657	0
0	15663	5032.217704298914	1
0	15678	5037.697172663881	1
0	15684	5039.480062256808	3
0	15694	5042.364808437887	0
0	15699	5043.329177325599	2
0	15708	5046.205640807056	1
0	15718	5048.854426177692	1
0	15737	5054.191715232337	2
0	15748	5057.226915184068	1
0	15759	5059.666853418814	2
0	15772	5064.223614192926	1
0	15774	5064.261878092315	2
0	15781	5065.200960323455	2
0	15782	5065.462377264056	0
0	15795	5070.660086662982	1
0	15798	5071.152955039412	1
0	15816	5076.323360563729	3
0	15828	5079.543321917424	2
0	15840	5082.14834283945	3
0	15859	5087.207265996149	2
0	15868	5089.634749975062	0
0	15878	5093.05436625542	3
0	15885	5096.114714431932	1
0	15887	5097.193796371467	2
0	15895	5098.618935807849	4
0	15909	5103.733193329078	5
0	15924	5109.06781838579	6
0	15927	5109.807537703666	5
0	15942	5114.67192929658	3
0	15943	5114.789910282365	4
0	15957	5119.895035184695	0
0	15963	5120.502223994591	5
0	15967	5123.911884429872	2
0	15975	5126.465427350261	6
0	15987	5132.206473992913	7
0	15998	5137.648784029073	1
0	16007	5140.820525946454	6
0	16010	5141.862792606008	1
0	16016	5142.698642710698	7
0	16023	5146.267214722591	0
0	16029	5148.182348026437	2
0	16043	5153.658808686546	3
0	16054	5158.770900856246	1
0	16059	5161.4643135639	6
0	16070	5164.550793902258	1
0	16074	5165.748801906137	5
0	16091	5170.137196496021	0
0	16095	5170.224540160977	6
0	16102	5173.20110863483	2
0	16105	5174.231756956909	0
0	16111	5175.291298432982	1
0	16127	5180.569466506605	2
0	16132	5182.703366773677	1
0	16145	5186.517226480422	1
0	16166	5192.482528167786	2
0	16169	5192.729758999903	5
0	16176	5194.517427384398	4
0	16179	5195.170498518165	1
0	16187	5197.146124747941	3
0	16192	5197.978192457938	3
0	16198	5199.622195357931	0
0	16214	5203.658804165907	1
0	16220	5205.828516425341	0
0	16232	5209.49450112205	1
0	16239	5212.177832658065	2
0	16241	5212.198590265244	0
0	16251	5215.441480234042	3
0	16255	5216.840969251827	2
0	16267	5220.447504459657	2
0	16283	5226.221922758511	1
0	16286	5227.092835343335	1
0	16302	5231.807131716526	2
0	16310	5234.953844549844	1
0	16318	5236.887196427687	4
0	16322	5238.003539713111	3
0	16336	5242.001800911279	1
0	16341	5242.224967005673	4
0	16344	5243.320683915645	3
0	16354	5245.890991947739	0
0	16361	5247.342789954283	4
0	16375	5252.707430771562	5
0	16385	5257.612460091255	0
0	16390	5258.662265451402	2
0	16398	5263.47537086975	4
0	16402	5263.786353266575	5
0	16405	5266.064444697474	1
0	16415	5269.652548662164	2
0	16426	5274.793808617173	1
0	16441	5280.070190886511	3
0	16456	5285.487783656	2
0	16465	5289.027079248115	2
0	16473	5290.51218473563	3
0	16476	5291.698850729631	4
0	16479	5292.545502830657	1
0	16489	5295.519733550037	4
0	16496	5298.242153050738	0
0	16504	5301.460022465103	5
0	16509	5304.324848518952	4
0	16518	5307.12673717063	1
0	16527	5309.927044586876	3
0	16535	5312.285371587389	4
0	16554	5317.943971444397	1
0	16561	5320.879206981172	3
0	16573	5323.385683083218	2
0	16580	5324.823376485744	3
0	16598	5328.63639621391	4
0	16606	5330.821576327561	2
0	16608	5331.541386824809	0
0	16614	5332.63869423036	1
0	16621	5334.295842090166	3
0	16628	5337.762275629575	3
0	16636	5339.805700934735	2
0	16640	5340.644483598306	1
0	16645	5342.012158999927	2
0	16658	5345.750070606136	2
0	16674	5350.969707958644	3
0	16686	5354.605165833621	2
0	16693	5356.068307353427	3
0	16700	5358.337417316397	2
0	16704	5359.754358916088	2
0	16713	5361.613999686214	3
0	16714	5361.978960865773	2
0	16730	5367.130142297606	1
0	16752	5373.058365643966	3
0	16758	5374.783395314948	1
0	16766	5376.556596537711	2
0	16777	5378.813716394604	2
0	16797	5384.219271467543	2
0	16799	5384.357630564842	1
0	16817	5389.377479336467	3
0	16821	5389.857392899938	1
0	16823	5390.589908400325	1
0	16826	5390.844714236808	0
0	16828	5391.295060603658	2
0	16839	5394.597329081511	2
0	16843	5396.474858655954	1
0	16847	5397.255023447458	0
0	16850	5397.783215994609	1
0	16859	5400.371524227094	2
0	16862	5401.897673904904	1
0	16873	5406.128649740955	1
0	16891	5411.940048200088	2
0	16895	5413.670586295086	0
0	16905	5417.362363552917	1
0	16921	5422.673786208043	1
0	16923	5423.344580652786	0
0	16940	5428.590968943676	1
0	16955	5432.784124648209	0
0	16960	5433.629192905277	2
0	16961	5433.672531389755	1
0	16979	5439.194305247404	2
0	16992	5444.321625506862	0
0	16996	5444.327545218878	1
0	17010	5449.415199588296	1
0	17016	5452.021732560136	1
0	17021	5452.808514713553	0
0	17030	5454.600300087604	2
0	17044	5459.714885917384	1
0	17050	5460.113074345059	2
0	17057	5463.533820630408	1
0	17065	5465.269378317298	2
0	17076	5468.931251597484	1
0	17083	5470.307176033511	2
0	17087	5471.325767098936	1
0	17100	5476.024378055019	3
0	17112	5481.410367570824	2
0	17116	5481.624262352252	3
0	17134	5487.042305216204	4
0	17149	5492.275968863174	5
0	17159	5496.086823664269	0
0	17166	5497.993563624575	1
0	17172	5500.966298540366	0
0	17181	5503.855970595508	2
0	17189	5509.085368984387	4
0	17207	5517.866520169431	3
0	17221	5526.006363430654	1
0	17223	5526.519839561203	2
0	17232	5531.396427855136	1
0	17237	5534.329849189625	0
0	17250	5549.609977569556	0
1	15	12.160334077314	6.290209944942
1	37	24.024333140462	12.266797303337
1	42	25.433451957535	2.362669640454
1	81	47.4314345388	30.052409798026
1	117	61.402594119892	10.143083310337
1	125	63.565912591057	29.164313151964
1	147	72.407112795044	5.139894049265
1	158	77.070060303904	48.326412330153
1	177	84.333056686449	44.659140847394
1	181	85.609987014901	40.200803840763
1	190	89.147702249934	32.572667226199
1	231	100.271294328267	16.559987168875
1	241	103.983943586583	31.4446735786
1	245	105.095261229321	43.403532469066
1	278	113.197144409877	18.740482119147
1	314	124.630582946819	46.104198549642
1	316	125.114288920769	19.877127283252
1	324	127.554002111308	38.350313914237
1	354	139.548810286912	39.631108598084
1	356	139.753237226512	23.623804896138
1	372	148.474987553664	37.58704000199
1	407	162.771182486206	19.625887381262
1	410	164.869377369871	42.992813094397
1	416	166.829845205294	39.624074517162
1	424	171.951453490411	39.482053973474
1	448	186.009093516384	47.912840559024
1	461	191.108252183535	15.105190873844
1	489	201.232105296332	52.691966969746
1	521	211.378029065674	24.062363461824
1	538	217.068398364588	24.106165471253
1	555	221.623622275184	67.286917877609
1	561	223.777985852446	20.154020403045
1	600	233.08259446628	17.991095581207
1	630	241.431676514913	15.625036385841
1	654	247.47627801168	87.84423860022
1	668	250.984902261284	85.527039272237
1	670	251.321229083347	41.850160799103
1	672	251.499325917804	31.072491342669
1	679	253.233132953524	16.469124107622
1	708	267.617766851093	4.051734618841
1	727	274.125545386684	103.53112751082
1	742	278.726438099396	97.378649319165
1	744	278.99796591187	9.879215623019
1	754	281.921945624285	23.6242040263
1	847	308.730521086837	28.110146027989
1	851	308.862555138411	110.73984752816
1	856	310.328751799767	35.563921079155
1	877	315.787945865654	8.148534515407
1	893	320.558390576857	23.885342136257
1	896	321.712300283136	30.642462481977
1	899	322.336830035543	90.972961048354
1	944	338.62559069181	3.560807565926
1	959	342.633700662174	29.87284554762
1	1000	355.384351838487	112.67577250755
1	1017	359.267865600877	40.726668084154
1	1026	361.645899254715	32.003793026672
1	1038	363.605497372451	39.139880842876
1	1059	368.532907490852	16.965138708008
1	1073	373.571386212359	125.81487454159
1	1119	386.679707720284	133.57844441697
1	1122	387.456455635724	25.282940890758
1	1147	393.843563103812	53.320023918054
1	1164	397.649711372913	18.446699389838
1	1226	413.273411001664	45.298523716747
1	1234	415.313310523742	129.52749772136
1	1238	416.275659279657	113.84708724426
1	1241	416.658684900492	70.780799756753
1	1243	416.804206977018	15.801355128061
1	1259	420.73340579366	31.057660477111
1	1280	425.836319150175	52.198627020469
1	1327	438.158916472808	31.159463767312
1	1350	444.058454518095	59.390230199908
1	1355	445.381004213004	88.579070441538
1	1365	447.978108476386	52.947367712626
1	1370	449.272396211051	24.692206404874
1	1381	453.250564949695	34.642878456614
1	1396	459.74542199214	30.12038466636
1	1402	461.55122734128	26.481814687712
1	1410	463.336984675031	50.437759353665
1	1413	464.10446111822	23.473568864738
1	1435	473.802090799553	10.59838342166
1	1474	485.299012892416	10.574152082904
1	1477	485.958794495793	39.601261266743
1	1512	497.637596768446	28.797402450234
1	1519	500.247846529471	4.298390628188
1	1545	510.519265180802	25.53745078563
1	1551	512.265716039229	60.513637732134
1	1560	516.407949196406	25.689247424246
1	1584	524.258054956331	66.560580733001
1	1586	524.579676965835	7.160118665196
1	1596	528.728057650038	48.926160568723
1	1625	542.259004984171	30.115380470759
1	1627	542.695134036822	41.517241101591
1	1647	551.236612617158	16.973739310751
1	1651	552.302103050987	1.176166276913
1	1661	556.890307735183	50.237258461765
1	1689	568.002399622234	27.758122772446
1	1691	568.432346235374	45.881612629273
1	1725	580.077418816155	51.790214179426
1	1759	588.986148275088	43.238040498574
1	1761	589.573175803638	27.012735271471
1	1783	593.744314173472	37.000311373733
1	1808	601.003682274141	33.35168637638
1	1818	602.680877059234	23.853408595546
1	1825	604.405483004643	30.889117857445
1	1857	614.970645736908	19.205707426418
1	1859	615.1567213888	30.770253398099
1	1865	617.383376110347	15.928910440997
1	1915	632.60237506626	25.804397897213
1	1952	643.443452303409	53.540541628251
1	1955	644.058951520945	31.309659862075
1	1966	646.504257137074	22.483082968391
1	1975	649.531724674164	31.468871636781
1	1987	654.367778212416	24.878764831576
1	1996	656.425782213689	10.257687547943
1	2004	658.387930908591	7.016245041391
1	2017	663.522332647584	28.878715181023
1	2023	666.013831755264	25.709628251496
1	2032	669.244008060898	11.950166469092
1	2034	669.386747529964	6.254934290189
1	2063	685.631590400942	17.083893567207
1	2108	700.479538217541	25.959357464804
1	2127	706.155688737872	26.172231572564
1	2156	716.02433293092	25.179734906299
1	2169	719.510277859869	33.683328000362
1	2201	729.778525458886	28.578350441298
1	2216	734.996913631334	22.126543926657
1	2218	735.120318612786	39.226381431334
1	2220	735.223159350925	28.139932746767
1	2231	740.301633516912	11.064533353201
1	2236	741.609477371563	6.957213443122
1	2257	750.81454708183	5.075517143937
1	2267	755.898462398564	37.208880125429
1	2303	769.848096976061	29.830957853935
1	2305	770.305246367473	46.289265368484
1	2319	776.913581171427	25.870294953814
1	2333	782.015924725105	20.100356724231
1	2337	783.063967958331	15.241000314012
1	2365	791.135506890953	35.025609800594
1	2381	794.441381410817	20.759166968406
1	2384	795.053512484654	15.760089600809
1	2416	804.783192764387	9.532459577894
1	2434	812.486760913052	27.896914618443
1	2445	817.2733284249	27.489156601951
1	2453	819.670252974846	7.038720171666
1	2459	821.886044092014	21.104392832612
1	2471	826.057102352966	2.664051492117
1	2476	827.510500477047	9.492464157869
1	2509	841.951394402077	35.244896663239
1	2515	843.350328780365	14.902314787382
1	2570	859.846222824419	14.531227648025
1	2609	870.060218284027	35.675251115697
1	2629	874.958240021371	18.484958073706
1	2631	875.36534100294	35.059745883221
1	2639	878.462630742233	27.949627601077
1	2654	882.566176008552	3.044402503293
1	2670	890.48380035046	28.531935578215
1	2687	897.097765544547	29.512966801761
1	2721	910.269272543261	24.888696910583
1	2736	918.182761710838	44.607604861493
1	2773	933.757574468853	31.31296206452
1	2804	942.36590108916	51.055447523833
1	2836	950.251953659696	42.426964877289
1	2841	951.114141109985	53.964475063958
1	2848	951.713468543956	37.987771428426
1	2858	955.176735852728	20.599063565139
1	2870	958.00229946594	28.631512497554
1	2883	962.501120874777	43.606084537578
1	2886	962.831517779501	38.556275346316
1	2912	971.639537853887	25.89649335295
1	2947	981.742943028337	9.255635581794
1	2954	983.230913281093	26.309843844852
1	2964	985.429580218278	44.870793737358
1	3004	999.775958132584	15.682121988971
1	3019	1003.727075734061	52.302122449155
1	3026	1006.502699163513	44.358686032941
1	3039	1010.140035792603	3.445693218964
1	3068	1019.531129037616	41.134626820804
1	3071	1019.614880787327	30.201208140354
1	3082	1023.170431561419	5.501402538852
1	3106	1029.383345076466	62.108867678443
1	3128	1034.765467154094	5.809022989822
1	3151	1041.237173456233	29.322589586955
1	3160	1043.668086518535	48.572448449444
1	3189	1050.626773043655	49.89467501629
1	3211	1056.487678936567	21.738604510553
1	3221	1059.782791986015	36.133253966343
1	3224	1060.92462598323	15.776665128769
1	3237	1064.108671075433	13.75376064703
1	3245	1066.860720454016	5.225105528486
1	3266	1074.73036870244	19.003635782516
1	3274	1077.363012788934	5.398998291348
1	3277	1078.012424657239	38.258952044767
1	3285	1082.211277851719	5.135505250073
1	3343	1103.791434910382	5.073826118373
1	3351	1105.199092507713	38.26720833534
1	3377	1111.785872913549	24.173329554615
1	3380	1112.379402262622	30.02700038999
1	3406	1121.255993801867	28.113870779284
1	3424	1126.854372385191	22.660390198929
1	3455	1134.946837968544	20.383504798986
1	3466	1137.016292747111	11.521622459637
1	3473	1139.295777741936	30.05431050423
1	3487	1142.854533987585	22.623606862266
1	3525	1153.889022893273	22.817243007244
1	3571	1166.652506649027	29.918845026285
1	3576	1168.513668439117	26.492784388826
1	3586	1171.53158268635	7.291714939518
1	3594	1174.091729280541	26.458246347495
1	3606	1178.882311836931	25.933095696728
1	3614	1181.42313870706	22.600129948344
1	3616	1182.080608616698	12.27300094871
1	3644	1195.782656198369	9.496330065419
1	3670	1207.186466901333	15.837652692572
1	3677	1209.180772075079	34.005637009974
1	3689	1213.042329303454	32.467800273557
1	3721	1223.994827765738	26.768974591277
1	3724	1224.473222169911	21.416695993278
1	3749	1232.577725791025	24.145404075389
1	3773	1240.616173510675	15.510680141162
1	3783	1243.252380411373	23.853891992707
1	3802	1250.922000560912	19.938777370613
1	3804	1251.154916707777	37.665482068318
1	3814	1253.448701779593	16.621954776581
1	3817	1254.549713566551	12.586080583395
1	3842	1268.811597496854	4.914099292015
1	3847	1270.054909727302	22.773161941672
1	3858	1275.196662251722	5.888681594632
1	3876	1282.965303927658	30.367400548651
1	3909	1298.124736629192	39.755715404635
1	3914	1300.876385925804	26.459048654651
1	3959	1317.952690416946	38.059154404325
1	3985	1325.167258898611	39.604937990311
1	3992	1327.407825963339	18.841067499713
1	4013	1334.773979959662	32.206637201482
1	4032	1340.611791606059	49.078029666325
1	4053	1347.472543997925	33.356468228391
1	4055	1347.509182631272	7.295618160395
1	4057	1348.163099988244	51.001059547411
1	4059	1348.170364476509	1.984975130763
1	4119	1373.064151733416	53.200696297921
1	4130	1375.795479922085	50.916281279636
1	4145	1381.35697677848	51.264881236944
1	4149	1382.310097041659	19.813215260977
1	4176	1391.038388544694	12.340399771695
1	4226	1408.98464998731	40.686032205936
1	4228	1409.098586755108	73.976164776367
1	4245	1413.234900061974	1.294195463881
1	4255	1416.83124252141	27.18836251099
1	4264	1419.859436728645	24.599628070254
1	4274	1427.216875104819	75.402045188124
1	4299	1443.921539601522	3.576309320634
1	4317	1452.417947622835	95.508576201627
1	4351	1465.016392044379	91.679854719089
1	4365	1469.416852107856	23.200619254612
1	4390	1476.322307088644	19.167909533016
1	4399	1479.71338881075	11.109924478573
1	4408	1482.362041960709	98.086356102726
1	4438	1492.488216296771	40.96339833946
1	4453	1498.3604440908	97.177870661257
1	4463	1502.909016888357	22.700978969224
1	4469	1505.396647588703	98.990343987129
1	4486	1510.986193725726	93.396231789959
1	4498	1514.500487354468	12.22659052012
1	4525	1524.134768472986	38.619535795414
1	4573	1535.550407768112	22.297221801594
1	4575	1536.418955980683	45.624240272794
1	4584	1539.691427893006	15.443158639828
1	4591	1541.739337758398	118.49016370951
1	4623	1556.913815543525	128.3275921864
1	4625	1557.011813997524	27.360656763427
1	4632	1558.381381165702	22.91780345235
1	4638	1560.044192488422	1.929676296073
1	4654	1565.994164746139	19.009217380197
1	4663	1570.422270714772	6.854655458825
1	4684	1585.361331611758	150.92352482572
1	4714	1597.920346186499	135.18390150112
1	4720	1600.701651883547	126.37426066375
1	4747	1609.73425728467	23.487071431592
1	4776	1619.025729371699	16.003168480236
1	4789	1623.519700735113	126.79686606513
1	4802	1629.710490755624	121.8240159835
1	4818	1635.303463545396	27.270102799638
1	4825	1636.896812738037	23.837402977167
1	4833	1639.33485305321	4.558696343214
1	4849	1644.230290865878	125.0193790131
1	4865	1648.222963763983	29.788277148851
1	4899	1656.352433151332	27.190905841532
1	4911	1658.933117298761	12.932434193209
1	4929	1663.068545477004	121.63992696931
1	4967	1673.005211886137	21.936029489502
1	4977	1674.444510750124	50.981591717224
1	4979	1674.912460378493	122.28725522652
1	5009	1683.346006665497	42.904919615598
1	5038	1691.603244065423	34.925260488757
1	5042	1693.328151664118	124.0762176431
1	5063	1699.713662669067	32.032182700702
1	5087	1706.163618546095	43.574479535336
1	5097	1707.435391786164	132.37201033964
1	5118	1713.147268913919	28.574218796797
1	5130	1717.086608243292	21.319860563031
1	5181	1729.995821809632	56.660702998053
1	5188	1731.490192913104	24.725348892041
1	5205	1737.253353498179	35.768154682126
1	5212	1739.446420361064	158.497419948
1	5242	1747.315620986163	57.001362949725
1	5253	1750.528394632158	38.398038961341
1	5255	1750.868056536538	33.541039165226
1	5260	1751.152356299339	22.139229930702
1	5272	1756.163951583564	163.98909903377
1	5286	1759.574645820077	36.425553440583
1	5292	1761.718926527193	22.130462735311
1	5331	1775.511358745635	178.20490748669
1	5346	1780.065549984231	101.09946514911
1	5352	1781.827758641101	47.253931084298
1	5355	1782.929234061044	20.738715504645
1	5424	1801.088049250425	17.053040956379
1	5426	1801.714029255795	56.126249329656
1	5448	1806.632472525818	49.921012650941
1	5466	1811.678970058802	44.03990490397
1	5484	1816.626611158718	43.467771812339
1	5502	1821.485203410619	26.758631321718
1	5506	1822.051814862528	32.828629067398
1	5511	1823.071338119808	71.996080305781
1	5535	1832.509460775767	21.119190173107
1	5577	1844.340874374031	44.442142779588
1	5588	1846.821176095059	68.190968653541
1	5590	1846.869665963579	7.210147786886
1	5597	1849.727677692079	27.140134158427
1	5619	1860.824312994724	55.112694947047
1	5628	1863.025189334412	46.115739730069
1	5644	1870.278891672614	24.791940856257
1	5649	1871.6053594735	43.32365549635
1	5729	1892.006869427398	24.291076388443
1	5736	1894.634877839243	37.530596829366
1	5749	1896.756478423373	7.607104013325
1	5751	1896.835813283341	23.404592018457
1	5758	1899.082228127403	65.020976473343
1	5761	1899.723400892343	20.955501014016
1	5812	1922.169710379558	59.621469399421
1	5836	1930.318928242779	79.07387349929
1	5838	1930.545934216122	8.883367396192
1	5840	1930.716104074496	35.965352669004
1	5874	1942.83086000872	58.934464766409
1	5885	1946.444318901284	14.469733164412
1	5895	1949.260731926186	38.294825551095
1	5900	1951.77179200039	8.758733892575
1	5926	1962.485685747929	13.499860675883
1	5932	1965.074800248958	65.285950223215
1	5970	1978.989163676978	73.230943378759
1	5977	1981.566479090722	15.487307320699
1	5994	1986.668844998578	31.687552782002
1	6003	1989.086260050888	72.85955909628
1	6012	1992.40845514205	31.757473884144
1	6026	1996.578352000336	24.993053454907
1	6065	2008.571706554855	81.840565493795
1	6075	2011.003501430506	73.599745758693
1	6103	2018.279169612911	41.589228903054
1	6107	2019.65780978603	37.721066095161
1	6124	2024.121861687747	36.621480592641
1	6142	2029.167086101837	31.211305473929
1	6146	2029.778874110667	9.09809787944
1	6167	2036.24541372166	26.663242688287
1	6203	2048.271516531242	55.608350726308
1	6223	2054.063133744524	50.380469300549
1	6266	2069.75746351574	32.238514102297
1	6295	2078.150243681391	62.844508983891
1	6298	2079.496004422429	47.406294223384
1	6308	2082.117784182659	55.799567233187
1	6311	2082.718406350353	17.688720263073
1	6326	2089.463856669961	30.263305867207
1	6347	2097.136266985563	9.470501801814
1	6355	2099.63550496113	57.093208656293
1	6378	2109.410684517473	16.44915927609
1	6381	2110.379197988198	1.562914298149
1	6403	2121.886875727334	7.93453538313
1	6405	2121.966067455942	73.484147256004
1	6430	2142.545832258649	88.571365856329
1	6459	2155.40690734366	12.609931838582
1	6495	2169.67572350847	16.263422569491
1	6505	2172.885234409128	102.44260897452
1	6520	2177.371012463706	8.001893472625
1	6526	2179.015221799607	103.11662401619
1	6528	2179.155077531124	15.139960652799
1	6584	2199.519077327456	24.862821925546
1	6597	2203.046614532477	121.25632317865
1	6614	2209.386242523098	24.236971413252
1	6621	2212.922437731061	114.72262639214
1	6641	2219.695591656964	29.53041022923
1	6643	2219.98458927963	116.67806360824
1	6645	2220.876590020024	101.19419748941
1	6651	2223.140627074527	5.187445473159
1	6670	2228.830424529625	26.847479075778
1	6694	2236.754310094873	13.382447904325
1	6699	2237.439955236977	8.275096749304
1	6708	2240.619157555513	115.29751506517
1	6745	2255.940420814446	48.301564302877
1	6789	2270.215588812135	139.16316098708
1	6796	2272.376065794151	21.11634322931
1	6808	2276.618715584284	41.610456974246
1	6826	2282.872452462791	145.99764642049
1	6835	2284.628627577098	136.35938766342
1	6842	2286.674047017935	128.18729145754
1	6858	2292.51783114777	13.081545141409
1	6861	2293.717752884962	53.592728211893
1	6884	2300.830612151417	120.98400624375
1	6905	2306.651690482982	60.561384837492
1	6911	2308.42385003984	46.160245944861
1	6918	2309.998610507585	9.865965551812
1	6954	2318.503702635532	28.558487283647
1	6981	2326.022970491785	129.90412816381
1	7000	2330.059110057078	62.032604977719
1	7008	2332.152264561859	20.65141571837
1	7023	2335.873265675972	29.752400937023
1	7047	2342.623654006984	68.602358718401
1	7065	2348.178955719461	53.087968489736
1	7081	2352.474515444371	8.270506279775
1	7088	2355.09062571731	38.557349858107
1	7094	2356.379043634166	143.42690853506
1	7124	2364.746468084522	42.857060467942
1	7126	2365.160701613298	10.053001505906
1	7148	2371.027781613176	21.510533145395
1	7170	2375.951447664298	9.972633063792
1	7200	2383.056650449761	44.39139693277
1	7213	2387.215491055511	130.47423165896
1	7225	2389.714223809889	105.1434900196
1	7234	2392.208699330807	21.167869815019
1	7237	2392.645934279081	32.518527261679
1	7272	2401.473659324344	73.644165889471
1	7285	2403.9332750612	26.995331506013
1	7297	2407.565645481467	14.418959525183
1	7312	2411.386713695247	77.905499013368
1	7317	2413.672165302446	31.63737757236
1	7343	2421.896622975945	7.849514702684
1	7359	2427.51869380416	40.008074428533
1	7363	2428.574768574448	8.843053969554
1	7368	2430.21339801525	32.009089091678
1	7410	2447.310446454564	38.323309984637
1	7442	2455.525429470123	52.119895553335
1	7473	2463.505168563693	26.586432986661
1	7501	2471.49127005239	28.883441543322
1	7504	2472.947645027659	47.427762107921
1	7507	2473.370771348015	9.030647192848
1	7518	2475.823292656458	28.175508980523
1	7541	2482.908385812659	13.410477100522
1	7579	2493.577403455628	40.54097456287
1	7604	2500.106034035098	68.903102260778
1	7619	2505.212981215216	30.050115932243
1	7640	2513.218285697051	54.452115606981
1	7651	2516.400142902979	35.622598514426
1	7669	2521.489195972456	13.398110381794
1	7672	2522.281626350484	36.148644048021
1	7675	2523.427185461864	4.08666019491
1	7725	2539.615700646194	25.801608214504
1	7759	2548.235027639201	23.508389444788
1	7776	2552.837384470277	61.326241701141
1	7784	2554.411021805491	13.902749400934
1	7802	2558.587013566289	61.745822130817
1	7806	2559.701665971667	13.341438825241
1	7840	2569.081311447553	33.86347049335
1	7867	2577.048481755196	47.160553187595
1	7886	2580.847311918982	17.609453275452
1	7895	2583.404376264898	80.756082581353
1	7909	2586.918993932432	29.457529407457
1	7940	2596.53728242184	28.173157107431
1	7952	2600.430238049835	48.855699208217
1	7963	2602.501810705997	23.13959351252
1	7983	2608.531075687619	34.877841339212
1	8000	2613.781303485631	23.561513757334
1	8007	2615.865742955362	30.760536521438
1	8030	2624.691828690594	23.625283408096
1	8039	2627.655188501819	31.724733785958
1	8049	2630.475800917257	24.265273273455
1	8058	2633.666485942444	11.409747600556
1	8092	2644.873332321768	16.818618410848
1	8104	2649.431798901537	37.893505607153
1	8111	2651.454472897817	17.585430521519
1	8171	2673.908929963023	22.989778499935
1	8191	2679.728414944381	22.973859517835
1	8193	2680.117514004827	63.45319853316
1	8221	2689.661628309413	27.429956176319
1	8248	2699.358799022981	25.252354937258
1	8263	2703.928127810372	64.265099049783
1	8266	2704.885426256698	36.67651802057
1	8303	2717.835742256152	72.370255170861
1	8305	2718.288002484253	32.967972218059
1	8313	2719.709223298713	28.711937435553
1	8353	2737.724600930944	58.112737408612
1	8356	2738.296131455463	42.192572601953
1	8372	2742.740187686532	29.7785043245
1	8374	2743.149651301218	4.087439199327
1	8392	2748.903030446273	15.081054527778
1	8438	2762.850191732766	44.5339770919
1	8451	2767.289915414068	65.439249215413
1	8460	2770.916984606776	26.505797669292
1	8478	2777.760110622169	27.791246866463
1	8495	2785.865670949932	30.700922241206
1	8511	2790.710712738698	30.41253664706
1	8516	2792.234092461536	9.425011851942
1	8530	2797.992267857197	91.007102466537
1	8541	2801.774331367582	78.348752806195
1	8547	2803.965501446872	37.733240690204
1	8557	2806.428395504378	34.639661865547
1	8608	2822.800548059758	93.989662403823
1	8631	2829.000555528919	40.808975303663
1	8634	2829.495338149844	29.775879829425
1	8660	2836.353067343837	59.174822711626
1	8682	2841.412819017664	36.384862630395
1	8702	2845.234475518585	7.129517052557
1	8710	2847.896148685489	26.845389266847
1	8732	2855.138830141757	28.509105264562
1	8739	2857.097768752725	13.679053644998
1	8765	2864.465890757872	70.341765606435
1	8782	2868.130749007231	19.239056473834
1	8799	2873.955751596151	63.380525749767
1	8848	2888.28592552222	33.784912601113
1	8850	2888.642783500387	72.879318623463
1	8853	2889.09199470585	7.116377029336
1	8858	2890.875454112428	31.104329018853
1	8873	2895.09042929032	29.918216356657
1	8890	2900.052115901041	67.759955837518
1	8896	2902.524020479881	15.436211320687
1	8955	2919.145970345142	42.832598036514
1	8959	2919.920315810253	48.920004690997
1	8990	2930.011895821085	26.266955085446
1	9002	2933.156627857948	18.621122624609
1	9016	2937.963720025152	45.200470223441
1	9020	2938.788708921994	2.041530446848
1	9037	2945.476614238236	46.806579468307
1	9070	2954.602835066856	5.928093138617
1	9077	2957.284623286345	25.634660654819
1	9122	2969.408267817235	26.701290836792
1	9139	2973.575773221563	64.285457774181
1	9156	2977.362807123114	7.073464490357
1	9158	2977.993413872444	24.219260369081
1	9160	2978.110861972561	18.694506136815
1	9199	2988.093364878563	67.978887711651
1	9250	3002.212704390646	37.423249852497
1	9277	3008.152188028914	27.333794547711
1	9283	3010.23365836172	34.665413472102
1	9299	3015.489659433961	29.202950390758
1	9301	3015.881463626869	90.006440837167
1	9314	3021.02749221284	24.124330088268
1	9336	3030.760293422971	39.392809025245
1	9379	3043.063041881781	18.508355999017
1	9409	3053.436892863019	18.271738960989
1	9423	3057.095750060989	26.951461207474
1	9430	3059.26693708066	56.987590161036
1	9443	3063.207396701449	11.848505879518
1	9470	3075.377228005331	18.615373944399
1	9475	3076.924852982286	68.942851233413
1	9529	3095.196753031348	32.767484228593
1	9543	3099.114681958809	85.791746092146
1	9571	3106.949034382011	33.06104765611
1	9597	3113.61420295132	94.691338365898
1	9599	3113.994538577513	13.119266580325
1	9638	3124.377241543387	56.036189297334
1	9644	3125.911869331269	85.036964099621
1	9653	3128.629410938365	44.068500213557
1	9664	3131.743906034396	85.528681767173
1	9718	3145.158211520181	27.04006469436
1	9724	3146.968336861591	56.859100053557
1	9744	3152.330765354338	73.004598131055
1	9752	3154.456927549564	47.773567721711
1	9757	3155.625836968313	21.042329107995
1	9769	3158.29337919702	34.610876699095
1	9780	3161.129622009827	65.547824607003
1	9791	3163.443263465082	13.035352219598
1	9811	3170.935723641076	58.307393514432
1	9824	3175.528980103093	35.891276113688
1	9869	3190.416782589286	23.80511638138
1	9878	3194.002959168986	65.098691077203
1	9887	3197.049941097972	52.350197141639
1	9915	3205.969936171088	29.26852062042
1	9920	3207.610084228341	25.196752449615
1	9924	3208.993601175496	15.689168611541
1	9941	3214.440561733328	58.81308904255
1	9967	3221.149751073685	11.281651121796
1	10008	3233.05240577634	71.469224503608
1	10016	3235.214506391093	47.016960882466
1	10035	3239.980328240089	19.821557582706
1	10051	3244.645814034396	19.208748398815
1	10056	3245.952038007563	42.022685252365
1	10065	3248.231851393938	76.579531946096
1	10095	3256.744674375279	57.88448956771
1	10109	3260.101729574734	29.139459901604
1	10117	3263.290251730363	11.021715233216
1	10123	3263.765423309648	48.690657582253
1	10135	3268.56362416049	21.408749136727
1	10143	3270.645868978238	7.246106447885
1	10147	3274.058825913588	37.702805162638
1	10207	3296.540271420503	54.523220292524
1	10223	3300.819419086339	26.41829304572
1	10249	3307.650933601554	17.220197630466
1	10288	3318.226138264993	60.138865655169
1	10292	3319.07902964543	23.016720257817
1	10296	3319.609314703157	13.165990374051
1	10322	3327.068281177784	58.452998519289
1	10364	3337.859341934797	25.633110083873
1	10369	3339.27165486653	38.154216944593
1	10391	3346.180306556524	28.469291873158
1	10409	3350.830465159619	21.465001356089
1	10419	3353.246358321985	73.645138739373
1	10426	3355.574940193103	9.342279254342
1	10442	3360.999658935359	76.390474301178
1	10444	3361.22478718614	9.722450430504
1	10496	3377.323413413026	53.620210035239
1	10514	3381.708881359202	46.374438537863
1	10567	3395.503996857799	33.662088764017
1	10574	3397.554562805112	30.156568465406
1	10580	3399.320533607041	58.196565121756
1	10604	3406.095654922196	5.514842549688
1	10610	3406.38559457998	49.733471213024
1	10623	3411.143062275259	27.098253662115
1	10651	3421.805393113647	5.000640940736
1	10656	3422.7284222619	44.131658260596
1	10658	3423.017777437817	49.921879212838
1	10666	3427.145749271388	37.566719847497
1	10716	3442.32846999437	47.084154385725
1	10722	3443.458522835059	37.175807926574
1	10728	3444.718445519342	17.265973998582
1	10756	3453.773343832357	14.612655985285
1	10758	3454.088754763254	20.82008991635
1	10779	3461.272750047045	49.677770268173
1	10858	3481.004319398441	35.946531658993
1	10862	3482.082007204191	26.058676336892
1	10872	3484.328056611479	62.512723597349
1	10877	3486.053548484817	2.344646276441
1	10890	3489.877992799748	28.304976796732
1	10907	3496.236262267232	29.656329742633
1	10959	3514.87052326138	63.970547901
1	10980	3521.162444093273	48.808428333606
1	10990	3523.405466987062	28.812975550304
1	10996	3526.682639591053	48.331074639105
1	11043	3540.569551755333	51.732905183802
1	11050	3541.926536747264	25.800179456361
1	11064	3545.516899375488	7.157254624413
1	11071	3547.754750246077	14.94232191553
1	11080	3549.492632385581	49.555430184813
1	11134	3567.49221189391	23.935393955093
1	11139	3568.786663001178	63.794667376437
1	11165	3577.128368489451	66.493031806776
1	11193	3587.119199159098	65.105381439439
1	11210	3591.31706282404	64.153318659865
1	11213	3592.05752865913	37.41424208635
1	11251	3603.504975559316	54.454453022102
1	11275	3609.906289334183	27.379641288423
1	11277	3610.368056547024	44.687298189034
1	11280	3610.918004714542	16.889643918372
1	11291	3613.578273850387	53.465300991083
1	11310	3619.996044822162	20.292683623614
1	11348	3633.041830321553	61.91811065213
1	11385	3644.999733966201	39.573695133788
1	11399	3648.85431805033	37.671760468164
1	11436	3660.180790562312	83.373490771864
1	11439	3660.343841242263	27.517164713353
1	11445	3662.126772670666	13.307398524717
1	11451	3663.739232700911	46.720731942567
1	11457	3665.07229087596	42.451624336189
1	11462	3665.998470791394	22.617983981969
1	11480	3672.278873206009	18.256318500615
1	11514	3683.142500131054	17.857374495714
1	11530	3687.488847026261	6.059692741721
1	11537	3690.029091927931	101.92531347135
1	11548	3692.543413776447	6.110953514464
1	11552	3694.127210246407	23.477195892482
1	11555	3694.383021915107	2.697298996383
1	11559	3696.403930987707	68.61091404874
1	11576	3702.201907480611	4.763439620846
1	11623	3720.799129966073	82.453935030032
1	11637	3724.865851486342	48.602064193458
1	11682	3737.924216337976	34.904359884327
1	11695	3741.902277387224	27.754565974467
1	11708	3745.273815914298	85.904580432921
1	11737	3752.501840090619	17.668948134871
1	11741	3753.176927383417	28.745217429591
1	11760	3761.516625291212	20.938088482712
1	11768	3764.32943840442	56.047995250438
1	11841	3783.903405811297	25.8991380051
1	11870	3791.431545328938	27.655582305158
1	11880	3792.954140073509	73.706283875854
1	11886	3794.737273476092	65.264672884015
1	11898	3797.224583283193	27.812666797894
1	11924	3805.080329964878	24.535135595826
1	11927	3805.81731109706	19.735588923676
1	11973	3823.914883406022	77.604971934687
1	11982	3825.802009945045	28.268265400546
1	11997	3830.270069715808	27.222553192404
1	12000	3830.914358998191	22.099199365125
1	12019	3837.721605728505	23.481749751022
1	12032	3842.449299545498	90.255988000422
1	12052	3850.708914481112	20.479306397493
1	12071	3856.315653083851	81.230731952465
1	12074	3857.283159001159	10.159286056763
1	12083	3860.03878786404	24.059448297949
1	12099	3870.309486314195	78.302414740432
1	12118	3880.205394893896	10.276769858786
1	12143	3891.446202204807	10.068627256668
1	12164	3899.779496946497	80.050451244576
1	12176	3903.701243065309	16.330900014146
1	12212	3916.277333131187	12.553722463664
1	12214	3916.929762088938	18.579009909882
1	12236	3925.245271014755	100.42654263391
1	12257	3931.765463053143	11.667180137592
1	12259	3932.126039589418	22.762664951734
1	12288	3943.354289179795	12.038107119617
1	12319	3957.826905251023	116.13666453678
1	12331	3961.002094354373	23.908822469761
1	12334	3961.562586275055	13.622172189061
1	12381	3978.884824572025	24.95829237334
1	12392	3981.181826824213	128.1810898165
1	12398	3983.53895368044	8.264155510465
1	12400	3983.758721989008	13.624798850739
1	12406	3985.570910159277	5.036428278546
1	12418	3990.036372796639	131.31129419151
1	12427	3992.168585923739	127.69797647465
1	12459	4003.550669008877	38.689962631791
1	12495	4015.885345619765	29.640965651605
1	12523	4025.081305956825	149.28394332074
1	12538	4029.188439434055	31.942630466888
1	12569	4037.413223551132	29.492148348829
1	12575	4038.910612175137	19.890483391123
1	12606	4049.542745250284	156.30786216561
1	12608	4050.053566049214	36.751324683312
1	12619	4053.121218734548	23.070732650463
1	12630	4057.050083202666	141.95844612724
1	12649	4063.002343447076	38.097210808541
1	12651	4063.512371603176	28.113263232864
1	12656	4065.241046075133	139.28339669539
1	12696	4079.278956328878	27.049125383723
1	12708	4083.005921320065	140.22040999285
1	12712	4084.509274869121	22.024247147492
1	12719	4085.682672498291	28.395362846085
1	12726	4087.407674643804	2.284868140123
1	12753	4101.006810582253	26.980977474245
1	12763	4105.066009709384	145.7678980485
1	12779	4113.098139476042	33.348201273475
1	12790	4116.237621888878	25.368845552555
1	12793	4117.569998499133	4.223736425279
1	12811	4125.907145720331	133.83689571393
1	12838	4134.290449681582	131.68922197923
1	12872	4142.788642634647	18.2348208311
1	12878	4144.462794369093	103.339847374
1	12902	4149.663780752463	19.246115177753
1	12917	4153.533339298807	34.924133862369
1	12933	4158.209661972487	22.61171537661
1	12970	4170.040582966298	123.61693106126
1	12972	4170.289564498595	29.365643981728
1	13001	4179.463860209579	33.308918354104
1	13008	4182.273368882723	14.117152803809
1	13028	4189.215936354142	31.857087749525
1	13038	4192.774735625959	19.207548601901
1	13051	4198.824394054251	130.52164314128
1	13066	4204.857458841997	20.611367675476
1	13103	4222.313673962028	125.82360485743
1	13105	4222.885932558337	120.69846477301
1	13122	4229.073106453059	121.05095077538
1	13160	4241.983476985604	30.272825704537
1	13182	4250.708138576719	23.495851384476
1	13188	4252.647771011	3.219314076356
1	13190	4252.978576927224	14.791345451494
1	13209	4260.445713935072	108.92711791477
1	13216	4264.885568980828	102.07687188638
1	13228	4268.442728595703	24.805946316455
1	13246	4273.549492666268	94.934522964519
1	13262	4277.783059967219	88.056813489639
1	13264	4277.899666250578	22.809321326555
1	13275	4280.834442020978	85.775012090445
1	13278	4281.085352950507	20.86814576504
1	13289	4283.860746310451	18.470270531136
1	13293	4284.556058624295	83.740091210921
1	13308	4289.365406479339	83.140689284416
1	13328	4296.160174537925	19.704919753364
1	13347	4302.138626906324	85.107425563495
1	13373	4310.749262714187	39.684135056452
1	13376	4311.295726161916	89.147902823975
1	13388	4315.215127599785	27.688193103882
1	13399	4318.011730658482	18.962088803179
1	13421	4324.197535065944	42.16353588109
1	13441	4330.174492981633	97.280372091209
1	13461	4334.670747877107	19.275427193846
1	13493	4343.843850277954	16.84773838485
1	13495	4343.945116620287	39.280456931563
1	13535	4354.746513602904	61.684936952184
1	13547	4357.544993011173	24.549102564691
1	13551	4358.516154450143	48.551788258136
1	13582	4367.359504212054	46.209288512009
1	13601	4373.480384015719	35.195501024834
1	13622	4380.482874289747	24.551014285652
1	13650	4390.145610101529	46.196799901313
1	13664	4396.277268028594	46.344214528799
1	13707	4411.668153792512	44.65704333398
1	13710	4412.101233725094	50.790043151121
1	13741	4420.072511066459	15.249845645624
1	13758	4425.950647123981	47.836629935656
1	13786	4433.742041253842	49.948123693815
1	13793	4435.34966908373	24.930243749173
1	13811	4439.563556295708	67.041642262014
1	13815	4441.048528210148	41.694471565188
1	13819	4441.696073652369	13.91970664577
1	13838	4447.566052671881	25.710850651494
1	13881	4461.060202117552	72.218255786924
1	13902	4468.559545122911	74.306342931582
1	13905	4469.504468901675	25.324079403306
1	13908	4470.756800133976	31.974489119136
1	13946	4480.334678764696	31.093270516954
1	13966	4485.494503335224	25.048240857552
1	13968	4485.969688774214	69.915298798706
1	13976	4487.788423007482	54.06035183708
1	14003	4496.868704274774	42.288273556627
1	14010	4498.566479068492	32.235648291187
1	14013	4499.231816159919	27.018851042376
1	14022	4502.596301069493	25.184265097372
1	14050	4510.548726727612	17.91420852195
1	14069	4515.525579660676	32.967462186937
1	14078	4518.492432694656	10.216193913015
1	14119	4528.530578400367	30.792618517183
1	14129	4531.079844435219	28.081174913095
1	14131	4531.255338951956	43.628446369434
1	14164	4542.69607982634	28.441916494281
1	14166	4542.909499405774	17.914901289273
1	14168	4543.256235777528	23.454333650999
1	14187	4549.512445407346	13.149660922238
1	14203	4553.708167945396	22.990273330248
1	14225	4559.959499993253	2.338845595135
1	14258	4569.574279286674	17.871177483117
1	14271	4575.101263174562	33.693944313097
1	14285	4580.050795826257	33.38287299441
1	14329	4599.704469907569	25.349360375663
1	14340	4602.121331390821	38.526686587492
1	14369	4610.928777324858	8.887854452128
1	14374	4612.787038739196	15.882243783795
1	14403	4621.870969625545	36.326509019707
1	14414	4624.333537902922	5.636879857629
1	14438	4631.026346637648	62.127264617482
1	14466	4638.192029920764	25.324104186032
1	14478	4641.176038328912	49.802229877907
1	14489	4644.627558115758	36.904479109563
1	14503	4648.601877799496	7.748569249408
1	14514	4651.905000915874	27.768135680934
1	14527	4656.202555272385	4.953839371097
1	14533	4657.037407584387	77.015679142096
1	14535	4657.160849124316	27.920863120002
1	14597	4680.220784428421	23.712390431554
1	14605	4683.813660495578	48.686826484867
1	14624	4689.568280520042	27.074492575952
1	14661	4698.272314127657	9.166228933143
1	14671	4701.056908524022	33.231563598735
1	14677	4703.398942980229	57.184778244008
1	14696	4708.898860953989	35.47881081002
1	14729	4718.533393041009	39.741757323272
1	14735	4720.061518200214	8.501203550957
1	14739	4721.327683292221	37.304812291057
1	14750	4724.900079319494	2.546588109108
1	14774	4737.181691185228	31.057293774909
1	14793	4744.219657458841	49.73744645948
1	14808	4751.380521841237	17.928225967682
1	14810	4751.454045200498	51.136539096948
1	14828	4759.711424303363	21.207049674468
1	14867	4772.760344764921	29.136931129728
1	14884	4777.786685676788	60.995940896451
1	14899	4782.158256574659	22.203442693572
1	14910	4784.850791977957	35.898505539631
1	14957	4796.152528655142	68.247704239214
1	14979	4802.114409368843	19.671601502574
1	14985	4803.252078141677	26.771581356298
1	15009	4810.706552906785	44.946432673489
1	15043	4820.216712211967	26.38721338031
1	15063	4824.828947498705	3.230880715186
1	15066	4825.54424803251	70.811853368186
1	15099	4834.361422861352	46.148098357836
1	15116	4839.202544517358	29.044237688649
1	15122	4840.111920694482	68.792500210579
1	15131	4842.939236594722	16.02010155085
1	15133	4843.324423439812	44.419546360385
1	15146	4846.715869861082	30.803039405146
1	15158	4850.046460663441	45.699182321781
1	15174	4854.675671045443	10.966610511298
1	15180	4857.194516762167	8.017872994764
1	15204	4868.801051340772	30.456260202684
1	15235	4879.510438218956	46.84091550857
1	15249	4883.685532335548	23.814873417954
1	15258	4886.68518883829	15.44905608357
1	15274	4892.560866183263	38.140861768394
1	15310	4900.833662956966	23.61992101069
1	15332	4909.500184222366	15.678175402339
1	15342	4911.859744852184	6.408278656424
1	15350	4913.454539802514	47.736490996436
1	15360	4916.343761448172	33.985120640482
1	15362	4917.033459990875	5.909988875616
1	15366	4918.199768160247	30.357601865894
1	15408	4933.516922119085	34.018894670999
1	15423	4939.572620147034	12.542997400627
1	15431	4943.455731338243	27.300451772166
1	15465	4958.235927648617	3.2111336058
1	15488	4967.529687133279	34.917543585764
1	15494	4969.601877961781	3.61085162824
1	15511	4975.544134778557	53.816502035475
1	15516	4977.113319559963	5.451260153205
1	15529	4981.309725772943	32.239688474099
1	15563	4996.874951082872	59.110932115116
1	15591	5008.464510714641	31.277020895386
1	15597	5009.561169589645	65.905719083268
1	15603	5011.755031588844	2.227230434888
1	15608	5013.430837900269	31.149635014706
1	15653	5030.791767650407	26.3404985714
1	15657	5031.71449487657	16.611415781778
1	15684	5039.480062256808	78.590988151031
1	15694	5042.364808437887	4.667635774006
1	15708	5046.205640807056	25.17976743658
1	15748	5057.226915184068	25.009210885154
1	15772	5064.223614192926	20.894436867327
1	15774	5064.261878092315	76.124441584805
1	15782	5065.462377264056	38.596266934532
1	15798	5071.152955039412	77.388232634636
1	15828	5079.543321917424	30.688895739732
1	15868	5089.634749975062	90.35079522361
1	15885	5096.114714431932	36.447861013118
1	15887	5097.193796371467	26.533709708485
1	15927	5109.807537703666	55.615822471329
1	15943	5114.789910282365	38.466549718636
1	15957	5119.895035184695	54.69407486124
1	15967	5123.911884429872	36.704618433723
1	16007	5140.820525946454	58.672183107004
1	16010	5141.862792606008	48.808426350588
1	16023	5146.267214722591	31.595285426011
1	16059	5161.4643135639	62.845377756051
1	16074	5165.748801906137	62.015608577059
1	16091	5170.137196496021	5.586402593763
1	16102	5173.20110863483	35.552324605757
1	16105	5174.231756956909	15.460856100663
1	16132	5182.703366773677	7.412068340695
1	16169	5192.729758999903	83.661940614113
1	16176	5194.517427384398	74.015203389807
1	16179	5195.170498518165	46.988150491728
1	16187	5197.146124747941	70.68069739768
1	16198	5199.622195357931	45.963386671385
1	16220	5205.828516425341	2.169712259434
1	16239	5212.177832658065	25.660606177643
1	16241	5212.198590265244	31.629123758639
1	16255	5216.840969251827	84.634495258914
1	16286	5227.092835343335	84.394192632637
1	16310	5234.953844549844	8.731921791333
1	16322	5238.003539713111	45.521011545325
1	16336	5242.001800911279	32.507299789229
1	16344	5243.320683915645	45.342491457707
1	16354	5245.890991947739	75.666451786762
1	16385	5257.612460091255	25.805328374729
1	16398	5263.47537086975	48.033890635708
1	16405	5266.064444697474	45.616940237817
1	16465	5289.027079248115	30.364813796713
1	16476	5291.698850729631	54.811654301944
1	16479	5292.545502830657	17.751694213484
1	16496	5298.242153050738	12.754369394738
1	16509	5304.324848518952	62.099881513279
1	16527	5309.927044586876	40.274495924712
1	16561	5320.879206981172	73.536417026889
1	16580	5324.823376485744	44.753185599233
1	16606	5330.821576327561	78.114145555999
1	16608	5331.541386824809	24.414649654179
1	16614	5332.63869423036	14.694722785963
1	16628	5337.762275629575	47.250090893945
1	16640	5340.644483598306	17.258800515088
1	16645	5342.012158999927	78.225805733352
1	16686	5354.605165833621	59.085432283584
1	16700	5358.337417316397	18.531716381662
1	16704	5359.754358916088	58.294336450985
1	16714	5361.978960865773	49.693589278384
1	16758	5374.783395314948	40.487553224782
1	16766	5376.556596537711	30.806525931575
1	16799	5384.357630564842	28.289323211415
1	16821	5389.857392899938	61.220996686028
1	16823	5390.589908400325	39.620200441681
1	16826	5390.844714236808	29.230714550594
1	16828	5391.295060603658	24.164918306052
1	16843	5396.474858655954	12.255587188411
1	16847	5397.255023447458	2.657694365947
1	16850	5397.783215994609	18.969499600005
1	16862	5401.897673904904	28.839308260938
1	16895	5413.670586295086	13.299062067992
1	16923	5423.344580652786	33.967101316319
1	16955	5432.784124648209	15.421761095292
1	16961	5433.672531389755	27.5438816488
1	16992	5444.321625506862	21.647839298819
1	17016	5452.021732560136	23.43076361646
1	17021	5452.808514713553	8.480969494675
1	17044	5459.714885917384	10.299686329088
1	17057	5463.533820630408	51.59377243032
1	17076	5468.931251597484	14.33095150988
1	17087	5471.325767098936	37.696574193659
1	17112	5481.410367570824	42.21606232342
1	17159	5496.086823664269	35.97374931921
1	17172	5500.966298540366	35.696920223068
1	17189	5509.085368984387	38.778192950876
1	17207	5517.866520169431	41.842142114412
1	17221	5526.006363430654	28.012799806079
1	17223	5526.519839561203	44.895577208951
1	17232	5531.396427855136	44.354122638932
1	17237	5534.329849189625	30.473878594117
1	17250	5549.609977569556	57.334008706382

