version 3
run General-10-20240430-20:30:43-5481
attr configname General
attr datetime 20240430-20:30:43
attr datetimef 20240430-203043
attr experiment General
attr inifile omnetpp.ini
attr iterationvars $0=false
attr iterationvarsd false
attr iterationvarsf false-
attr measurement $0=false
attr network Supermarket
attr processid 5481
attr repetition 0
attr replication #0
attr resultdir results
attr runnumber 10
attr seedset 10
config network Supermarket
config repeat 10
config num-rngs 10
config **.use_random_strategy false

vector 0 Supermarket queueSizeOverTime:vector ETV
attr recordingmode vector
attr source updateQueue
attr title queueSizeOverTime
vector 1 Supermarket customerWaitingTime:vector ETV
attr interpolationmode none
attr recordingmode vector
attr source customerFinished
attr title "cust waiting time"
0	7	5.083739921451	1
0	14	10.754895558581	1
0	23	16.027158470824	0
0	28	16.166941955453	1
0	30	17.896494740737	0
0	36	21.693324420136	1
0	47	26.841929262505	1
0	62	31.963498382364	1
0	82	37.634247465991	2
0	108	43.460100220983	2
0	111	44.649259970757	1
0	114	44.887101031492	1
0	123	48.002034938196	0
0	129	48.596806808143	1
0	132	49.578240524746	0
0	145	54.171900142684	1
0	146	54.477439657668	0
0	161	59.589928260656	0
0	166	60.063222093276	1
0	182	65.272424218013	1
0	203	70.834720488173	2
0	205	71.32837959542	1
0	211	73.019059464801	0
0	222	75.840537684738	1
0	224	76.140250395519	0
0	239	81.147960889387	1
0	247	83.365339719108	0
0	259	86.959644038464	1
0	266	88.789698995417	0
0	270	90.049734487316	0
0	276	92.038631908131	1
0	293	97.349985044683	1
0	298	99.10711188184	0
0	312	102.982368630591	1
0	317	105.0504858864	0
0	319	105.197279079352	0
0	329	108.624333574438	1
0	332	110.376252469258	0
0	342	114.544357354521	1
0	352	118.949787963067	0
0	357	119.843233713881	1
0	367	124.159018976964	0
0	372	125.411979250378	1
0	387	130.590603581165	1
0	393	132.625061657048	0
0	402	135.719254354015	0
0	407	136.123177281582	1
0	423	141.918839795982	1
0	424	142.019658530132	0
0	439	146.934094763362	1
0	450	149.79843982286	0
0	452	149.874476419996	0
0	461	152.413284701995	1
0	477	157.799703815255	1
0	498	163.240168765887	2
0	509	166.214414674206	0
0	520	168.644926097711	1
0	537	173.866565412375	0
0	541	174.087180129952	1
0	558	179.117303403794	2
0	565	181.104214745109	0
0	570	181.959962790486	1
0	573	182.780716966374	0
0	577	184.569922869677	1
0	581	184.893308716594	1
0	596	190.444267089712	1
0	618	195.825340492419	2
0	639	201.354606270558	2
0	647	203.29062291794	1
0	663	207.311483169208	2
0	668	208.802334595124	1
0	686	212.893325365615	2
0	694	215.182955530004	0
0	697	215.756555966567	0
0	705	217.913764495403	1
0	719	223.123791078804	1
0	722	224.336896074244	1
0	735	227.605978841312	1
0	745	228.948885940015	2
0	748	229.898282460636	0
0	756	232.85165930947	0
0	764	234.785017751157	1
0	777	239.860412663081	1
0	795	244.871813446981	2
0	801	245.978391250136	1
0	810	248.645020899361	0
0	816	249.920234011718	1
0	829	254.027222978883	1
0	836	255.277356720761	2
0	842	257.257050969171	0
0	848	259.17332227854	0
0	850	259.254637981766	0
0	856	260.943050095577	1
0	861	263.212135642074	1
0	870	265.9544397064	1
0	883	271.062357476212	1
0	903	276.963370576965	2
0	908	277.910044681279	0
0	921	282.758249340112	1
0	932	285.401559288146	0
0	934	286.144785734132	1
0	942	288.569710320326	1
0	953	292.308486581778	0
0	963	294.20998837822	1
0	969	296.39939020993	0
0	978	299.729861240134	0
0	982	299.83476789086	1
0	991	304.019488870514	0
0	994	304.512029437115	0
0	998	305.211020343237	1
0	1008	310.803825750946	1
0	1019	315.131564133456	0
0	1026	316.433767627225	1
0	1040	321.576367942848	1
0	1050	324.293358539812	0
0	1063	327.510209244442	1
0	1077	332.860719867167	0
0	1083	333.456589124397	1
0	1090	335.81010509352	0
0	1101	339.058885774807	1
0	1103	339.550939782289	0
0	1117	344.199337258701	1
0	1124	346.440478011382	0
0	1137	349.947748866862	1
0	1159	355.736589264589	2
0	1161	356.116818411972	1
0	1183	361.466985878999	2
0	1194	365.030329939793	0
0	1204	367.312604221747	1
0	1208	368.306209812523	0
0	1214	369.670369101685	0
0	1222	373.279213919536	1
0	1237	379.193450890364	1
0	1241	379.236226518172	1
0	1246	380.997399006736	0
0	1256	384.390073892077	0
0	1261	384.55064346455	1
0	1276	390.111035331618	1
0	1284	393.032689755433	0
0	1294	395.203090934083	1
0	1296	396.335921204064	0
0	1310	400.666588955326	1
0	1330	406.353133917088	2
0	1333	407.366496042463	1
0	1340	408.758986899511	0
0	1342	409.174457614774	0
0	1350	411.881169137545	1
0	1366	417.873327175854	1
0	1375	420.617426087848	0
0	1384	423.268363108859	1
0	1404	429.18004351435	0
0	1408	429.200713765109	1
0	1416	431.896142221172	0
0	1426	434.337428887375	1
0	1443	439.509356699884	2
0	1450	441.062060243566	0
0	1461	444.970352064702	1
0	1465	445.0124111888	1
0	1483	450.068264074158	2
0	1484	450.417976159836	0
0	1500	455.365931151901	1
0	1501	455.51650550915	0
0	1517	460.476719052531	1
0	1524	463.137882419281	0
0	1535	465.789359352784	1
0	1553	469.915086181952	0
0	1560	471.246338485507	1
0	1570	474.476365561949	1
0	1580	476.905278559774	2
0	1585	478.252159054856	0
0	1591	480.339960536689	1
0	1600	482.159536081599	1
0	1602	483.187391616871	0
0	1617	487.800637344131	1
0	1626	490.455206774059	0
0	1636	493.000760949682	1
0	1642	495.278266449109	0
0	1655	498.779050165554	1
0	1665	501.638780525771	0
0	1675	504.558648563222	1
0	1682	507.193381250603	0
0	1689	509.587944229482	0
0	1693	509.616849313722	1
0	1698	511.365415276144	0
0	1707	515.347002737223	1
0	1708	515.471238171216	0
0	1715	518.515430799684	0
0	1717	518.772717337706	0
0	1721	521.20662102918	1
0	1728	526.23716213391	1
0	1739	532.09676701878	1
0	1750	535.82328382693	0
0	1757	537.536546542074	1
0	1763	539.665298491017	0
0	1773	543.096991202792	1
0	1776	544.599245618677	0
0	1789	548.914396465754	1
0	1802	554.003402762346	1
0	1820	559.388974887084	2
0	1824	560.486371464094	0
0	1838	564.406397436045	1
0	1858	569.457364309577	2
0	1860	569.568330681182	0
0	1865	571.699195586841	1
0	1877	574.892436046617	1
0	1882	576.505743819402	0
0	1896	580.869279914301	1
0	1900	581.706806265514	0
0	1909	584.785692794366	1
0	1916	585.96306322445	1
0	1927	589.047028224448	0
0	1936	591.606166364391	1
0	1955	597.046421000034	2
0	1966	600.491697522111	0
0	1971	602.005909380503	0
0	1975	602.83529482805	1
0	1990	608.539752368581	1
0	1992	609.075571621769	0
0	2000	612.222075300057	0
0	2007	614.260210731065	1
0	2022	619.756987463914	1
0	2023	620.094910438287	0
0	2028	621.531409048592	1
0	2038	624.965924832854	0
0	2043	625.490583041215	1
0	2052	628.916162519599	0
0	2056	630.696756430201	0
0	2060	630.991197359979	1
0	2071	636.436373989794	1
0	2085	641.52680677641	1
0	2100	646.481368624953	0
0	2105	646.80036969343	1
0	2112	648.834298306028	0
0	2124	652.743846792726	1
0	2125	652.812189708461	0
0	2142	657.770391436525	1
0	2147	659.108690628549	0
0	2163	662.810390128753	1
0	2181	668.093530486802	2
0	2195	672.236747870337	0
0	2203	674.084423288469	1
0	2215	678.280124149983	0
0	2223	680.077065522083	1
0	2233	683.333598130379	1
0	2243	685.448801094665	2
0	2248	686.951489689408	0
0	2251	687.201108751699	0
0	2263	691.401325232115	1
0	2277	697.376760054844	1
0	2281	698.957414849661	0
0	2293	702.803693460299	1
0	2312	708.301626261788	2
0	2317	709.856425702921	0
0	2326	711.717782950958	1
0	2334	713.543486351146	1
0	2355	719.542418619617	2
0	2367	723.078219719811	0
0	2371	723.689650253974	1
0	2375	724.967097055516	0
0	2379	725.125112432287	1
0	2393	730.308391433208	1
0	2395	730.773403866913	1
0	2410	734.962122439289	0
0	2414	735.695236857514	1
0	2433	740.884910389547	2
0	2439	742.280390555504	0
0	2452	746.295681060523	1
0	2461	749.502838269575	0
0	2470	751.890361124415	1
0	2475	753.091271401498	0
0	2477	753.796151249667	1
0	2481	755.010877357564	0
0	2489	757.606947218532	1
0	2504	763.093838698928	1
0	2524	768.403428514487	2
0	2543	773.98086988693	2
0	2552	775.681026647447	0
0	2555	776.484318774889	1
0	2564	779.422577700577	1
0	2571	781.577481482408	1
0	2584	784.782255801604	2
0	2588	786.129867628329	0
0	2592	787.246620112794	0
0	2600	790.630329246166	1
0	2615	796.362589688039	1
0	2617	796.747961652697	0
0	2619	796.969328781938	0
0	2626	800.458075203814	1
0	2631	801.624575240536	1
0	2643	807.086959896374	0
0	2647	807.573124438756	1
0	2652	809.467385039431	0
0	2665	813.302484897663	1
0	2679	818.979802367509	1
0	2682	820.456434487827	0
0	2699	824.7896019686	1
0	2702	826.097539816167	0
0	2715	830.23267120472	1
0	2734	836.203063619089	2
0	2735	836.233290568692	1
0	2754	841.336092308162	2
0	2760	843.038456551147	0
0	2774	846.792131368535	1
0	2778	847.872074205312	1
0	2783	849.262713974689	0
0	2794	851.951867593451	1
0	2800	853.43047563126	0
0	2816	857.91350949765	1
0	2819	858.842148535068	0
0	2832	862.85703408194	0
0	2838	863.751125247682	1
0	2851	869.197605240158	0
0	2855	869.271285931578	1
0	2871	874.489558190571	1
0	2891	879.624476910101	2
0	2899	881.660442601655	0
0	2902	882.650824938898	0
0	2910	885.603547259465	1
0	2911	885.741456972317	0
0	2926	891.310590751933	1
0	2932	894.473605556411	1
0	2937	895.5322463779	0
0	2943	897.170566308776	1
0	2961	902.557738936039	1
0	2964	903.349206386364	0
0	2972	906.673141722566	0
0	2977	907.808572957058	1
0	2979	908.273461066533	0
0	2991	913.10801097704	1
0	3002	916.767108719562	0
0	3009	918.964906499254	1
0	3010	919.516632770883	0
0	3022	924.437890485393	1
0	3042	930.101167534709	1
0	3060	935.906896143684	2
0	3075	940.784202612585	1
0	3081	941.159876644609	2
0	3088	943.570416512199	1
0	3100	946.239450084974	2
0	3105	947.573998115607	0
0	3108	948.500940580268	0
0	3118	951.972210690842	1
0	3126	955.338388235191	0
0	3134	957.933608168035	1
0	3139	960.306980142715	0
0	3148	963.887412905458	1
0	3149	964.232741925397	0
0	3162	969.377911955814	1
0	3173	974.08363289095	1
0	3180	975.01010402152	1
0	3198	980.743099043375	2
0	3203	982.235554802463	0
0	3207	982.804293753813	1
0	3217	985.994649698256	1
0	3225	987.93701165868	0
0	3238	991.804033724122	1
0	3241	992.787816078981	0
0	3257	997.729843379693	1
0	3279	1003.629731095858	2
0	3280	1003.838774462111	0
0	3294	1008.556798819806	1
0	3300	1009.064276984191	1
0	3305	1010.462913320513	0
0	3320	1014.085623316696	1
0	3341	1019.870724629141	2
0	3343	1020.725652399477	1
0	3362	1025.053307184247	2
0	3370	1027.175608693038	0
0	3375	1028.573366655035	0
0	3381	1030.62974460376	1
0	3395	1035.98610358615	1
0	3403	1039.062533216782	0
0	3410	1040.669553871155	1
0	3416	1041.748969734409	1
0	3436	1047.281781902998	2
0	3451	1052.112638226007	0
0	3456	1052.645837619663	1
0	3469	1056.865790242674	0
0	3475	1058.45641137985	1
0	3479	1059.027510671765	1
0	3498	1063.750741825201	2
0	3499	1063.968606837321	0
0	3517	1069.346975346789	1
0	3534	1074.778153198999	2
0	3535	1074.843690850883	0
0	3538	1074.968432996999	0
0	3550	1080.370550697432	1
0	3563	1085.645728625594	1
0	3569	1086.26131484075	1
0	3575	1088.330393559761	1
0	3591	1091.616330090207	2
0	3603	1095.424681467582	0
0	3605	1095.499983486366	0
0	3609	1096.93560054665	1
0	3624	1102.198966335501	1
0	3643	1107.741246948713	2
0	3651	1109.721950837758	0
0	3654	1110.958237703777	1
0	3662	1112.823511473365	1
0	3665	1113.868987921503	1
0	3673	1115.696610833745	0
0	3677	1117.127755065794	0
0	3684	1118.715332668271	1
0	3701	1124.399956939273	1
0	3718	1129.460863188371	0
0	3723	1129.888250107408	1
0	3731	1132.8482136518	0
0	3738	1135.071946360981	0
0	3742	1135.373664412877	1
0	3753	1139.742581136055	0
0	3759	1141.340357329926	1
0	3772	1146.551705216986	1
0	3794	1151.963353353084	2
0	3801	1153.722621467892	0
0	3816	1157.953018934929	1
0	3824	1161.169919333534	0
0	3830	1162.624387991612	1
0	3834	1162.981430786426	1
0	3854	1168.682757304047	2
0	3871	1173.707928871034	2
0	3889	1179.028810599117	2
0	3893	1180.083323292199	0
0	3896	1180.903443889458	1
0	3898	1181.145784010874	1
0	3910	1184.102337666784	1
0	3911	1184.405108319126	0
0	3924	1188.559954927302	1
0	3928	1189.163222229803	1
0	3935	1191.034529072461	0
0	3946	1194.27462854399	1
0	3960	1198.966948103857	0
0	3964	1199.546948978907	1
0	3972	1201.206355481405	0
0	3979	1203.92057501245	0
0	3984	1204.87835343694	1
0	3999	1210.709257204548	1
0	4014	1214.944552838215	0
0	4020	1215.949049388288	1
0	4026	1217.667482287039	0
0	4032	1220.15378006047	0
0	4039	1221.606284114296	1
0	4055	1227.345258764686	1
0	4065	1230.476999550356	0
0	4076	1233.176548506129	1
0	4097	1238.966274178815	2
0	4102	1239.761570146304	1
0	4121	1244.370114430083	0
0	4125	1244.723636955484	1
0	4129	1245.922281358969	0
0	4131	1246.180035550028	0
0	4141	1250.31634225463	1
0	4155	1255.534911025776	1
0	4176	1261.022925583408	2
0	4182	1263.077193854488	0
0	4187	1264.826000101743	0
0	4194	1266.643871965348	1
0	4199	1267.835797664005	0
0	4206	1271.703530757568	1
0	4210	1271.898338499009	1
0	4227	1277.77589404373	1
0	4240	1281.558960516235	0
0	4248	1283.21102423104	1
0	4256	1285.916011157324	0
0	4268	1288.940518571991	1
0	4272	1290.219305636357	0
0	4278	1292.096230920051	0
0	4286	1294.353159342423	1
0	4304	1299.593792166091	1
0	4308	1300.904949657616	0
0	4321	1305.445116597224	1
0	4337	1309.70284642011	0
0	4341	1311.14576785231	0
0	4345	1311.269218886267	1
0	4346	1311.875475059959	0
0	4357	1316.794430674748	1
0	4359	1317.493133817912	0
0	4369	1322.1807714696	1
0	4377	1325.619019136994	0
0	4385	1327.771652263119	1
0	4399	1332.909175883043	1
0	4419	1338.717446289487	2
0	4426	1340.684329607403	0
0	4441	1344.683272102145	1
0	4445	1345.748777199415	1
0	4453	1347.618864488318	0
0	4464	1350.463067909466	1
0	4470	1352.457981107985	0
0	4482	1355.702402987514	1
0	4502	1360.934157969194	2
0	4510	1363.449847648614	0
0	4516	1365.824486179505	1
0	4518	1366.140556785391	0
0	4523	1366.927441149947	1
0	4529	1369.258322302014	0
0	4534	1372.000959559107	0
0	4539	1372.736798211231	1
0	4549	1378.326483659444	1
0	4560	1382.892240708342	0
0	4565	1383.463970606912	1
0	4566	1383.890157634389	0
0	4571	1386.65209170163	0
0	4577	1389.142411311621	1
0	4590	1395.13460200629	1
0	4598	1398.740914767955	0
0	4601	1400.176267243921	0
0	4605	1400.89551476552	1
0	4616	1406.629938957047	1
0	4634	1412.574491743928	1
0	4636	1412.950247792644	0
0	4648	1418.121862519065	0
0	4652	1418.211008786921	1
0	4667	1423.725998276145	1
0	4671	1424.961269294377	0
0	4684	1428.836452612419	1
0	4697	1433.185390689057	0
0	4705	1434.577952745369	1
0	4710	1436.155991253093	0
0	4722	1439.843718294751	1
0	4729	1442.306327896193	0
0	4736	1444.482868678169	0
0	4743	1445.480462757636	1
0	4751	1448.35146680183	0
0	4757	1450.491754544199	1
0	4766	1454.010252668871	0
0	4774	1455.932193231768	1
0	4775	1455.963065772897	0
0	4788	1461.827665835851	1
0	4802	1467.264934678096	1
0	4803	1467.915305296424	0
0	4809	1469.186862808419	0
0	4819	1472.686552190687	1
0	4833	1477.741269571706	1
0	4841	1480.956792619661	0
0	4848	1482.751203261781	1
0	4858	1485.387732240138	0
0	4860	1485.45968719339	0
0	4869	1488.540968940826	1
0	4877	1490.991512200911	0
0	4884	1493.81628215732	1
0	4899	1499.534022160805	1
0	4900	1500.082891506726	0
0	4917	1504.95537808421	1
0	4925	1507.591265091558	0
0	4934	1510.147899765521	1
0	4945	1512.495361681562	0
0	4952	1514.453252309816	0
0	4958	1515.461714996723	1
0	4963	1517.618498050259	0
0	4971	1520.510820973897	1
0	4987	1526.076821357244	1
0	4995	1528.571058353759	0
0	5003	1531.280762745998	1
0	5023	1536.642426561098	2
0	5026	1537.673495650642	1
0	5039	1540.381243414712	0
0	5047	1542.420111976563	1
0	5052	1544.255602199117	0
0	5059	1547.061013516621	0
0	5061	1547.265179205801	0
0	5066	1548.260082075139	1
0	5076	1553.714245629729	1
0	5083	1556.588067220523	0
0	5086	1557.416016268192	0
0	5093	1559.452406628988	1
0	5103	1564.51284455764	1
0	5119	1569.60379572655	1
0	5128	1572.785900344024	0
0	5139	1575.286502185277	1
0	5158	1580.52967635449	2
0	5177	1586.170137794455	2
0	5182	1588.163619993369	0
0	5196	1591.239276979351	1
0	5203	1593.382907208869	1
0	5209	1595.090357714334	0
0	5219	1597.11219693534	1
0	5224	1598.895768717282	1
0	5229	1600.665191286942	0
0	5236	1602.22180387983	1
0	5246	1604.755388050456	0
0	5255	1607.39085963997	1
0	5276	1612.858237631386	2
0	5293	1618.129931816133	2
0	5299	1619.840183689376	0
0	5308	1622.182505801087	1
0	5315	1623.729924826185	1
0	5317	1625.131396459994	1
0	5334	1629.348570362898	2
0	5345	1633.012080432144	0
0	5352	1634.857147715403	1
0	5356	1634.911515559536	1
0	5358	1636.130124260203	0
0	5372	1640.459015559638	1
0	5384	1643.337570934558	0
0	5386	1643.463394584832	0
0	5393	1646.245270420099	1
0	5396	1646.802806104183	0
0	5400	1649.441981310141	0
0	5406	1652.165317459265	1
0	5417	1657.646290220553	1
0	5421	1659.40891312633	0
0	5430	1663.129118857672	1
0	5444	1668.497131137177	1
0	5459	1672.430441751961	0
0	5465	1673.593674798729	1
0	5486	1678.900553331245	2
0	5498	1682.294625201381	1
0	5500	1682.598824873683	0
0	5510	1684.44190631737	1
0	5522	1688.478196568554	0
0	5531	1690.366833257256	1
0	5541	1693.462639817851	0
0	5552	1696.337384055136	1
0	5557	1697.554989570173	0
0	5562	1699.7383346695	0
0	5570	1701.632405237761	1
0	5578	1704.842791465228	0
0	5586	1707.365523614921	1
0	5602	1712.636381286662	1
0	5622	1717.687588378554	2
0	5627	1719.258342952702	0
0	5640	1722.716052188305	1
0	5648	1724.922631627416	0
0	5657	1727.86648380314	1
0	5658	1728.297275248101	1
0	5678	1733.687274268596	2
0	5688	1736.418536007522	0
0	5699	1739.149302296807	1
0	5708	1741.904290930483	0
0	5719	1744.625769062201	1
0	5725	1747.184236187372	0
0	5728	1747.630497627892	0
0	5736	1750.218918430619	1
0	5738	1750.910075798864	0
0	5750	1755.984918482136	1
0	5754	1757.574829950115	1
0	5763	1761.188909516903	0
0	5767	1761.978256870527	1
0	5775	1765.13576711016	0
0	5783	1767.333476490807	1
0	5800	1772.394009128912	1
0	5819	1777.647574767005	2
0	5830	1781.331184637384	0
0	5833	1781.780861769802	1
0	5839	1782.878209870076	1
0	5858	1788.361238146547	0
0	5862	1788.611822235631	1
0	5875	1792.344694877508	0
0	5883	1794.23628744809	1
0	5884	1794.679897236872	0
0	5892	1797.501853789901	0
0	5897	1799.268890562234	0
0	5902	1799.950160155073	1
0	5914	1805.663687384455	1
0	5929	1810.836406920106	1
0	5936	1812.854257294793	0
0	5949	1816.179111803184	1
0	5963	1820.166632731445	0
0	5972	1821.884218130261	1
0	5977	1823.678195100979	0
0	5989	1827.191477541579	1
0	5999	1829.907134206849	0
0	6001	1830.647448542993	0
0	6008	1832.462864620611	1
0	6009	1832.642420244288	0
0	6025	1837.870971675264	1
0	6035	1841.887703201036	0
0	6041	1843.784801504808	1
0	6042	1844.404718561215	0
0	6054	1849.015804520576	1
0	6059	1850.833594062715	0
0	6070	1854.663681204664	1
0	6086	1860.589786663885	1
0	6093	1863.137974776327	0
0	6105	1866.105999607594	1
0	6125	1871.632865942317	2
0	6128	1872.719049333711	0
0	6135	1874.533464319656	0
0	6142	1877.011192933191	1
0	6150	1880.145932612009	0
0	6157	1882.67661662004	1
0	6162	1884.4318680577	1
0	6175	1887.724697998958	1
0	6194	1893.13982958789	2
0	6213	1898.226541362703	2
0	6215	1899.00746487314	1
0	6232	1903.498223490082	2
0	6243	1906.55779508932	1
0	6251	1908.178550653626	0
0	6256	1908.736409761943	1
0	6257	1909.474607651357	0
0	6273	1914.256161472062	1
0	6285	1918.224894381479	1
0	6290	1919.483822331065	0
0	6294	1919.55239558802	1
0	6300	1921.56413350266	0
0	6311	1925.00812463346	1
0	6330	1930.046791152796	2
0	6331	1930.160673369421	0
0	6333	1930.619158056332	1
0	6340	1932.986078872229	0
0	6347	1935.645794177661	1
0	6351	1937.519552252255	0
0	6353	1937.797259892223	0
0	6359	1941.14760777168	1
0	6362	1943.02850434801	0
0	6369	1946.649333895184	1
0	6381	1951.71000359091	1
0	6394	1956.836467644666	0
0	6398	1957.659840526525	1
0	6414	1962.825156722916	1
0	6421	1964.681854952243	0
0	6434	1968.287930241553	1
0	6454	1973.992203337606	2
0	6459	1975.357916137204	1
0	6471	1979.145839841221	0
0	6477	1979.63978551724	1
0	6496	1985.207894249121	2
0	6508	1987.665823379878	0
0	6521	1991.16203256324	1
0	6527	1992.793841419041	0
0	6541	1996.747342961608	1
0	6560	2002.202697930625	2
0	6571	2005.25498013664	1
0	6577	2006.952789387898	1
0	6584	2007.941149460618	2
0	6585	2008.390063906204	1
0	6589	2008.751606168576	0
0	6603	2013.740765225141	0
0	6607	2013.753385733348	1
0	6619	2018.943239462212	0
0	6623	2019.680676907302	1
0	6642	2025.50705251773	1
0	6663	2030.984270506307	2
0	6673	2034.000608573202	0
0	6675	2034.130433134851	1
0	6683	2036.506047899836	1
0	6694	2040.112405547057	0
0	6697	2041.012455574703	0
0	6703	2042.391435236206	1
0	6720	2047.495295644739	1
0	6731	2051.644619398168	0
0	6737	2053.145746832715	1
0	6754	2058.57547755586	0
0	6758	2058.702056871263	1
0	6767	2061.731879175759	0
0	6776	2064.60325837182	1
0	6785	2067.16408923152	0
0	6789	2068.342517537067	0
0	6793	2069.696096822505	0
0	6797	2069.869712338551	1
0	6805	2074.881357622567	0
0	6809	2075.526859333507	1
0	6813	2078.127944591573	0
0	6815	2078.824654386848	0
0	6819	2081.275365122828	1
0	6824	2087.207816298586	0
0	6828	2087.209907393205	1
0	6833	2091.808528033901	0
0	6837	2093.106892301003	1
0	6845	2098.615013800096	1
0	6857	2103.862454038114	1
0	6872	2109.640627560905	1
0	6886	2114.202948761173	0
0	6892	2114.822011420038	1
0	6895	2115.83941083879	0
0	6903	2118.554722304922	0
0	6905	2118.896454919712	0
0	6910	2120.277049882571	1
0	6918	2125.024400658789	0
0	6922	2125.421141824686	1
0	6927	2127.854163588957	0
0	6931	2130.69605961768	0
0	6935	2130.802149100929	1
0	6942	2136.207883632976	1
0	6953	2141.866849068554	1
0	6969	2147.271552801134	1
0	6982	2151.127672774136	0
0	6989	2152.476976329695	1
0	7006	2157.665127620102	2
0	7015	2160.552759907791	0
0	7023	2162.690261664569	1
0	7032	2165.584850084035	0
0	7035	2165.996670488154	1
0	7045	2167.961158995984	1
0	7067	2173.954612569652	2
0	7074	2176.050467693016	0
0	7080	2178.459932517029	0
0	7085	2179.022380302894	1
0	7099	2185.018196114573	1
0	7112	2189.195989388855	0
0	7117	2190.28842153377	1
0	7121	2191.37610919343	0
0	7126	2192.802662779462	1
0	7138	2195.531904890901	1
0	7143	2197.200095686714	0
0	7156	2200.958853784949	1
0	7166	2204.056777387625	0
0	7175	2206.671004731208	1
0	7177	2207.390637980076	0
0	7194	2212.334086049348	1
0	7199	2214.187196265211	0
0	7208	2216.695119822515	0
0	7212	2217.467761012725	1
0	7213	2217.735629974632	0
0	7225	2222.648106177104	1
0	7231	2224.887250345782	0
0	7242	2228.51640085387	1
0	7257	2234.488267005421	1
0	7272	2239.538062409961	0
0	7278	2239.998128132429	1
0	7292	2244.277398664969	0
0	7300	2245.473629162181	1
0	7313	2249.472051592543	0
0	7316	2250.123343343263	0
0	7320	2250.726901940303	1
0	7335	2255.751422889764	1
0	7346	2259.575514863247	0
0	7356	2261.707500606776	1
0	7366	2265.480546128702	0
0	7373	2267.253208683106	1
0	7392	2272.93906093971	2
0	7404	2276.56862499367	1
0	7406	2277.288818795699	0
0	7413	2278.821700243979	1
0	7422	2281.036791985857	0
0	7425	2281.346908276203	0
0	7434	2284.553887591233	1
0	7442	2287.394036123764	0
0	7450	2289.971379409313	1
0	7451	2290.429875776521	0
0	7463	2295.443491733169	1
0	7471	2299.199433644421	0
0	7478	2300.463554588148	1
0	7482	2302.03547027393	0
0	7492	2305.889144602699	1
0	7507	2311.779808654684	1
0	7521	2316.01195448975	0
0	7526	2317.272284980399	1
0	7545	2322.342552977383	2
0	7566	2327.43099034345	2
0	7578	2331.38208830962	1
0	7588	2333.164016454483	2
0	7607	2338.300952002523	0
0	7614	2339.107238955565	1
0	7616	2339.511636338199	1
0	7618	2339.658956916306	0
0	7626	2343.424544712415	0
0	7632	2344.38165194262	1
0	7647	2349.786534558518	1
0	7667	2354.896864300829	2
0	7676	2357.367438487824	1
0	7687	2359.998387597504	2
0	7697	2363.27887560544	1
0	7708	2365.440191238888	2
0	7716	2367.607575194562	0
0	7728	2371.07406625408	1
0	7729	2372.248588325924	0
0	7746	2377.032061319335	1
0	7765	2382.878488162069	2
0	7770	2384.405533561481	1
0	7787	2388.253009675539	2
0	7789	2389.053271336483	1
0	7809	2393.388100074607	2
0	7827	2398.940629494379	2
0	7842	2402.706880706131	1
0	7845	2403.552119633878	1
0	7851	2404.101756589723	2
0	7872	2409.670305555922	2
0	7873	2410.185453570218	1
0	7893	2415.156015420103	2
0	7897	2416.08239526639	1
0	7902	2417.320210577335	1
0	7904	2417.969794924834	0
0	7910	2419.793915227518	0
0	7915	2420.283534966878	1
0	7929	2425.827227133562	1
0	7949	2431.027717739579	2
0	7958	2433.657200736578	1
0	7962	2435.162857887453	1
0	7965	2435.545547125863	0
0	7969	2436.05141732842	1
0	7991	2441.791057063502	2
0	7998	2443.888854726338	1
0	8011	2447.306645549836	2
0	8016	2449.114471802376	1
0	8024	2451.815470137987	0
0	8026	2451.987497209342	1
0	8031	2452.621637526203	1
0	8050	2458.468230077067	2
0	8058	2460.703637358618	0
0	8068	2463.729441948004	0
0	8072	2463.915606351338	1
0	8086	2469.015691575829	1
0	8091	2470.712403914078	1
0	8099	2472.757451690622	0
0	8103	2473.54629899841	0
0	8110	2474.917283659803	1
0	8120	2479.043559622139	0
0	8127	2480.773371909514	1
0	8129	2481.599140403096	0
0	8132	2482.549806968661	0
0	8138	2486.059701787542	1
0	8150	2491.318716561656	1
0	8151	2491.639476352606	0
0	8164	2497.281937272289	1
0	8165	2497.609683840537	0
0	8175	2502.588673868218	1
0	8184	2506.672295110186	0
0	8190	2507.622946206482	1
0	8192	2508.895408518498	0
0	8204	2513.446485971102	1
0	8218	2519.209016840441	1
0	8227	2521.814704987921	0
0	8238	2525.140984708911	1
0	8248	2528.409569445765	0
0	8253	2529.581462375471	0
0	8258	2530.300167010168	1
0	8259	2530.36915635504	0
0	8266	2533.234945167442	0
0	8272	2535.733125052184	1
0	8273	2537.145126359539	0
0	8281	2541.01248722966	1
0	8295	2546.973524862436	1
0	8306	2551.102683771987	0
0	8314	2552.969868858579	1
0	8316	2554.004952162856	0
0	8326	2557.978245303269	1
0	8327	2558.874517403195	0
0	8336	2563.192233860493	0
0	8341	2563.546304229415	1
0	8352	2569.122913997621	1
0	8362	2573.322173958181	0
0	8368	2574.260058263317	1
0	8380	2579.531470512041	0
0	8384	2579.932276828448	1
0	8397	2585.022586401785	1
0	8405	2587.093404144981	0
0	8412	2588.479958154027	0
0	8419	2590.464023827808	1
0	8436	2596.291737857275	1
0	8454	2601.564658022255	0
0	8458	2602.01586931618	1
0	8478	2607.323094418972	2
0	8480	2607.624379999937	0
0	8484	2609.261124680752	1
0	8486	2609.929783156839	0
0	8488	2610.02729806735	0
0	8494	2613.249952461804	1
0	8503	2618.389686237556	1
0	8519	2624.010968906573	1
0	8538	2629.390856591986	2
0	8542	2629.913602203947	1
0	8559	2634.39129750058	0
0	8564	2635.070767627332	1
0	8587	2640.384533132195	2
0	8590	2641.49982292927	1
0	8600	2644.028318800616	0
0	8603	2644.387198226412	0
0	8610	2646.111171115657	1
0	8611	2646.578759295982	0
0	8616	2648.688996173326	0
0	8622	2652.025654311992	1
0	8629	2655.91347381531	0
0	8634	2657.120549792658	1
0	8647	2662.78552674479	1
0	8662	2668.388089487796	1
0	8680	2673.780729385094	2
0	8691	2676.988589298797	1
0	8702	2679.004471591209	2
0	8703	2679.06998451124	0
0	8718	2684.061724812259	1
0	8731	2687.193661672763	0
0	8740	2689.954212857877	1
0	8759	2694.872959253381	0
0	8764	2695.76258612401	1
0	8783	2701.369807506214	2
0	8791	2703.47498577391	1
0	8795	2704.466422780886	1
0	8804	2706.389407325537	2
0	8809	2707.43289861968	0
0	8826	2712.370624628385	1
0	8830	2713.004165987719	0
0	8837	2715.110250604575	1
0	8845	2717.536563637202	1
0	8851	2719.242099772791	0
0	8858	2722.477916479112	0
0	8863	2722.987229965861	1
0	8868	2725.337488420891	0
0	8877	2728.740030351329	1
0	8880	2730.44063669618	0
0	8884	2731.980425559684	0
0	8890	2733.896427267698	1
0	8900	2738.986490450801	1
0	8903	2740.172536942062	0
0	8912	2744.394105977147	1
0	8928	2749.575302353595	1
0	8931	2750.22171271092	0
0	8939	2753.3694108699	0
0	8942	2753.650298223249	0
0	8946	2755.050768339309	1
0	8947	2755.051474398818	0
0	8955	2760.096560160863	1
0	8963	2764.506426832524	0
0	8968	2765.793061080855	1
0	8979	2770.990258560284	1
0	8989	2775.012587171165	0
0	8996	2776.262603023323	1
0	9012	2781.56242307392	1
0	9033	2786.693824311952	2
0	9038	2788.604115173686	0
0	9051	2791.988846012392	1
0	9055	2792.844028805732	1
0	9070	2797.45136596344	0
0	9076	2797.717750808923	1
0	9083	2799.675262010191	0
0	9095	2802.949146605796	1
0	9096	2803.071663337295	0
0	9106	2806.732315708767	0
0	9114	2808.835976464907	1
0	9126	2813.936105868315	0
0	9128	2813.945851886645	0
0	9132	2814.173328383128	1
0	9136	2816.304396537017	0
0	9142	2819.648449934088	1
0	9146	2822.390477457666	0
0	9151	2824.747855075402	1
0	9164	2830.520286631072	1
0	9176	2836.228673650301	0
0	9180	2836.290409627603	1
0	9184	2837.430523387855	0
0	9194	2842.106409975327	1
0	9200	2845.172523445915	0
0	9207	2847.157959951553	1
0	9220	2852.492884155944	0
0	9224	2852.839283735025	1
0	9244	2858.802577365422	1
0	9248	2859.974304025875	0
0	9260	2864.503524826839	1
0	9266	2866.106471820503	0
0	9279	2869.913371297297	1
0	9295	2874.519257165257	0
0	9301	2875.350599380442	1
0	9313	2879.596545370643	0
0	9321	2880.756610553478	1
0	9336	2886.174970033578	2
0	9339	2887.308687213808	0
0	9341	2887.423038874638	0
0	9352	2891.278823446016	1
0	9368	2896.848087370628	1
0	9387	2901.940072034718	2
0	9393	2903.798572225844	0
0	9403	2907.093360352097	1
0	9404	2907.108837985668	1
0	9407	2908.625500739435	0
0	9421	2912.197760958923	1
0	9425	2913.434203216342	0
0	9439	2918.177537984913	1
0	9445	2919.745913889956	1
0	9461	2923.562718281289	2
0	9466	2924.894646141794	0
0	9468	2925.154607296689	0
0	9478	2929.053223975934	1
0	9494	2934.494452505605	1
0	9503	2937.505352867766	1
0	9513	2939.609241945669	2
0	9521	2941.934919404563	0
0	9533	2945.219635849819	1
0	9550	2950.066582577303	0
0	9556	2951.12184519996	1
0	9572	2955.774852849311	0
0	9575	2956.286334403441	0
0	9580	2956.759159603157	1
0	9596	2962.715383645148	1
0	9602	2964.509212487959	0
0	9605	2964.614627283064	1
0	9610	2965.982998708613	0
0	9618	2968.091390307761	1
0	9635	2973.987091728254	1
0	9638	2974.78265034163	0
0	9644	2976.594906138141	0
0	9652	2979.195572223049	1
0	9662	2983.687629740802	0
0	9668	2984.258768662112	1
0	9680	2989.49819032941	1
0	9687	2991.687551918906	0
0	9700	2995.062853270443	1
0	9702	2996.062261368726	0
0	9706	2996.74299414875	0
0	9716	3000.379933223594	1
0	9730	3005.42943008896	1
0	9749	3010.932311146986	2
0	9763	3015.175430593781	0
0	9766	3015.506910037367	1
0	9772	3016.170300974977	1
0	9790	3021.287699393929	2
0	9794	3022.583770876983	0
0	9807	3026.750916807215	1
0	9813	3028.444479531259	0
0	9826	3032.599151740783	1
0	9843	3037.881042341237	2
0	9851	3040.68886860821	1
0	9857	3042.040671965923	1
0	9864	3043.163120153827	2
0	9878	3047.179251329974	0
0	9885	3048.734311908252	1
0	9903	3054.216915850063	2
0	9922	3060.094036634081	2
0	9932	3062.841169579769	1
0	9943	3065.502915847582	2
0	9956	3069.576354481513	1
0	9962	3071.101046995842	1
0	9967	3071.408693526174	2
0	9976	3074.543113036547	0
0	9980	3075.329854528886	1
0	9982	3076.259521855506	0
0	9985	3076.955162066851	0
0	9989	3077.118058973226	1
0	9999	3082.86040579388	1
0	10015	3088.46492041601	1
0	10039	3094.323361965363	2
0	10042	3094.934744952245	1
0	10054	3097.868900163217	1
0	10058	3098.487930521486	0
0	10061	3098.839359933275	0
0	10066	3099.973268808565	1
0	10068	3100.820320350236	0
0	10076	3104.515576517444	0
0	10081	3105.243754700526	1
0	10086	3108.143845842571	0
0	10091	3110.253860260128	1
0	10101	3115.625404243126	1
0	10106	3117.412694568631	0
0	10118	3121.051975442098	1
0	10121	3122.792534819574	0
0	10124	3123.830573132729	0
0	10129	3126.143114323496	1
0	10134	3129.300395349042	0
0	10140	3131.742736717221	1
0	10152	3137.06870671222	1
0	10160	3140.566892328207	0
0	10162	3140.636721801945	0
0	10167	3142.573446780909	1
0	10178	3148.192950060358	1
0	10181	3148.983608078212	0
0	10188	3153.383330446319	0
0	10192	3153.693659182405	1
0	10202	3159.194548689062	1
0	10215	3164.130144764786	0
0	10221	3164.803451793501	1
0	10224	3166.488529498342	0
0	10234	3169.980093773454	1
0	10242	3172.716790985549	0
0	10249	3175.108043369138	1
0	10259	3178.788182420772	0
0	10265	3180.746457588625	1
0	10270	3182.569998893074	0
0	10279	3185.762062032939	1
0	10281	3187.09869414137	0
0	10290	3191.242819259874	0
0	10294	3191.683767859357	1
0	10306	3197.385764365083	1
0	10322	3203.206463816109	1
0	10339	3208.443548772949	2
0	10344	3210.087531678029	1
0	10351	3211.720545688179	0
0	10357	3214.284212160971	0
0	10362	3214.365242442814	1
0	10369	3217.307706689345	0
0	10378	3220.284091349691	1
0	10394	3225.796314461855	1
0	10408	3229.452106431244	0
0	10418	3231.722527740756	1
0	10424	3233.637746504392	0
0	10433	3236.84909619228	1
0	10453	3242.255739256274	2
0	10458	3243.222327308031	0
0	10460	3243.982146665688	1
0	10464	3245.470049578698	0
0	10472	3247.544343846152	1
0	10480	3251.361214305508	0
0	10489	3253.498239907669	1
0	10507	3258.560910127591	1
0	10509	3259.202319618198	0
0	10525	3264.0234363575	1
0	10534	3267.001922923026	0
0	10545	3269.526054922258	1
0	10565	3275.013296463526	2
0	10573	3277.301052648574	0
0	10580	3280.119572623166	1
0	10585	3280.792523734504	1
0	10591	3283.109488512854	0
0	10601	3286.182659621117	1
0	10617	3290.548436908165	0
0	10623	3291.951194796943	1
0	10634	3295.046330237994	0
0	10644	3297.812663056421	1
0	10653	3300.245696388883	0
0	10659	3302.321150605567	0
0	10664	3302.966113498433	1
0	10666	3303.252470789826	0
0	10675	3306.524798859491	0
0	10680	3308.581467998911	1
0	10681	3308.882980590684	0
0	10689	3314.484752117422	1
0	10700	3319.929300320566	1
0	10709	3323.130024075157	0
0	10719	3325.903391834114	1
0	10728	3329.078387572079	0
0	10735	3331.154372014802	1
0	10749	3336.898129247826	1
0	10757	3338.934383964629	0
0	10769	3342.565934072946	1
0	10778	3345.193655265727	0
0	10788	3348.294057916849	1
0	10797	3351.04155070125	0
0	10805	3353.671354925142	0
0	10809	3353.938941426342	1
0	10825	3359.125724580604	1
0	10845	3364.132047431077	2
0	10850	3365.317338535212	0
0	10852	3366.084140694348	1
0	10856	3367.03245498717	0
0	10863	3370.075121755711	1
0	10870	3372.111335280467	0
0	10878	3375.565825612982	1
0	10893	3380.595956010976	1
0	10913	3386.531426355475	2
0	10914	3386.791981064017	0
0	10923	3389.715132588172	1
0	10931	3392.278706354321	1
0	10939	3394.517012575642	0
0	10952	3398.00911784009	1
0	10953	3398.149395679473	0
0	10973	3403.114398995879	1
0	10975	3403.728587340329	0
0	10989	3408.69113567681	0
0	10993	3408.880001558921	1
0	10995	3409.574649154673	0
0	11007	3414.587880604666	1
0	11012	3416.541684536961	0
0	11020	3420.51041874918	1
0	11033	3424.619392120161	0
0	11040	3426.222528719575	1
0	11056	3432.09357703966	1
0	11073	3437.524238859302	2
0	11081	3439.572216881437	1
0	11084	3440.607475924885	0
0	11094	3443.011367553378	1
0	11111	3447.574650985303	0
0	11117	3448.521560311782	1
0	11118	3449.322304597008	0
0	11132	3453.550798512528	1
0	11136	3454.248294607036	0
0	11149	3458.848876143804	1
0	11164	3463.543761902137	0
0	11168	3464.031559510853	1
0	11169	3464.039531306013	0
0	11179	3467.640397448208	0
0	11187	3469.534587196771	1
0	11190	3470.838663355794	0
0	11192	3470.923952529903	0
0	11199	3475.485256833954	1
0	11203	3478.732226470018	0
0	11209	3480.717836924128	1
0	11214	3483.898698754025	0
0	11219	3486.505422149317	1
0	11227	3491.806128004098	0
0	11232	3492.27147863386	1
0	11240	3497.62203297601	0
0	11244	3498.195974435888	1
0	11249	3500.430038529096	0
0	11255	3503.990220573962	1
0	11265	3509.29198542889	1
0	11272	3513.11964071181	0
0	11279	3514.917897857491	1
0	11281	3515.482799791729	0
0	11294	3520.501854032742	1
0	11310	3526.462417284491	1
0	11311	3526.52805924171	0
0	11317	3529.273806673587	0
0	11322	3530.960296693257	0
0	11327	3532.108993081142	1
0	11342	3537.587426664307	1
0	11351	3541.9768197597	0
0	11358	3543.368410229682	1
0	11372	3548.932194694177	1
0	11388	3554.535149127127	0
0	11393	3554.781355064827	1
0	11401	3557.035276085603	0
0	11411	3560.113842554622	1
0	11424	3564.147560309386	0
0	11431	3565.563377931946	1
0	11451	3571.112762931268	2
0	11454	3572.219937298094	0
0	11464	3575.670145716169	1
0	11470	3576.629856217885	1
0	11492	3581.691168701276	2
0	11510	3586.728631116214	0
0	11513	3586.831769754878	0
0	11517	3587.13507718849	1
0	11533	3592.843403041828	1
0	11539	3594.957624585369	0
0	11546	3596.44259101164	1
0	11554	3598.100821703439	1
0	11562	3601.258413540549	0
0	11572	3603.782160783186	1
0	11578	3605.906531408777	0
0	11580	3606.210493165184	0
0	11590	3609.331805117893	1
0	11595	3610.616337192246	0
0	11602	3614.164764245157	0
0	11607	3614.964794026221	1
0	11613	3618.854050424532	0
0	11618	3620.012418126453	1
0	11629	3625.524362683527	1
0	11641	3630.823677676495	1
0	11648	3633.454492346847	0
0	11655	3635.285542401718	0
0	11661	3636.170113805912	1
0	11676	3641.819331240838	1
0	11677	3641.820947244878	0
0	11682	3643.484157533965	0
0	11692	3647.559159957103	1
0	11707	3652.680864883817	1
0	11723	3656.683615033862	0
0	11729	3658.129004654705	1
0	11748	3663.183082075554	2
0	11769	3669.08339034137	2
0	11787	3674.625545748511	0
0	11791	3674.740681978172	1
0	11796	3676.766602719782	1
0	11812	3680.636994524855	2
0	11822	3683.171844832712	0
0	11826	3683.7532061456	1
0	11834	3686.113482365381	1
0	11848	3690.906177128197	0
0	11854	3692.090597903119	1
0	11876	3698.041808322534	2
0	11878	3698.817389726402	0
0	11888	3702.331755733229	1
0	11890	3702.451110251479	1
0	11897	3703.989945712263	1
0	11917	3709.263671987687	2
0	11937	3714.905874555927	2
0	11939	3715.548248730478	0
0	11943	3716.353205703312	1
0	11956	3720.355786882337	1
0	11981	3726.264271659307	2
0	11986	3727.708820120662	1
0	11998	3730.630539472675	0
0	12007	3732.039668832902	1
0	12017	3734.97952051798	1
0	12027	3737.378781347066	2
0	12043	3742.199351089304	0
0	12049	3743.082521995991	1
0	12070	3748.321640616744	2
0	12077	3750.115071138131	1
0	12084	3752.00257495639	0
0	12089	3753.142528886787	1
0	12093	3753.52680169581	1
0	12106	3757.210967163901	0
0	12111	3758.566970161856	0
0	12116	3759.210770295463	1
0	12132	3765.164165724065	1
0	12141	3768.157354386868	0
0	12152	3770.929216089189	1
0	12169	3775.940145016877	2
0	12178	3778.510132136168	0
0	12180	3778.844833988344	1
0	12194	3781.787691827161	1
0	12199	3784.193407062552	0
0	12209	3787.699778900826	0
0	12213	3787.729963744288	1
0	12220	3791.494097393817	0
0	12228	3793.020550698504	1
0	12233	3795.611001901674	0
0	12244	3798.216221394479	1
0	12249	3799.959682691605	0
0	12259	3804.140738968733	1
0	12275	3809.933757857881	1
0	12277	3810.301797711635	0
0	12279	3811.523376583233	0
0	12289	3815.51392551418	1
0	12300	3819.311991930703	0
0	12306	3820.776984720021	1
0	12321	3826.17323356587	1
0	12323	3826.732339213248	0
0	12340	3832.132076640842	1
0	12342	3833.245605643951	0
0	12356	3837.251751426138	1
0	12374	3842.366220019987	2
0	12375	3842.72838364285	0
0	12393	3848.363185027145	1
0	12395	3849.322642997488	0
0	12408	3853.403193349714	1
0	12417	3856.098994620955	0
0	12429	3859.262757093875	1
0	12435	3861.461622608822	1
0	12445	3864.039610418837	0
0	12450	3864.728262125511	1
0	12463	3868.928513048795	0
0	12469	3870.017260451565	1
0	12471	3871.056413315815	0
0	12476	3872.451381891846	0
0	12483	3875.398427502481	0
0	12487	3875.750524411208	1
0	12497	3881.222716855348	1
0	12504	3883.903481543641	0
0	12513	3886.58875064016	1
0	12528	3891.662493728564	1
0	12545	3896.952387409633	0
0	12549	3897.483699029541	1
0	12550	3897.532502608955	0
0	12560	3900.909925264538	0
0	12566	3902.784950217927	1
0	12582	3908.054455041183	1
0	12602	3913.78904967615	2
0	12612	3917.031338829311	1
0	12614	3917.06391208444	0
0	12624	3919.635614202354	1
0	12634	3922.756480750392	0
0	12637	3923.043541189163	0
0	12640	3924.531348190615	0
0	12645	3925.40877391514	1
0	12656	3930.721658720166	1
0	12671	3935.775956089139	1
0	12690	3941.772373947078	2
0	12697	3943.698008033559	1
0	12711	3946.950072679432	2
0	12714	3947.357342242027	0
0	12723	3950.672754494003	0
0	12730	3952.321303687753	1
0	12736	3955.081853572276	0
0	12744	3957.680236282987	1
0	12762	3962.919417226916	1
0	12778	3967.376212286993	0
0	12783	3968.113541677357	1
0	12788	3969.893295509738	0
0	12795	3971.939714964591	1
0	12803	3973.83569854544	1
0	12811	3975.942501401757	0
0	12818	3977.993828069299	0
0	12824	3979.832048406587	1
0	12841	3985.489929466504	1
0	12844	3986.743727037213	0
0	12857	3991.107466952871	1
0	12874	3995.304979083821	0
0	12882	3997.098708953471	1
0	12884	3997.869564538352	0
0	12897	4002.549945917674	1
0	12900	4003.471066322289	0
0	12905	4005.256333494788	0
0	12914	4007.868293273723	1
0	12915	4008.342044828571	0
0	12926	4013.056020678481	1
0	12940	4018.069403942436	1
0	12957	4023.100474366214	2
0	12961	4024.158206307091	0
0	12966	4025.227764895761	1
0	12978	4029.024571012467	1
0	12981	4029.486325673753	0
0	12997	4034.778546355426	1
0	12998	4034.923583951655	0
0	13016	4039.816612616874	1
0	13032	4044.581334242474	0
0	13037	4045.676628652256	1
0	13042	4047.133821919439	0
0	13055	4051.281621953467	1
0	13061	4053.513220531045	0
0	13072	4056.282421076199	1
0	13091	4061.295535862906	2
0	13111	4066.442640711548	2
0	13118	4068.664262710484	0
0	13121	4069.243409031065	0
0	13129	4071.708264627489	1
0	13143	4076.41571718582	1
0	13147	4076.768759133755	1
0	13165	4082.026624766406	2
0	13179	4085.37841021397	1
0	13188	4087.255686100334	2
0	13210	4092.693994987052	2
0	13215	4094.376476739646	1
0	13223	4096.24325973738	0
0	13233	4098.265593903367	1
0	13234	4098.714980055227	1
0	13255	4103.479958402686	2
0	13263	4105.852781618476	0
0	13274	4109.225764198689	1
0	13292	4114.534933229669	1
0	13298	4114.730104233831	2
0	13318	4120.316306274844	2
0	13328	4123.228024034638	1
0	13337	4125.680462387152	2
0	13339	4126.442325817648	0
0	13348	4129.349235552012	1
0	13354	4130.732260568876	1
0	13356	4130.74205332761	1
0	13360	4131.233716344455	1
0	13384	4136.964603479713	2
0	13388	4137.882894298405	0
0	13401	4142.328322397539	1
0	13404	4142.716726618003	0
0	13421	4147.490596390323	1
0	13427	4149.554573259893	0
0	13438	4152.764392464415	1
0	13440	4153.639682015631	1
0	13458	4158.361253924428	2
0	13474	4163.48514177405	0
0	13480	4163.672725103789	1
0	13496	4168.612265751343	0
0	13502	4169.302130422781	1
0	13504	4169.888366994557	1
0	13514	4172.741127152109	0
0	13518	4174.072412779198	0
0	13524	4175.146060685155	1
0	13525	4175.508292875711	0
0	13537	4180.174429466941	1
0	13550	4184.820685294335	0
0	13556	4185.606248461634	1
0	13571	4191.154432019444	1
0	13574	4192.202408680453	0
0	13590	4197.086190821828	1
0	13604	4201.015682331861	0
0	13611	4202.642630173817	1
0	13617	4203.935403326755	0
0	13619	4204.062437695679	0
0	13628	4207.930445108089	1
0	13644	4213.640640597782	1
0	13649	4215.751840674893	0
0	13657	4217.962283347608	0
0	13661	4218.905557936049	1
0	13663	4219.485632256715	0
0	13673	4224.234849712337	1
0	13689	4229.388788990435	1
0	13705	4234.694525266058	2
0	13719	4238.575883807256	0
0	13721	4238.767616175223	0
0	13728	4240.462118831921	1
0	13731	4241.753886962533	1
0	13744	4246.035966875955	1
0	13765	4252.007677112698	2
0	13777	4255.400027749586	0
0	13787	4257.699526482487	1
0	13800	4261.111655101173	0
0	13808	4263.190888740813	1
0	13810	4263.433531113659	1
0	13829	4268.609842553494	2
0	13830	4268.656564656869	1
0	13834	4270.161160083596	0
0	13850	4274.562720969777	1
0	13867	4279.344369651163	0
0	13871	4279.706943491466	1
0	13876	4281.330258056862	0
0	13888	4285.228153802447	1
0	13902	4289.319263958483	0
0	13910	4291.117303254308	1
0	13922	4295.78543217945	0
0	13929	4296.841619404957	1
0	13937	4299.640743477959	0
0	13947	4302.443535223829	1
0	13949	4303.33396610419	0
0	13953	4304.890636473421	0
0	13961	4308.057416091899	1
0	13962	4308.272814597694	0
0	13974	4313.134366303908	1
0	13989	4318.296791807741	1
0	13997	4320.806453018209	0
0	14001	4322.001022102071	0
0	14008	4323.395139416207	1
0	14011	4324.320510759012	0
0	14022	4328.752292295445	1
0	14040	4334.208739613641	1
0	14058	4339.949971069456	0
0	14062	4340.046299865695	1
0	14065	4340.858590604963	0
0	14067	4341.16038535069	0
0	14077	4345.396427243475	1
0	14093	4350.402886699412	1
0	14100	4352.44315050076	0
0	14111	4355.707087868351	1
0	14123	4359.686835277586	0
0	14132	4361.51377449603	1
0	14143	4364.883011593592	0
0	14150	4366.670349813292	1
0	14155	4368.201711605528	0
0	14165	4371.360539145529	0
0	14170	4372.584275959285	1
0	14189	4378.030941333149	1
0	14205	4382.984378610964	0
0	14210	4383.480342194198	1
0	14217	4386.073296113864	0
0	14227	4388.562136562534	1
0	14231	4389.57966619124	0
0	14233	4389.763384509708	0
0	14245	4394.258629973039	1
0	14260	4399.465202132232	1
0	14263	4401.122813398009	0
0	14276	4405.187212853219	1
0	14277	4405.200938207787	0
0	14292	4410.580868039971	1
0	14314	4416.171981118845	2
0	14316	4416.533422835628	0
0	14319	4417.23050668416	0
0	14327	4421.652271468999	0
0	14331	4421.684745740604	1
0	14342	4426.709538184332	1
0	14343	4427.163422277075	1
0	14360	4432.472332800033	1
0	14363	4433.989102272775	0
0	14376	4437.738094604567	1
0	14398	4443.716921445906	2
0	14414	4448.942241687902	0
0	14422	4449.665607452851	1
0	14423	4450.214893009506	0
0	14428	4451.97662208124	1
0	14439	4455.391277427312	1
0	14459	4461.116782444755	2
0	14461	4461.482700591319	1
0	14480	4466.953141914673	0
0	14485	4467.066204494324	1
0	14504	4472.212732331355	2
0	14506	4472.438250820264	1
0	14509	4472.999043483512	0
0	14524	4477.720746349537	1
0	14531	4479.619909631663	0
0	14543	4483.048958122724	1
0	14565	4488.515378193458	2
0	14566	4488.880370304099	1
0	14568	4488.970387130737	0
0	14582	4493.698125656805	0
0	14586	4494.486110902851	1
0	14593	4497.323025709594	0
0	14599	4499.49505575932	1
0	14604	4501.795484414086	0
0	14613	4505.31207244866	1
0	14614	4505.58165949175	0
0	14628	4511.117867001327	1
0	14646	4516.555542850629	1
0	14649	4517.326173912495	0
0	14659	4520.675018304604	0
0	14666	4522.502805223916	1
0	14685	4528.440208715614	1
0	14691	4530.55305257439	0
0	14693	4531.145482105663	0
0	14695	4531.181278174039	0
0	14702	4534.277501260158	1
0	14707	4537.284967772542	0
0	14713	4539.919993601501	1
0	14716	4541.582146020019	0
0	14724	4545.526620422019	1
0	14736	4551.394606965123	1
0	14752	4556.794064137381	1
0	14766	4561.114263568533	0
0	14772	4561.919386071148	1
0	14792	4567.804106865539	2
0	14803	4570.737729852084	1
0	14813	4573.48640285758	0
0	14818	4573.630844637514	1
0	14821	4574.783688084218	0
0	14836	4579.626203520219	1
0	14841	4580.809280739045	0
0	14856	4585.440073133907	1
0	14861	4586.941809119535	0
0	14868	4590.108648134623	0
0	14873	4590.559218835779	1
0	14878	4592.677039151074	0
0	14889	4596.490755618312	1
0	14901	4601.497742317845	1
0	14922	4607.036138566905	2
0	14934	4611.332039064141	1
0	14941	4612.18637474556	2
0	14943	4612.557133572055	0
0	14953	4615.956360176086	0
0	14960	4617.491750372104	1
0	14976	4623.136427871646	1
0	14995	4628.261347212592	2
0	14996	4628.42526440124	0
0	15013	4633.869931518795	1
0	15030	4639.059429953337	2
0	15037	4640.417667455969	1
0	15043	4641.681555222134	1
0	15045	4642.115484219971	0
0	15056	4644.498495768985	1
0	15060	4645.647132398787	1
0	15074	4649.845158910841	0
0	15080	4650.468908371866	1
0	15100	4655.537001125045	2
0	15113	4659.826640093581	0
0	15118	4660.742173988135	1
0	15128	4663.63128596532	0
0	15134	4665.184833497503	0
0	15139	4666.249745929609	1
0	15155	4671.39024604484	1
0	15162	4673.637952786285	1
0	15166	4675.276362367085	0
0	15175	4677.323984396872	1
0	15193	4681.831160299709	0
0	15199	4682.930529824919	1
0	15217	4688.392061352259	2
0	15230	4692.383391714071	1
0	15240	4694.193563522533	2
0	15244	4695.016050284606	0
0	15250	4697.351593192663	0
0	15255	4699.304069182137	1
0	15259	4699.892270827661	1
0	15274	4705.636828166661	1
0	15292	4710.96199194551	2
0	15312	4716.174320044224	2
0	15316	4717.365953159285	1
0	15320	4717.789696831017	0
0	15322	4718.267948967516	0
0	15331	4721.250108903968	1
0	15335	4722.933999822471	1
0	15340	4724.780078635433	0
0	15346	4726.428752162257	1
0	15352	4728.923126674137	0
0	15360	4732.354251692999	1
0	15369	4735.651297949835	0
0	15380	4738.31628682301	1
0	15382	4739.634255011561	0
0	15387	4741.180415974926	0
0	15393	4743.829906492723	1
0	15405	4749.67078184499	1
0	15409	4751.270029272298	0
0	15421	4755.443978074934	1
0	15435	4760.873020465947	1
0	15441	4762.859082930717	0
0	15453	4765.952163267643	1
0	15462	4769.145002712142	0
0	15472	4771.103032491398	1
0	15484	4775.369818364265	0
0	15491	4776.751524076094	1
0	15499	4779.427762205594	0
0	15502	4780.531275913696	0
0	15508	4782.697763003637	1
0	15519	4787.401034920705	0
0	15524	4787.979537202739	1
0	15530	4790.395701429569	0
0	15534	4791.312970267254	0
0	15540	4793.125380802662	1
0	15547	4797.457565686195	0
0	15552	4798.752970102704	1
0	15563	4804.242421252648	1
0	15575	4808.99675139342	0
0	15581	4809.845637382469	1
0	15597	4815.424107196736	1
0	15600	4817.250927115089	0
0	15612	4820.451724377922	1
0	15613	4821.475560640679	0
0	15622	4824.540767756867	0
0	15629	4826.406112151216	1
0	15645	4831.718250974776	1
0	15654	4834.548784188805	0
0	15658	4835.138613737066	0
0	15664	4836.902323849262	1
0	15674	4841.878110488639	0
0	15678	4841.91879347106	1
0	15692	4847.442854439137	1
0	15698	4849.55391125462	0
0	15710	4852.609811203317	1
0	15731	4858.130876593753	2
0	15739	4860.693965909766	0
0	15749	4863.673085925398	1
0	15764	4867.968760824408	0
0	15766	4867.974414782477	1
0	15771	4869.382559113084	0
0	15775	4869.496064164904	1
0	15781	4872.787915755175	0
0	15789	4874.765397496284	1
0	15805	4879.882922029584	1
0	15820	4883.922052991339	0
0	15827	4885.071190137412	1
0	15829	4886.336805024297	0
0	15844	4890.32027902314	1
0	15857	4894.410630420544	0
0	15863	4895.591474080221	1
0	15872	4898.10315184842	0
0	15883	4900.650280418336	1
0	15886	4901.354312083096	0
0	15892	4903.056348415202	0
0	15900	4906.610470197159	1
0	15910	4910.885159529043	0
0	15916	4911.771382134403	1
0	15918	4912.790560655174	0
0	15930	4917.267459711986	1
0	15943	4922.397114629386	1
0	15962	4927.453751806863	2
0	15975	4931.382655068994	0
0	15978	4931.643666824904	0
0	15982	4932.600574793522	1
0	15983	4933.145381741453	0
0	15996	4938.502796998708	1
0	16002	4941.093134122196	1
0	16011	4944.042410256103	1
0	16030	4949.632837162348	2
0	16052	4954.907906121802	2
0	16055	4955.261119317955	1
0	16071	4959.971645416455	1
0	16073	4960.677208898585	0
0	16078	4960.855370893371	1
0	16097	4965.87213744665	2
0	16100	4966.671354417335	0
0	16115	4971.15169757511	1
0	16121	4973.154410332667	1
0	16130	4976.354887840217	0
0	16135	4976.582211608528	1
0	16139	4977.818696321332	0
0	16154	4981.77916729799	1
0	16172	4986.724978145559	0
0	16177	4987.29256615601	1
0	16180	4988.199161560969	0
0	16187	4991.017092582998	0
0	16193	4992.402040220327	1
0	16197	4993.949575682164	0
0	16207	4998.304216902233	1
0	16222	5003.44964076811	1
0	16226	5004.536784281249	0
0	16240	5009.247893344374	1
0	16251	5013.052639078229	0
0	16259	5014.638449528483	1
0	16278	5020.152878123564	2
0	16291	5024.662936546019	0
0	16295	5025.454125517625	0
0	16299	5025.456841658564	1
0	16315	5031.253841425754	1
0	16317	5032.087459245458	1
0	16323	5033.758188745001	0
0	16331	5036.361664502878	1
0	16356	5042.109179183604	2
0	16358	5042.444033032394	0
0	16376	5048.076087750723	1
0	16389	5051.936973455941	0
0	16395	5053.065197394806	1
0	16399	5053.445675489488	1
0	16408	5056.065140334419	0
0	16417	5058.449810918649	1
0	16423	5060.62013230449	0
0	16436	5064.132246640972	1
0	16438	5064.705207392687	0
0	16456	5069.423983879849	1
0	16460	5071.079480218461	0
0	16467	5073.293338836632	0
0	16469	5074.033608731925	0
0	16475	5075.251900513652	1
0	16486	5080.597223491869	1
0	16496	5084.955178324013	0
0	16501	5085.802664400772	1
0	16516	5090.912061137375	1
0	16524	5093.520610159608	0
0	16537	5096.601994645311	1
0	16545	5099.278677891471	0
0	16555	5101.636330324686	1
0	16570	5106.776201163413	0
0	16574	5106.958184306272	1
0	16576	5108.095356580798	0
0	16590	5112.517368841911	1
0	16597	5114.682323480836	0
0	16602	5116.021981944557	0
0	16610	5118.474215412041	1
0	16626	5124.247152087971	1
0	16643	5129.255866704735	2
0	16665	5134.839225479861	2
0	16679	5138.695779628931	0
0	16688	5140.195430420566	1
0	16698	5143.325880962069	1
0	16702	5144.084743904528	1
0	16710	5145.6560709977	2
0	16728	5150.905769582366	2
0	16734	5152.635562856676	0
0	16739	5153.844624649262	1
0	16748	5156.15671236114	1
0	16751	5157.469454049012	0
0	16760	5159.447884576976	1
0	16769	5161.477358826198	1
0	16788	5167.400331226405	2
0	16793	5168.603363171331	1
0	16798	5170.04246737796	0
0	16804	5171.531156734209	0
0	16810	5173.214435701253	1
0	16826	5178.499499392225	1
0	16844	5184.032368812006	2
0	16846	5184.695990685367	1
0	16856	5187.26077357225	0
0	16858	5187.761613208564	0
0	16865	5189.890364559827	1
0	16882	5195.379103368841	1
0	16901	5200.423726231785	2
0	16904	5201.694711331504	0
0	16917	5205.747677044471	1
0	16928	5209.247510453797	0
0	16937	5211.479089246358	1
0	16949	5215.319292447406	1
0	16958	5216.987323977978	2
0	16964	5219.057330073899	0
0	16969	5220.751765393761	1
0	16976	5222.168601275415	1
0	16982	5223.83740489324	0
0	16994	5227.6761868447	1
0	17000	5229.184631723669	0
0	17002	5229.270390632556	0
0	17013	5233.062669325613	1
0	17021	5236.246657649397	0
0	17028	5238.257300836959	1
0	17035	5240.903184392366	0
0	17043	5243.519929536146	1
0	17044	5243.750117573765	0
0	17059	5249.162586978397	1
0	17063	5251.087882601649	0
0	17073	5255.157818001222	1
0	17088	5260.700327891849	1
0	17099	5264.11577597481	0
0	17106	5266.432931390816	1
0	17128	5271.799229509422	2
0	17138	5274.031148209577	0
0	17141	5274.605730123111	0
0	17149	5277.539487156776	1
0	17153	5278.946128273492	0
0	17163	5283.053212731137	1
0	17164	5283.678404487429	0
0	17168	5285.16230748104	0
0	17175	5289.008913012446	1
0	17177	5289.727979698794	1
0	17187	5294.018126867005	1
0	17189	5294.777551536209	0
0	17195	5298.106988000675	0
0	17200	5299.025375868186	1
0	17207	5302.981612174182	0
0	17212	5304.122817537274	1
0	17214	5305.641121897024	0
0	17220	5309.318039711557	1
0	17231	5314.993785427875	1
0	17248	5320.546176342285	1
0	17252	5322.284026981209	0
0	17266	5326.397705305825	1
0	17283	5331.753616133929	2
0	17298	5335.690780995055	1
0	17306	5337.246946442398	2
0	17308	5337.944046097683	0
0	17320	5341.944678621474	0
0	17325	5343.206238413221	1
0	17341	5348.365002882891	1
0	17347	5350.876640234482	0
0	17351	5351.284984997	0
0	17357	5353.400957257711	1
0	17364	5355.931969047166	0
0	17373	5358.807437500209	1
0	17381	5363.290571446986	1
0	17388	5364.150256015119	1
0	17407	5369.021539062368	0
0	17411	5369.426074319511	1
0	17417	5370.978098301559	0
0	17430	5375.095503413576	1
0	17432	5375.98386497236	0
0	17435	5376.408080400074	0
0	17446	5380.999820650314	1
0	17464	5386.863775945493	1
0	17466	5387.090895351132	0
0	17481	5392.220852952675	1
0	17485	5393.32356277375	0
0	17494	5395.971906324143	0
0	17500	5397.426292961455	1
0	17515	5402.791923829812	1
0	17519	5403.98205484123	0
0	17532	5407.973686492761	1
0	17535	5408.937024789504	0
0	17549	5413.771958828896	1
0	17572	5419.533289872335	2
0	17577	5420.757207562092	1
0	17586	5423.465631056919	0
0	17589	5423.829574603231	0
0	17595	5425.379975779207	1
0	17602	5428.635846971757	0
0	17604	5428.970866343347	0
0	17610	5430.413379264289	1
0	17616	5433.972058509584	0
0	17621	5435.873929460059	1
0	17631	5441.287249255917	1
0	17638	5444.560856567921	0
0	17646	5447.153018644304	1
0	17662	5452.913069886846	1
0	17673	5456.559022494468	0
0	17682	5457.917665082721	1
0	17698	5463.52338489342	0
0	17704	5463.774955819353	1
0	17707	5465.262592958628	0
0	17712	5466.637611829786	0
0	17720	5469.008907624978	1
0	17736	5474.620200002092	1
0	17744	5477.285522392011	0
0	17749	5478.318295331895	0
0	17757	5480.302544926983	1
0	17760	5481.618132050025	0
0	17771	5485.899837903903	1
0	17778	5488.711334677636	0
0	17787	5491.290829906698	1
0	17798	5496.453258060027	0
0	17802	5496.846288151566	1
0	17815	5502.015361292279	0
0	17825	5505.398585185402	0
0	17831	5512.600512151482	0
1	23	16.027158470824	10.943418549373
1	30	17.896494740737	7.141599182156
1	111	44.649259970757	28.482318015304
1	114	44.887101031492	23.193776611356
1	123	48.002034938196	10.367787472205
1	132	49.578240524746	6.118140303763
1	146	54.477439657668	27.635510395163
1	161	59.589928260656	27.626429878292
1	205	71.32837959542	22.731572787277
1	211	73.019059464801	12.955837371525
1	224	76.140250395519	21.968350252835
1	247	83.365339719108	12.530619230935
1	266	88.789698995417	23.517274777404
1	270	90.049734487316	3.090090448852
1	298	99.10711188184	17.959150992453
1	317	105.0504858864	29.209948201662
1	319	105.197279079352	7.847294034669
1	332	110.376252469258	7.393883838667
1	352	118.949787963067	4.405430608546
1	367	124.159018976964	32.120387068833
1	393	132.625061657048	24.00072808261
1	402	135.719254354015	10.307275103637
1	424	142.019658530132	22.176424816251
1	450	149.79843982286	19.207836241695
1	452	149.874476419996	13.751299138414
1	509	166.214414674206	24.295574878224
1	537	173.866565412375	26.932470649013
1	565	181.104214745109	12.459288647398
1	570	181.959962790486	29.546678088491
1	573	182.780716966374	24.981013151119
1	577	184.569922869677	10.482742739725
1	647	203.29062291794	40.050454152053
1	668	208.802334595124	29.68503119133
1	694	215.182955530004	24.738688440292
1	697	215.756555966567	30.863247249973
1	722	224.336896074244	28.511555581825
1	735	227.605978841312	26.251372570754
1	748	229.898282460636	11.984517965233
1	756	232.85165930947	19.958333943855
1	801	245.978391250136	38.666908080928
1	810	248.645020899361	25.521229820557
1	829	254.027222978883	19.242205227726
1	842	257.257050969171	7.336816957453
1	848	259.17332227854	19.312909615459
1	850	259.254637981766	14.382824534785
1	861	263.212135642074	34.263249702059
1	908	277.910044681279	6.847687205067
1	932	285.401559288146	19.447119581746
1	934	286.144785734132	30.867429013371
1	953	292.308486581778	31.365436486201
1	969	296.39939020993	7.829679889604
1	978	299.729861240134	16.971611900022
1	991	304.019488870514	9.809500492294
1	994	304.512029437115	4.677261546255
1	1019	315.131564133456	38.168193556491
1	1050	324.293358539812	2.716990596964
1	1077	332.860719867167	27.64969952393
1	1090	335.81010509352	25.006279342574
1	1103	339.550939782289	12.040730537847
1	1124	346.440478011382	30.006710384157
1	1161	356.116818411972	6.16906954511
1	1194	365.030329939793	31.573740815396
1	1208	368.306209812523	29.247324037716
1	1214	369.670369101685	25.471031842984
1	1237	379.193450890364	23.456861625775
1	1246	380.997399006736	13.684794784989
1	1256	384.390073892077	22.923088013078
1	1284	393.032689755433	8.482046290883
1	1296	396.335921204064	23.056707284528
1	1333	407.366496042463	12.16340510838
1	1340	408.758986899511	29.522760381339
1	1342	409.174457614774	2.821323697686
1	1375	420.617426087848	30.50639075623
1	1404	429.18004351435	28.513454559024
1	1416	431.896142221172	8.627779112313
1	1450	441.062060243566	23.188733067712
1	1461	444.970352064702	33.089182927157
1	1484	450.417976159836	21.217262394727
1	1501	455.51650550915	21.179076621775
1	1524	463.137882419281	18.125471230481
1	1553	469.915086181952	9.438367129421
1	1570	474.476365561949	34.967008862065
1	1585	478.252159054856	12.462799702072
1	1591	480.339960536689	30.271696462531
1	1602	483.187391616871	27.82146046497
1	1626	490.455206774059	19.208868288552
1	1642	495.278266449109	2.277505499427
1	1665	501.638780525771	24.733501965997
1	1682	507.193381250603	19.392743906472
1	1689	509.587944229482	5.02929566626
1	1698	511.365415276144	12.58636511059
1	1708	515.471238171216	33.311702089617
1	1715	518.515430799684	8.898581485962
1	1717	518.772717337706	3.425714600483
1	1750	535.82328382693	3.72651680815
1	1763	539.665298491017	18.458677461837
1	1776	544.599245618677	18.362083484767
1	1824	560.486371464094	22.94982492202
1	1860	569.568330681182	5.161933245137
1	1865	571.699195586841	28.602204384049
1	1882	576.505743819402	22.502341057056
1	1900	581.706806265514	22.31783137843
1	1909	584.785692794366	35.871296328612
1	1927	589.047028224448	3.083964999998
1	1966	600.491697522111	19.62241760781
1	1971	602.005909380503	27.113473333886
1	1992	609.075571621769	39.618207312192
1	2000	612.222075300057	9.386780472007
1	2023	620.094910438287	11.555158069706
1	2028	621.531409048592	29.925242684201
1	2038	624.965924832854	27.91950383282
1	2052	628.916162519599	14.655951788534
1	2056	630.696756430201	5.206173388986
1	2100	646.481368624953	26.724381161039
1	2112	648.834298306028	17.843100946049
1	2125	652.812189708461	16.375815718667
1	2147	659.108690628549	17.581883852139
1	2195	672.236747870337	25.436378176907
1	2215	678.280124149983	4.195700861514
1	2233	683.333598130379	30.589751337653
1	2248	686.951489689408	24.141099560655
1	2251	687.201108751699	29.430717315174
1	2281	698.957414849661	18.880349327578
1	2317	709.856425702921	7.052732242622
1	2326	711.717782950958	43.624252464156
1	2367	723.078219719811	9.534733368665
1	2371	723.689650253974	32.288325021859
1	2375	724.967097055516	27.590337000672
1	2395	730.773403866913	45.324602772248
1	2410	734.962122439289	4.653731006081
1	2439	742.280390555504	6.58515369799
1	2461	749.502838269575	24.377725837288
1	2475	753.091271401498	1.200910277083
1	2477	753.796151249667	34.25373263005
1	2481	755.010877357564	46.709251095776
1	2552	775.681026647447	29.385345586924
1	2555	776.484318774889	35.599408385342
1	2571	781.577481482408	23.970534263876
1	2588	786.129867628329	23.036028929401
1	2592	787.246620112794	13.265750225864
1	2617	796.747961652697	17.32538395212
1	2619	796.969328781938	6.338999535772
1	2626	800.458075203814	32.054646689327
1	2643	807.086959896374	22.30470409477
1	2652	809.467385039431	7.842809798895
1	2682	820.456434487827	24.093844799788
1	2702	826.097539816167	7.117737448658
1	2735	836.233290568692	28.660166129936
1	2760	843.038456551147	29.735971653484
1	2778	847.872074205312	11.669010586223
1	2783	849.262713974689	2.470582606154
1	2800	853.43047563126	23.19780442654
1	2819	858.842148535068	34.052546566468
1	2832	862.85703408194	10.905166488489
1	2851	869.197605240158	27.861512931996
1	2899	881.660442601655	7.170884411084
1	2902	882.650824938898	24.737315441248
1	2911	885.741456972317	21.990331724635
1	2932	894.473605556411	25.202319624833
1	2937	895.5322463779	9.928699118435
1	2964	903.349206386364	23.724729476263
1	2972	906.673141722566	15.362550970633
1	2979	908.273461066533	5.715722130494
1	3002	916.767108719562	3.659097742522
1	3010	919.516632770883	22.346066462107
1	3075	940.784202612585	32.975629655527
1	3088	943.570416512199	7.663520368515
1	3105	947.573998115607	28.609091616353
1	3108	948.500940580268	18.399773045559
1	3126	955.338388235191	30.900497749798
1	3139	960.306980142715	8.334769451873
1	3149	964.232741925397	6.299133757362
1	3173	974.08363289095	32.923756246341
1	3203	982.235554802463	12.857642846649
1	3207	982.804293753813	36.564843668839
1	3225	987.93701165868	24.049598753222
1	3241	992.787816078981	17.777712057461
1	3280	1003.838774462111	17.844124763855
1	3294	1008.556798819806	27.813699776431
1	3305	1010.462913320513	18.658879596391
1	3343	1020.725652399477	17.095921303619
1	3370	1027.175608693038	13.089985376342
1	3375	1028.573366655035	30.843523275342
1	3403	1039.062533216782	29.998256232591
1	3410	1040.669553871155	20.798829242014
1	3451	1052.112638226007	16.126534639857
1	3469	1056.865790242674	26.236045638914
1	3479	1059.027510671765	33.974203487518
1	3499	1063.968606837321	22.219637102912
1	3535	1074.843690850883	5.496715504094
1	3538	1074.968432996999	22.322595377336
1	3563	1085.645728625594	38.363946722596
1	3575	1088.330393559761	29.873982179911
1	3603	1095.424681467582	15.05413077015
1	3605	1095.499983486366	20.721830287367
1	3651	1109.721950837758	23.460635997008
1	3654	1110.958237703777	47.207495878576
1	3665	1113.868987921503	16.933387374853
1	3673	1115.696610833745	7.955363885032
1	3677	1117.127755065794	14.928788730293
1	3718	1129.460863188371	16.637351715006
1	3731	1132.8482136518	41.231883561593
1	3738	1135.071946360981	16.35661369271
1	3753	1139.742581136055	9.854331028647
1	3801	1153.722621467892	29.322664528619
1	3824	1161.169919333534	19.829562003608
1	3830	1162.624387991612	27.250723578735
1	3893	1180.083323292199	33.531618075213
1	3896	1180.903443889458	22.950424954529
1	3898	1181.145784010874	29.18243065779
1	3911	1184.405108319126	15.722351015079
1	3924	1188.559954927302	25.578524140876
1	3935	1191.034529072461	6.932191405677
1	3960	1198.966948103857	19.93813750474
1	3972	1201.206355481405	1.659406502498
1	3979	1203.92057501245	9.64594646846
1	4014	1214.944552838215	25.781330608412
1	4026	1217.667482287039	12.789128850099
1	4032	1220.15378006047	46.445851189436
1	4065	1230.476999550356	19.767742345808
1	4102	1239.761570146304	23.812520758016
1	4121	1244.370114430083	17.024855665397
1	4129	1245.922281358969	12.74573285284
1	4131	1246.180035550028	24.573751435732
1	4182	1263.077193854488	12.760851599858
1	4187	1264.826000101743	9.291089075967
1	4199	1267.835797664005	23.112160708521
1	4206	1271.703530757568	32.737256578753
1	4240	1281.558960516235	3.783066472505
1	4256	1285.916011157324	14.017672658315
1	4272	1290.219305636357	1.278787064366
1	4278	1292.096230920051	25.452358954703
1	4308	1300.904949657616	39.882024074208
1	4337	1309.70284642011	10.109054254019
1	4341	1311.14576785231	27.93474362127
1	4346	1311.875475059959	6.430358462735
1	4359	1317.493133817912	6.223914931645
1	4377	1325.619019136994	31.265859794571
1	4426	1340.684329607403	12.912677344284
1	4445	1345.748777199415	28.954346524667
1	4453	1347.618864488318	25.438093018718
1	4470	1352.457981107985	19.548805224942
1	4510	1363.449847648614	12.986779739148
1	4516	1365.824486179505	27.107039890018
1	4518	1366.140556785391	21.457284683246
1	4529	1369.258322302014	8.32416433282
1	4534	1372.000959559107	16.298556571593
1	4560	1382.892240708342	4.565757048898
1	4566	1383.890157634389	16.962716484442
1	4571	1386.65209170163	3.188121094718
1	4598	1398.740914767955	9.598503456334
1	4601	1400.176267243921	27.43946903269
1	4636	1412.950247792644	17.815645786354
1	4648	1418.121862519065	5.547370775137
1	4671	1424.961269294377	24.065754528857
1	4697	1433.185390689057	26.55545173201
1	4710	1436.155991253093	7.319538640674
1	4729	1442.306327896193	24.095319109272
1	4736	1444.482868678169	20.756870402024
1	4751	1448.35146680183	8.507748507079
1	4766	1454.010252668871	3.518498124672
1	4775	1455.963065772897	21.385113027528
1	4803	1467.915305296424	22.434842538788
1	4809	1469.186862808419	1.921928130323
1	4841	1480.956792619661	8.270240428974
1	4858	1485.387732240138	29.45553900837
1	4860	1485.45968719339	23.632021357539
1	4877	1490.991512200911	8.24030893913
1	4900	1500.082891506726	11.5419225659
1	4925	1507.591265091558	29.849995519852
1	4945	1512.495361681562	2.347461916041
1	4952	1514.453252309816	20.636970152496
1	4963	1517.618498050259	18.084475889454
1	4995	1528.571058353759	13.109343357036
1	5026	1537.673495650642	32.718117566432
1	5039	1540.381243414712	19.870422440815
1	5052	1544.255602199117	12.974839453119
1	5059	1547.061013516621	10.418586955523
1	5061	1547.265179205801	21.188357848557
1	5083	1556.588067220523	2.873821590794
1	5086	1557.416016268192	14.995904291629
1	5128	1572.785900344024	24.525818268885
1	5182	1588.163619993369	23.650775435729
1	5203	1593.382907208869	33.930500579881
1	5209	1595.090357714334	25.486561987784
1	5224	1598.895768717282	23.609266532005
1	5229	1600.665191286942	9.425914307591
1	5246	1604.755388050456	2.533584170626
1	5299	1619.840183689376	22.727986754036
1	5308	1622.182505801087	41.652829446597
1	5317	1625.131396459994	38.961258665539
1	5345	1633.012080432144	14.882148616011
1	5352	1634.857147715403	21.998910084017
1	5358	1636.130124260203	28.739264620233
1	5384	1643.337570934558	8.426055375022
1	5386	1643.463394584832	14.114824221934
1	5396	1646.802806104183	23.072881277998
1	5400	1649.441981310141	3.196710890042
1	5421	1659.40891312633	18.949897566692
1	5459	1672.430441751961	9.301322894289
1	5498	1682.294625201381	30.129307742116
1	5500	1682.598824873683	9.005150074954
1	5522	1688.478196568554	30.831906348001
1	5541	1693.462639817851	24.965508680674
1	5557	1697.554989570173	18.654436238928
1	5562	1699.7383346695	9.371501412244
1	5578	1704.842791465228	3.210386227467
1	5627	1719.258342952702	34.816436635332
1	5648	1724.922631627416	28.58524757228
1	5658	1728.297275248101	20.93175163318
1	5688	1736.418536007522	8.552052204382
1	5708	1741.904290930483	29.267909643821
1	5725	1747.184236187372	8.034933890565
1	5728	1747.630497627892	24.914445439587
1	5738	1750.910075798864	6.284306736663
1	5754	1757.574829950115	39.887241571561
1	5763	1761.188909516903	5.203991034767
1	5775	1765.13576711016	31.448492841564
1	5830	1781.331184637384	31.112266206765
1	5833	1781.780861769802	14.447385278995
1	5858	1788.361238146547	26.38298127602
1	5875	1792.344694877508	14.697120110503
1	5884	1794.679897236872	22.28588810796
1	5892	1797.501853789901	8.89003155427
1	5897	1799.268890562234	16.390680692158
1	5936	1812.854257294793	7.190569910338
1	5963	1820.166632731445	25.930345283355
1	5977	1823.678195100979	7.499083297795
1	5999	1829.907134206849	29.956974051776
1	6001	1830.647448542993	3.455971001414
1	6009	1832.642420244288	21.806013324182
1	6035	1841.887703201036	20.003485070775
1	6042	1844.404718561215	11.941853940604
1	6059	1850.833594062715	12.962622387451
1	6093	1863.137974776327	19.353173271519
1	6128	1872.719049333711	23.703244813135
1	6135	1874.533464319656	13.943677655771
1	6150	1880.145932612009	25.482251407345
1	6162	1884.4318680577	18.325868450106
1	6215	1899.00746487314	21.996271939949
1	6243	1906.55779508932	34.924929147003
1	6251	1908.178550653626	20.453852654668
1	6257	1909.474607651357	26.797991031317
1	6285	1918.224894381479	19.998353018776
1	6290	1919.483822331065	10.747412569122
1	6300	1921.56413350266	7.307972030598
1	6331	1930.160673369421	10.608277781401
1	6333	1930.619158056332	37.479328468442
1	6340	1932.986078872229	7.977954238769
1	6351	1937.519552252255	1.873758074594
1	6353	1937.797259892223	34.299036402141
1	6362	1943.02850434801	12.981713195214
1	6394	1956.836467644666	5.126464053756
1	6421	1964.681854952243	23.534247180563
1	6459	1975.357916137204	28.70858224202
1	6471	1979.145839841221	21.485999314696
1	6508	1987.665823379878	19.377893138325
1	6527	1992.793841419041	29.968684696125
1	6571	2005.25498013664	31.262776799034
1	6577	2006.952789387898	15.790756824658
1	6585	2008.390063906204	23.182169657083
1	6589	2008.751606168576	29.111820651336
1	6603	2013.740765225141	16.993422263533
1	6619	2018.943239462212	11.002090001594
1	6673	2034.000608573202	31.797910642577
1	6675	2034.130433134851	14.449756227549
1	6694	2040.112405547057	14.605353029327
1	6697	2041.012455574703	27.259069841355
1	6731	2051.644619398168	20.660348891861
1	6754	2058.57547755586	22.069429656024
1	6767	2061.731879175759	8.586132343044
1	6785	2067.16408923152	2.5608308597
1	6789	2068.342517537067	20.847221892328
1	6793	2069.696096822505	10.994039951242
1	6805	2074.881357622567	5.011645284016
1	6813	2078.127944591573	2.601085258066
1	6815	2078.824654386848	36.433219150642
1	6824	2087.207816298586	5.932451175758
1	6833	2091.808528033901	4.598620640696
1	6886	2114.202948761173	15.587934961077
1	6895	2115.83941083879	22.732518537787
1	6903	2118.554722304922	8.914094744017
1	6905	2118.896454919712	15.034000881598
1	6918	2125.024400658789	10.202389238751
1	6927	2127.854163588957	2.433021764271
1	6931	2130.69605961768	10.419009735109
1	6982	2151.127672774136	20.325523673207
1	7015	2160.552759907791	18.685910839237
1	7032	2165.584850084035	29.376966451059
1	7035	2165.996670488154	13.519694158459
1	7074	2176.050467693016	28.778914891882
1	7080	2178.459932517029	10.498773521045
1	7112	2189.195989388855	26.505727724286
1	7121	2191.37610919343	6.357913078857
1	7126	2192.802662779462	35.13753515936
1	7143	2197.200095686714	18.17771538382
1	7166	2204.056777387625	8.524872496724
1	7177	2207.390637980076	6.431784195127
1	7199	2214.187196265211	40.232583695559
1	7208	2216.695119822515	10.024115091307
1	7213	2217.735629974632	27.447208440862
1	7231	2224.887250345782	12.553164296434
1	7272	2239.538062409961	22.070301397236
1	7292	2244.277398664969	15.760997811099
1	7313	2249.472051592543	26.823945415439
1	7316	2250.123343343263	15.635076337842
1	7346	2259.575514863247	3.824091973483
1	7366	2265.480546128702	25.482417996273
1	7404	2276.56862499367	9.315416310564
1	7406	2277.288818795699	31.815189633518
1	7422	2281.036791985857	30.309890045554
1	7425	2281.346908276203	8.407847336493
1	7442	2287.394036123764	2.840148532531
1	7451	2290.429875776521	28.722375169745
1	7471	2299.199433644421	20.377733400442
1	7482	2302.03547027393	6.591978540761
1	7521	2316.01195448975	26.040575080437
1	7578	2331.38208830962	30.918533721472
1	7607	2338.300952002523	32.411807399824
1	7616	2339.511636338199	22.2393513578
1	7618	2339.658956916306	27.879148261622
1	7626	2343.424544712415	4.31730575685
1	7676	2357.367438487824	29.936448144374
1	7697	2363.27887560544	40.936322628057
1	7716	2367.607575194562	17.821040636044
1	7729	2372.248588325924	27.866936383304
1	7770	2384.405533561481	51.241517106998
1	7789	2389.053271336483	34.156407035654
1	7842	2402.706880706131	31.632814452051
1	7845	2403.552119633878	43.553732036374
1	7873	2410.185453570218	33.153392250883
1	7897	2416.08239526639	50.642204027502
1	7902	2417.320210577335	29.067200901796
1	7904	2417.969794924834	13.868038335111
1	7910	2419.793915227518	26.405815152911
1	7958	2433.657200736578	34.716571242199
1	7962	2435.162857887453	52.284369725384
1	7965	2435.545547125863	25.875241569941
1	7998	2443.888854726338	23.60531975946
1	8016	2449.114471802376	18.086754062797
1	8024	2451.815470137987	4.508824588151
1	8026	2451.987497209342	26.16027007578
1	8058	2460.703637358618	45.547621938515
1	8068	2463.729441948004	27.678024619584
1	8091	2470.712403914078	18.090766387875
1	8099	2472.757451690622	30.96639462712
1	8103	2473.54629899841	15.078068921343
1	8120	2479.043559622139	15.127953270801
1	8129	2481.599140403096	6.681856743293
1	8132	2482.549806968661	13.534115392832
1	8151	2491.639476352606	5.579774565064
1	8165	2497.609683840537	6.290967278881
1	8184	2506.672295110186	9.390357837897
1	8192	2508.895408518498	28.122036608984
1	8227	2521.814704987921	8.368219016819
1	8248	2528.409569445765	25.820895577547
1	8253	2529.581462375471	21.958516168989
1	8259	2530.36915635504	5.228171646129
1	8266	2533.234945167442	14.025928327001
1	8273	2537.145126359539	6.844959349371
1	8306	2551.102683771987	15.369558719803
1	8316	2554.004952162856	12.992464933196
1	8327	2558.874517403195	5.904648544616
1	8336	2563.192233860493	16.218708998057
1	8362	2573.322173958181	9.775869728766
1	8380	2579.531470512041	21.553225208772
1	8405	2587.093404144981	12.833345881664
1	8412	2588.479958154027	19.357044156406
1	8454	2601.564658022255	21.632381193807
1	8480	2607.624379999937	11.332642142662
1	8484	2609.261124680752	7.245255364572
1	8486	2609.929783156839	19.465759329031
1	8488	2610.02729806735	25.004711665565
1	8542	2629.913602203947	22.590507784975
1	8559	2634.39129750058	16.001611263024
1	8590	2641.49982292927	12.108966337284
1	8600	2644.028318800616	8.957551173284
1	8603	2644.387198226412	31.137245764608
1	8611	2646.578759295982	22.567790389409
1	8616	2648.688996173326	8.304463041131
1	8629	2655.91347381531	3.887819503318
1	8691	2676.988589298797	19.868039506139
1	8703	2679.06998451124	32.958813395583
1	8731	2687.193661672763	18.805572184967
1	8759	2694.872959253381	32.087432508591
1	8791	2703.47498577391	19.413260961651
1	8795	2704.466422780886	30.685693395792
1	8809	2707.43289861968	11.67031249567
1	8830	2713.004165987719	11.634358481505
1	8837	2715.110250604575	36.105779013366
1	8851	2719.242099772791	29.287886914914
1	8858	2722.477916479112	4.94135284191
1	8868	2725.337488420891	12.966863792506
1	8880	2730.44063669618	24.051229370643
1	8884	2731.980425559684	3.240395208355
1	8903	2740.172536942062	17.185306976201
1	8931	2750.22171271092	16.325285443222
1	8939	2753.3694108699	8.975304892753
1	8942	2753.650298223249	4.074995869654
1	8947	2755.051474398818	16.064983948017
1	8963	2764.506426832524	9.455658493215
1	8989	2775.012587171165	9.21952609031
1	9038	2788.604115173686	28.507555012823
1	9055	2792.844028805732	16.581425782409
1	9070	2797.45136596344	26.461107403156
1	9083	2799.675262010191	7.686415997799
1	9096	2803.071663337295	16.377839025343
1	9106	2806.732315708767	25.169892634847
1	9126	2813.936105868315	16.218355059392
1	9128	2813.945851886645	5.109875421738
1	9136	2816.304396537017	13.355249931221
1	9146	2822.390477457666	2.742027523578
1	9176	2836.228673650301	5.708387019229
1	9184	2837.430523387855	12.682668312453
1	9200	2845.172523445915	3.066113470588
1	9220	2852.492884155944	38.319555772816
1	9248	2859.974304025875	12.816344074322
1	9266	2866.106471820503	29.8160621929
1	9295	2874.519257165257	15.716679799835
1	9313	2879.596545370643	26.757261635618
1	9339	2887.308687213808	17.395315916511
1	9341	2887.423038874638	22.919514047799
1	9393	2903.798572225844	28.447972845402
1	9404	2907.108837985668	26.35222743219
1	9407	2908.625500739435	11.777413368807
1	9425	2913.434203216342	27.259233182764
1	9445	2919.745913889956	28.46709044394
1	9466	2924.894646141794	17.801285789697
1	9468	2925.154607296689	12.956846337766
1	9503	2937.505352867766	19.327814882853
1	9521	2941.934919404563	39.994847369845
1	9550	2950.066582577303	21.013358601369
1	9572	2955.774852849311	4.653007649351
1	9575	2956.286334403441	21.791881897836
1	9602	2964.509212487959	19.28957663814
1	9605	2964.614627283064	41.051909001775
1	9610	2965.982998708613	9.223839105456
1	9638	2974.78265034163	12.067266696482
1	9644	2976.594906138141	8.50351583038
1	9662	2983.687629740802	9.700538012548
1	9687	2991.687551918906	7.428783256794
1	9702	2996.062261368726	56.453019423057
1	9706	2996.74299414875	17.547421925701
1	9763	3015.175430593781	25.677240264371
1	9766	3015.506910037367	15.126976813773
1	9794	3022.583770876983	27.52091760654
1	9813	3028.444479531259	23.015049442299
1	9851	3040.68886860821	8.089716867427
1	9857	3042.040671965923	31.108360818937
1	9878	3047.179251329974	31.008950354997
1	9932	3062.841169579769	36.090252772554
1	9956	3069.576354481513	31.695312140276
1	9962	3071.101046995842	49.813347601913
1	9976	3074.543113036547	25.808801128295
1	9980	3075.329854528886	32.166734375059
1	9982	3076.259521855506	22.042606005443
1	9985	3076.955162066851	5.546468540677
1	10042	3094.934744952245	34.840708318164
1	10054	3097.868900163217	20.750841189991
1	10058	3098.487930521486	15.627524727606
1	10061	3098.839359933275	33.336444085693
1	10068	3100.820320350236	12.355399934226
1	10076	3104.515576517444	10.192214552081
1	10086	3108.143845842571	2.900091142045
1	10106	3117.412694568631	1.787290325505
1	10121	3122.792534819574	22.819266011009
1	10124	3123.830573132729	2.778597690631
1	10134	3129.300395349042	19.046535088914
1	10160	3140.566892328207	3.498185615987
1	10162	3140.636721801945	8.893985084724
1	10181	3148.983608078212	22.840493754716
1	10188	3153.383330446319	5.190380385961
1	10215	3164.130144764786	10.436485582381
1	10224	3166.488529498342	23.915082717433
1	10242	3172.716790985549	7.913339192048
1	10259	3178.788182420772	3.680139051634
1	10270	3182.569998893074	23.375450204012
1	10281	3187.09869414137	17.118600367916
1	10290	3191.242819259874	5.480757226935
1	10344	3210.087531678029	18.403763818672
1	10351	3211.720545688179	30.974088099554
1	10357	3214.284212160971	16.898447795888
1	10369	3217.307706689345	8.864157916396
1	10408	3229.452106431244	15.08686398843
1	10424	3233.637746504392	30.431282688283
1	10458	3243.222327308031	17.426012846176
1	10460	3243.982146665688	23.698055315997
1	10464	3245.470049578698	3.214310322424
1	10480	3251.361214305508	19.638686564752
1	10509	3259.202319618198	11.657975772046
1	10534	3267.001922923026	30.152826730746
1	10573	3277.301052648574	23.802812740905
1	10580	3280.119572623166	16.096136265666
1	10591	3283.109488512854	24.548578385263
1	10617	3290.548436908165	15.535140444639
1	10634	3295.046330237994	8.863670616877
1	10653	3300.245696388883	19.453172654379
1	10659	3302.321150605567	32.795095683309
1	10666	3303.252470789826	5.439807733405
1	10675	3306.524798859491	14.573604062548
1	10681	3308.882980590684	5.916867092251
1	10709	3323.130024075157	3.200723754591
1	10728	3329.078387572079	20.496919573168
1	10757	3338.934383964629	13.030992130515
1	10778	3345.193655265727	30.708903148305
1	10797	3351.04155070125	8.475616628304
1	10805	3353.671354925142	16.773225677316
1	10850	3365.317338535212	17.023280618363
1	10852	3366.084140694348	34.929768679546
1	10856	3367.03245498717	2.900407556093
1	10870	3372.111335280467	18.172393854125
1	10914	3386.791981064017	27.666256483413
1	10923	3389.715132588172	19.640010832461
1	10939	3394.517012575642	13.921056564666
1	10953	3398.149395679473	11.617969323998
1	10975	3403.728587340329	28.162761727347
1	10989	3408.69113567681	16.412429322489
1	10995	3409.574649154673	6.460250158794
1	11012	3416.541684536961	18.532566696871
1	11033	3424.619392120161	15.73939056124
1	11081	3439.572216881437	24.984336276771
1	11084	3440.607475924885	20.097057175705
1	11111	3447.574650985303	21.352122265728
1	11118	3449.322304597008	6.31093704363
1	11136	3454.248294607036	5.726734295254
1	11164	3463.543761902137	31.450184862477
1	11169	3464.039531306013	10.488732793485
1	11179	3467.640397448208	8.791521304404
1	11190	3470.838663355794	33.314424496492
1	11192	3470.923952529903	1.389365333132
1	11203	3478.732226470018	3.246969636064
1	11214	3483.898698754025	19.867139243172
1	11227	3491.806128004098	5.300705854781
1	11240	3497.62203297601	16.904196051882
1	11249	3500.430038529096	8.158559895236
1	11272	3513.11964071181	3.82765528292
1	11281	3515.482799791729	11.492579217767
1	11311	3526.52805924171	11.610161384219
1	11317	3529.273806673587	31.077832237699
1	11322	3530.960296693257	10.458442660515
1	11351	3541.9768197597	9.867826678558
1	11388	3554.535149127127	28.072731842636
1	11401	3557.035276085603	8.103081391426
1	11424	3564.147560309386	20.779150079704
1	11454	3572.219937298094	34.632510633787
1	11464	3575.670145716169	10.106767784223
1	11510	3586.728631116214	31.947276051387
1	11513	3586.831769754878	26.717927200256
1	11539	3594.957624585369	18.327768367484
1	11546	3596.44259101164	25.329828080372
1	11562	3601.258413540549	14.123336352059
1	11578	3605.906531408777	13.063128366949
1	11580	3606.210493165184	2.428332381998
1	11595	3610.616337192246	28.92516849097
1	11602	3614.164764245157	4.832959127264
1	11613	3618.854050424532	20.753228721093
1	11648	3633.454492346847	2.630814670352
1	11655	3635.285542401718	20.320748375497
1	11677	3641.820947244878	5.650833438966
1	11682	3643.484157533965	23.471739407512
1	11723	3656.683615033862	31.159252350335
1	11787	3674.625545748511	32.806214507673
1	11796	3676.766602719782	29.207442762679
1	11822	3683.171844832712	8.43116285454
1	11826	3683.7532061456	31.072341261783
1	11848	3690.906177128197	32.777172473492
1	11878	3698.817389726402	6.726791823283
1	11888	3702.331755733229	39.148673657675
1	11890	3702.451110251479	33.367719910109
1	11939	3715.548248730478	29.434766365097
1	11943	3716.353205703312	35.716211178457
1	11986	3727.708820120662	18.445148132975
1	11998	3730.630539472675	26.640593760412
1	12017	3734.97952051798	36.937712195446
1	12043	3742.199351089304	21.843564206967
1	12077	3750.115071138131	35.209196582204
1	12084	3752.00257495639	8.920052960399
1	12089	3753.142528886787	26.87825722748
1	12106	3757.210967163901	25.171298330999
1	12111	3758.566970161856	5.040168466046
1	12141	3768.157354386868	30.778573039802
1	12178	3778.510132136168	30.188491519424
1	12180	3778.844833988344	7.915617899155
1	12199	3784.193407062552	24.982636767089
1	12209	3787.699778900826	22.535613176761
1	12220	3791.494097393817	3.764133649529
1	12233	3795.611001901674	13.823310074513
1	12249	3799.959682691605	24.019537674728
1	12277	3810.301797711635	6.161058742902
1	12279	3811.523376583233	13.307155188754
1	12300	3819.311991930703	26.291441232199
1	12323	3826.732339213248	11.218413699068
1	12342	3833.245605643951	23.31184778607
1	12375	3842.72838364285	5.476632216712
1	12395	3849.322642997488	23.149409431618
1	12417	3856.098994620955	35.322009900934
1	12435	3861.461622608822	29.32954596798
1	12445	3864.039610418837	10.636417069123
1	12463	3868.928513048795	26.562293028808
1	12471	3871.056413315815	11.79365622194
1	12476	3872.451381891846	24.088196864701
1	12483	3875.398427502481	10.67016537697
1	12504	3883.903481543641	13.886221092076
1	12545	3896.952387409633	21.201862998425
1	12550	3897.532502608955	16.309785753607
1	12560	3900.909925264538	14.321174624378
1	12612	3917.031338829311	14.246388611384
1	12614	3917.06391208444	19.580213054899
1	12634	3922.756480750392	31.093987021828
1	12637	3923.043541189163	3.407926986809
1	12640	3924.531348190615	16.476893149432
1	12697	3943.698008033559	29.908958357409
1	12714	3947.357342242027	21.948568326887
1	12723	3950.672754494003	19.951095773837
1	12736	3955.081853572276	19.305897483137
1	12778	3967.376212286993	9.695976004006
1	12788	3969.893295509738	6.973878282822
1	12795	3971.939714964591	30.167341017513
1	12811	3975.942501401757	28.992428722325
1	12818	3977.993828069299	25.672524381546
1	12844	3986.743727037213	6.911678630626
1	12874	3995.304979083821	27.191437406464
1	12884	3997.869564538352	6.762097585481
1	12900	4003.471066322289	29.635367776849
1	12905	4005.256333494788	19.766404028284
1	12915	4008.342044828571	5.792098910897
1	12961	4024.158206307091	16.289913033368
1	12966	4025.227764895761	12.17174421728
1	12981	4029.486325673753	32.387616720282
1	12998	4034.923583951655	16.854180009219
1	13032	4044.581334242474	9.802787887048
1	13042	4047.133821919439	18.109250906972
1	13061	4053.513220531045	30.412746164831
1	13118	4068.664262710484	28.84765009361
1	13121	4069.243409031065	23.566780378809
1	13143	4076.41571718582	25.134095232353
1	13179	4085.37841021397	29.095989137771
1	13215	4094.376476739646	22.668212112157
1	13223	4096.24325973738	19.474500603625
1	13234	4098.714980055227	32.272339343679
1	13263	4105.852781618476	13.158786631424
1	13292	4114.534933229669	53.239397366763
1	13328	4123.228024034638	14.002259835949
1	13339	4126.442325817648	28.176731914281
1	13348	4129.349235552012	47.322610785606
1	13354	4130.732260568876	43.476574468542
1	13356	4130.74205332761	10.425747052766
1	13388	4137.882894298405	6.64917795395
1	13404	4142.716726618003	39.236768215317
1	13427	4149.554573259893	23.874110872741
1	13440	4153.639682015631	38.9095777818
1	13474	4163.48514177405	21.156819376511
1	13496	4168.612265751343	21.12166936102
1	13504	4169.888366994557	32.923763514844
1	13514	4172.741127152109	19.976734687694
1	13518	4174.072412779198	15.71115885477
1	13525	4175.508292875711	6.20616245293
1	13550	4184.820685294335	21.147960190546
1	13574	4192.202408680453	6.596160218819
1	13604	4201.015682331861	3.929491510033
1	13617	4203.935403326755	23.760973859814
1	13619	4204.062437695679	28.916377010524
1	13649	4215.751840674893	24.597408655449
1	13657	4217.962283347608	4.321642749826
1	13663	4219.485632256715	16.843002082898
1	13719	4238.575883807256	9.187094816821
1	13721	4238.767616175223	19.862058239174
1	13731	4241.753886962533	33.823441854444
1	13777	4255.400027749586	31.165178037249
1	13800	4261.111655101173	20.649536269252
1	13810	4263.433531113659	28.739005847601
1	13830	4268.656564656869	16.648887544171
1	13834	4270.161160083596	24.125193207641
1	13867	4279.344369651163	21.644843168676
1	13876	4281.330258056862	12.720415503368
1	13902	4289.319263958483	26.12837521767
1	13922	4295.78543217945	21.222711209673
1	13937	4299.640743477959	19.933799986493
1	13949	4303.33396610419	18.105812301743
1	13953	4304.890636473421	8.049017068464
1	13962	4308.272814597694	17.155511343386
1	13997	4320.806453018209	18.36291779438
1	14001	4322.001022102071	3.70423029433
1	14011	4324.320510759012	16.263094667113
1	14058	4339.949971069456	26.815604765548
1	14065	4340.858590604963	6.649850991322
1	14067	4341.16038535069	17.765245934483
1	14100	4352.44315050076	23.690858205315
1	14123	4359.686835277586	14.290408034111
1	14143	4364.883011593592	24.836711727897
1	14155	4368.201711605528	12.494623737177
1	14165	4371.360539145529	9.846764649499
1	14205	4382.984378610964	32.581491911552
1	14217	4386.073296113864	19.402946300572
1	14231	4389.57966619124	16.995390231955
1	14233	4389.763384509708	6.28304231551
1	14263	4401.122813398009	23.09187206486
1	14277	4405.200938207787	10.942308234748
1	14316	4416.533422835628	11.346209982409
1	14319	4417.23050668416	28.668370121626
1	14327	4421.652271468999	22.187069336767
1	14343	4427.163422277075	16.582554237104
1	14363	4433.989102272775	7.279564088443
1	14414	4448.942241687902	16.469908887869
1	14423	4450.214893009506	28.530147268902
1	14428	4451.97662208124	35.804640962395
1	14461	4461.482700591319	17.765779145413
1	14480	4466.953141914673	29.215047310106
1	14506	4472.438250820264	11.321468375509
1	14509	4472.999043483512	23.333436030661
1	14531	4479.619909631663	24.228632204351
1	14566	4488.880370304099	16.667637972744
1	14568	4488.970387130737	21.904182636413
1	14582	4493.698125656805	15.977379307268
1	14593	4497.323025709594	14.27406758687
1	14604	4501.795484414086	7.309373511235
1	14614	4505.58165949175	6.08660373243
1	14649	4517.326173912495	28.810795719037
1	14659	4520.675018304604	15.362945855944
1	14691	4530.55305257439	8.050247350474
1	14693	4531.145482105663	20.027615104336
1	14695	4531.181278174039	2.741069458425
1	14707	4537.284967772542	20.729424921913
1	14716	4541.582146020019	1.662152418518
1	14766	4561.114263568533	26.836762308375
1	14803	4570.737729852084	8.818343780936
1	14813	4573.48640285758	5.682295992041
1	14821	4574.783688084218	29.257067662199
1	14841	4580.809280739045	29.414673773922
1	14861	4586.941809119535	30.147744982154
1	14868	4590.108648134623	16.477803497109
1	14878	4592.677039151074	7.236966017167
1	14934	4611.332039064141	20.772820228362
1	14943	4612.557133572055	32.930930051836
1	14953	4615.956360176086	14.458617858241
1	14996	4628.42526440124	31.934508782928
1	15037	4640.417667455969	6.547735937174
1	15043	4641.681555222134	34.645416655229
1	15045	4642.115484219971	18.979056348325
1	15060	4645.647132398787	28.155382026683
1	15074	4649.845158910841	5.346663141856
1	15113	4659.826640093581	20.767210140244
1	15128	4663.63128596532	35.369938752728
1	15134	4665.184833497503	14.715925125637
1	15162	4673.637952786285	61.451578040725
1	15166	4675.276362367085	14.53418837895
1	15193	4681.831160299709	10.440914254869
1	15230	4692.383391714071	36.846390589026
1	15244	4695.016050284606	17.692065887734
1	15250	4697.351593192663	31.101847263054
1	15255	4699.304069182137	10.912007829878
1	15316	4717.365953159285	23.172389636752
1	15320	4717.789696831017	34.859167006098
1	15322	4718.267948967516	12.631120800855
1	15335	4722.933999822471	23.04172899481
1	15340	4724.780078635433	13.818086689923
1	15352	4728.923126674137	2.49437451188
1	15369	4735.651297949835	14.401189045867
1	15382	4739.634255011561	23.459934967337
1	15387	4741.180415974926	8.826164281927
1	15409	4751.270029272298	12.953742449288
1	15441	4762.859082930717	7.415104855783
1	15462	4769.145002712142	25.315096219419
1	15484	4775.369818364265	25.699036519275
1	15499	4779.427762205594	18.554741739647
1	15502	4780.531275913696	14.579112646053
1	15519	4787.401034920705	4.703271917068
1	15530	4790.395701429569	2.41616422683
1	15534	4791.312970267254	20.209937775856
1	15547	4797.457565686195	20.706041610101
1	15575	4808.99675139342	4.754330140772
1	15600	4817.250927115089	24.125546312427
1	15613	4821.475560640679	6.051453443943
1	15622	4824.540767756867	25.787797654163
1	15654	4834.548784188805	8.142672037589
1	15658	4835.138613737066	14.686889359144
1	15674	4841.878110488639	32.03247310617
1	15698	4849.55391125462	2.111056815483
1	15739	4860.693965909766	28.97571493499
1	15764	4867.968760824408	4.29567489901
1	15766	4867.974414782477	31.072090933215
1	15771	4869.382559113084	27.463765642024
1	15781	4872.787915755175	20.178104551858
1	15820	4883.922052991339	14.425988826435
1	15829	4886.336805024297	28.205928430544
1	15857	4894.410630420544	14.52770839096
1	15872	4898.10315184842	7.78287282528
1	15886	4901.354312083096	26.588914586812
1	15892	4903.056348415202	17.98515827779
1	15910	4910.885159529043	10.234879110707
1	15918	4912.790560655174	17.199086574953
1	15975	4931.382655068994	14.115195357008
1	15978	4931.643666824904	25.033196627745
1	15983	4933.145381741453	10.748267112067
1	16002	4941.093134122196	29.321751987793
1	16055	4955.261119317955	27.807367511092
1	16071	4959.971645416455	27.371070622933
1	16073	4960.677208898585	16.634798642482
1	16100	4966.671354417335	28.168557418627
1	16121	4973.154410332667	23.521573170319
1	16130	4976.354887840217	5.203190265107
1	16139	4977.818696321332	22.91079019953
1	16172	4986.724978145559	25.869607252188
1	16180	4988.199161560969	6.419994262979
1	16187	4991.017092582998	14.43488097447
1	16197	4993.949575682164	28.077438235514
1	16226	5004.536784281249	17.244218125239
1	16251	5013.052639078229	9.602998310119
1	16291	5024.662936546019	32.260896325692
1	16295	5025.454125517625	16.206232173251
1	16317	5032.087459245458	33.783242343225
1	16323	5033.758188745001	13.605310621437
1	16358	5042.444033032394	27.805583503911
1	16389	5051.936973455941	26.480131797377
1	16395	5053.065197394806	16.703532891928
1	16408	5056.065140334419	7.989052583696
1	16423	5060.62013230449	7.174456815002
1	16438	5064.705207392687	33.451365966933
1	16460	5071.079480218461	28.970301034857
1	16467	5073.293338836632	3.869354956783
1	16469	5074.033608731925	15.583797813276
1	16496	5084.955178324013	20.822931683041
1	16524	5093.520610159608	2.608549022233
1	16545	5099.278677891471	24.026777377819
1	16570	5106.776201163413	26.178977671544
1	16576	5108.095356580798	22.292692180026
1	16597	5114.682323480836	13.04599315615
1	16602	5116.021981944557	19.419987299246
1	16679	5138.695779628931	31.737595322659
1	16698	5143.325880962069	24.851665550028
1	16702	5144.084743904528	31.567375062617
1	16734	5152.635562856676	28.388410768705
1	16739	5153.844624649262	24.588757944527
1	16751	5157.469454049012	17.274023628446
1	16760	5159.447884576976	24.608659097115
1	16793	5168.603363171331	22.947292173631
1	16798	5170.04246737796	19.136697795594
1	16804	5171.531156734209	4.130825507804
1	16846	5184.695990685367	11.481554984114
1	16856	5187.26077357225	31.10406121111
1	16858	5187.761613208564	26.284254382366
1	16904	5201.694711331504	11.804346771677
1	16928	5209.247510453797	30.748011061572
1	16949	5215.319292447406	31.2869236354
1	16964	5219.057330073899	13.309653029428
1	16969	5220.751765393761	20.328039161976
1	16982	5223.83740489324	28.458301524399
1	17000	5229.184631723669	7.016030448254
1	17002	5229.270390632556	17.791301386198
1	17021	5236.246657649397	19.259333671419
1	17035	5240.903184392366	7.840515066753
1	17044	5243.750117573765	16.073930729065
1	17063	5251.087882601649	12.83058176469
1	17099	5264.11577597481	20.595846438664
1	17138	5274.031148209577	24.86856123118
1	17141	5274.605730123111	13.905402231262
1	17153	5278.946128273492	12.513196882676
1	17164	5283.678404487429	6.138917330653
1	17168	5285.16230748104	2.109094749903
1	17177	5289.727979698794	34.570161697572
1	17189	5294.777551536209	22.978322026787
1	17195	5298.106988000675	9.098074988229
1	17207	5302.981612174182	3.956236305996
1	17214	5305.641121897024	11.622995030019
1	17252	5322.284026981209	18.161209443935
1	17298	5335.690780995055	9.29307568923
1	17308	5337.944046097683	22.950260669808
1	17320	5341.944678621474	32.626638909917
1	17347	5350.876640234482	30.330463892197
1	17351	5351.284984997	2.919982114109
1	17364	5355.931969047166	12.725730633945
1	17381	5363.290571446986	31.536955313057
1	17407	5369.021539062368	10.214101562159
1	17417	5370.978098301559	17.577141043848
1	17432	5375.98386497236	11.833608957241
1	17435	5376.408080400074	39.161133957676
1	17466	5387.090895351132	17.664821031621
1	17485	5393.32356277375	6.459786828257
1	17494	5395.971906324143	20.876402910567
1	17519	5403.98205484123	11.761201888555
1	17535	5408.937024789504	27.93720413919
1	17577	5420.757207562092	6.985248733196
1	17586	5423.465631056919	3.932341184584
1	17589	5423.829574603231	21.037650773419
1	17602	5428.635846971757	31.209554010302
1	17604	5428.970866343347	20.997179850586
1	17616	5433.972058509584	8.592082730377
1	17638	5444.560856567921	14.147477303632
1	17673	5456.559022494468	15.271773238551
1	17698	5463.52338489342	16.370366249116
1	17707	5465.262592958628	12.349523071782
1	17712	5466.637611829786	30.763682369727
1	17744	5477.285522392011	13.510566572658
1	17749	5478.318295331895	9.309387706917
1	17760	5481.618132050025	23.700466967304
1	17778	5488.711334677636	14.091134675544
1	17798	5496.453258060027	16.150713133044
1	17815	5502.015361292279	16.115523388376
1	17825	5505.398585185402	14.107755278704
1	17831	5512.600512151482	15.754223999916

