version 3
run General-15-20240430-20:30:43-5483
attr configname General
attr datetime 20240430-20:30:43
attr datetimef 20240430-203043
attr experiment General
attr inifile omnetpp.ini
attr iterationvars $0=false
attr iterationvarsd false
attr iterationvarsf false-
attr measurement $0=false
attr network Supermarket
attr processid 5483
attr repetition 5
attr replication #5
attr resultdir results
attr runnumber 15
attr seedset 15
config network Supermarket
config repeat 10
config num-rngs 10
config **.use_random_strategy false

vector 0 Supermarket queueSizeOverTime:vector ETV
attr recordingmode vector
attr source updateQueue
attr title queueSizeOverTime
vector 1 Supermarket customerWaitingTime:vector ETV
attr interpolationmode none
attr recordingmode vector
attr source customerFinished
attr title "cust waiting time"
0	7	5.652326327749	1
0	14	11.584141101223	1
0	17	13.103303897428	0
0	24	17.023167528213	1
0	34	22.372248268687	1
0	41	24.875007058843	0
0	49	27.929054081674	1
0	64	33.10187468736	0
0	69	33.574673137862	1
0	86	39.206492320869	1
0	97	42.491219774006	0
0	107	45.08944725292	1
0	108	45.732418966481	0
0	110	45.789614313168	0
0	123	51.012823637577	1
0	136	55.439154127964	0
0	142	56.653673558731	1
0	144	57.884456003437	0
0	154	61.733436580982	1
0	170	66.965402618518	1
0	183	71.924284192154	0
0	189	72.429342816818	1
0	194	73.489371840612	0
0	210	78.427725982854	1
0	222	82.582500383261	0
0	229	83.817067167258	1
0	245	89.167116751665	0
0	250	89.5409041103	1
0	270	94.992650162198	2
0	275	95.998359361551	0
0	279	97.188341766364	0
0	287	100.469523406823	1
0	289	101.173710540289	0
0	298	105.584145478208	1
0	314	110.830381211827	1
0	330	115.4950572243	0
0	332	115.691793710578	1
0	334	116.057520797361	0
0	338	116.326859197349	1
0	356	122.00959636085	1
0	379	127.834175212079	2
0	387	130.905900977552	0
0	398	133.470852480739	1
0	400	133.704913571364	1
0	419	138.804204262444	0
0	423	139.057134343547	1
0	424	139.577242184783	0
0	437	143.77871652041	0
0	442	144.585287667115	1
0	443	144.719073497577	0
0	452	150.384223286414	0
0	456	150.418423178375	1
0	468	156.009318730563	1
0	485	161.571374663387	1
0	494	163.710012215541	0
0	505	166.653814161199	1
0	522	171.889471570148	0
0	526	171.965859826424	1
0	531	173.665307620892	0
0	543	177.249892589639	1
0	544	177.561592667016	0
0	546	177.782443510487	0
0	551	179.122931294029	0
0	557	182.302695697642	1
0	567	187.490617921346	1
0	568	187.729891589846	0
0	574	190.445377295607	0
0	580	192.736259873727	1
0	594	198.728024831278	1
0	597	200.037705857078	0
0	604	204.162985838021	0
0	608	204.447563700381	1
0	619	210.32734014816	1
0	637	215.958823452009	1
0	639	216.631787323629	0
0	654	221.736592779406	1
0	672	227.480730392043	2
0	683	230.165570841641	1
0	693	232.65865189536	2
0	701	234.73292937654	0
0	704	235.662114206008	0
0	706	236.351754701468	0
0	712	238.628054489852	1
0	722	243.679347392875	1
0	724	244.404270106349	1
0	736	248.939667833974	0
0	741	249.15527264332	1
0	757	254.21164992522	1
0	775	259.48707037047	2
0	796	265.200164944636	2
0	809	268.833527266286	0
0	816	270.430059995506	1
0	817	270.440184492041	1
0	827	273.611381216564	0
0	829	273.770618959685	1
0	834	274.936001362748	0
0	841	276.279138629794	1
0	855	281.742430870192	1
0	856	281.853453295777	0
0	875	286.956050862562	1
0	876	287.016398611134	0
0	878	287.060561706315	0
0	889	292.410138644049	1
0	894	294.112169938049	0
0	904	298.409562102756	1
0	919	303.508501144596	1
0	925	305.225077813963	0
0	937	308.745838942011	1
0	954	313.88018565346	2
0	962	315.632550335494	0
0	968	317.664214110005	1
0	975	319.604787766938	1
0	984	322.813042450701	0
0	992	324.947911667642	1
0	995	325.585770446112	0
0	1001	327.645974995687	0
0	1003	327.907401929032	0
0	1009	330.036077676578	1
0	1010	330.104682853566	0
0	1018	335.872054402022	1
0	1021	337.164486733269	0
0	1023	337.485285004722	0
0	1027	340.99115415011	1
0	1034	346.026173833529	1
0	1035	346.412614550212	0
0	1040	349.617092913486	0
0	1044	351.207808599346	1
0	1052	357.18051114446	1
0	1064	362.393582338705	1
0	1080	368.062113830359	1
0	1085	370.021166500872	0
0	1091	372.553414583794	0
0	1097	373.521745722047	1
0	1107	378.223194088442	0
0	1109	378.249537121044	0
0	1114	379.30931100762	1
0	1125	384.501980111241	1
0	1142	390.403510238515	1
0	1143	390.835113653336	0
0	1157	396.031576390849	1
0	1179	401.377963085198	2
0	1181	402.167670678586	0
0	1192	405.964452659483	1
0	1194	406.115217948452	0
0	1198	406.83945662715	1
0	1207	410.032556403084	0
0	1214	412.445301534845	1
0	1226	417.346808014558	0
0	1231	417.606220180639	1
0	1246	423.39137805277	1
0	1252	425.401104310998	0
0	1263	428.741230695047	1
0	1270	431.389012312055	0
0	1282	434.687521344288	1
0	1304	440.585816179639	2
0	1312	443.061341801083	0
0	1320	445.544267787137	1
0	1322	445.697894397079	0
0	1326	445.770776025955	1
0	1341	451.078747864584	1
0	1350	453.802889621705	0
0	1360	456.170506187486	1
0	1362	457.536411080746	0
0	1370	459.254559581405	0
0	1379	461.946809230377	1
0	1386	465.583292852046	0
0	1393	467.695488302042	1
0	1410	473.472832604316	1
0	1426	478.098324642871	0
0	1433	479.336712855617	1
0	1440	481.109197803312	0
0	1452	484.910394828538	1
0	1473	490.684439312904	2
0	1482	494.269423706461	1
0	1488	495.907726733252	0
0	1492	495.982422193982	1
0	1500	498.178891328282	0
0	1512	501.13832956809	1
0	1535	507.056966602573	2
0	1545	510.09943259799	0
0	1549	510.972168250248	1
0	1558	512.990563723029	1
0	1576	518.474765274211	2
0	1581	520.14874304063	0
0	1596	524.246930998055	1
0	1599	525.002738995135	1
0	1619	529.974659615433	2
0	1628	532.407128600871	0
0	1638	535.066269333013	1
0	1643	536.142184575325	0
0	1658	540.213157210503	1
0	1679	545.828341031684	2
0	1680	546.075008140183	0
0	1684	546.691589522764	1
0	1702	551.779199397428	1
0	1709	553.986530572182	0
0	1715	555.863670057039	0
0	1721	557.769078576708	1
0	1732	562.275329384723	1
0	1737	563.111773428278	1
0	1742	564.928214264571	0
0	1754	568.868210819786	1
0	1761	571.364851881985	0
0	1763	571.421317657111	0
0	1765	572.219559606517	0
0	1770	574.110498430909	1
0	1773	575.148404229669	0
0	1782	579.758333168228	1
0	1787	582.41870091332	0
0	1793	584.874404456935	1
0	1798	588.142313947903	0
0	1800	589.022390305416	0
0	1804	590.143003608569	1
0	1806	591.695333390034	0
0	1810	596.118534854151	1
0	1813	599.600349652584	0
0	1817	601.174004562203	1
0	1819	603.328019435056	0
0	1823	607.049410948999	1
0	1829	612.24772812636	1
0	1841	617.80206519971	1
0	1851	621.969140468517	0
0	1857	623.183992889247	1
0	1874	628.733530994275	1
0	1877	629.390063576053	0
0	1886	632.17551459675	0
0	1892	634.332136766523	1
0	1895	635.169894730443	0
0	1898	636.612580058633	0
0	1900	636.969406877299	0
0	1904	640.152995448796	1
0	1911	645.177744767167	1
0	1921	650.262631708294	1
0	1936	656.044789711716	1
0	1956	661.450843550269	2
0	1973	666.519213975179	2
0	1976	667.637792809753	1
0	1979	667.863486748777	1
0	1993	671.551671554805	2
0	2014	676.824611059861	2
0	2021	678.631099304304	0
0	2028	681.325454847657	0
0	2033	682.272291431442	1
0	2037	684.33981229645	1
0	2042	685.454755254208	1
0	2050	687.833183927933	1
0	2067	692.851545262389	2
0	2074	694.539578793111	0
0	2086	698.312195549259	1
0	2092	700.363347513956	0
0	2101	702.824691532764	0
0	2104	703.428645252839	0
0	2108	704.018181491183	1
0	2118	709.281499031238	1
0	2134	714.614670463843	1
0	2140	716.350746045597	1
0	2154	719.76569156163	2
0	2165	722.577772502677	0
0	2174	724.814368418191	1
0	2193	730.222336148849	2
0	2198	731.567679121751	1
0	2213	735.677786223829	2
0	2216	736.385225470651	1
0	2222	737.492430963446	1
0	2239	741.239268779062	2
0	2244	742.585742797479	1
0	2259	746.481245524024	0
0	2265	746.989025359746	1
0	2279	752.029546024054	0
0	2283	752.249085058929	1
0	2288	753.851601937906	0
0	2302	757.471408921532	1
0	2318	762.08884655743	0
0	2325	763.080952420137	1
0	2326	763.99610274763	0
0	2343	768.568541580117	1
0	2353	772.120288817569	0
0	2360	773.868140450217	1
0	2364	774.923653304463	0
0	2367	775.326535491393	0
0	2379	779.133953902874	1
0	2395	784.577133249495	1
0	2399	785.68016213913	0
0	2412	789.618433825908	1
0	2413	789.63748938556	0
0	2422	793.587575051472	0
0	2429	795.477280080555	1
0	2430	795.915679038157	0
0	2443	801.321737321796	1
0	2453	805.264736022454	0
0	2455	805.506038053663	0
0	2460	806.424589843027	1
0	2466	809.035626736589	0
0	2472	811.984002356887	1
0	2483	817.375924438009	1
0	2497	822.604521264326	1
0	2518	827.867364026377	2
0	2540	833.314679121602	2
0	2552	836.800388439561	1
0	2554	836.913944604692	1
0	2563	838.493801603563	2
0	2567	839.69744857075	0
0	2584	844.324160032909	1
0	2585	844.444839926555	0
0	2594	847.118522041247	0
0	2602	849.451401176633	1
0	2619	855.417822069725	1
0	2634	859.281751982985	1
0	2639	860.644313919129	2
0	2646	862.466499773441	0
0	2658	866.126344247027	1
0	2671	870.418282637958	0
0	2677	871.337972104787	1
0	2683	872.976662938018	1
0	2690	875.528312385553	0
0	2699	877.125625501857	1
0	2702	878.122794313477	0
0	2706	879.893506827066	0
0	2714	882.409392439998	1
0	2722	884.986962740196	0
0	2730	888.238145847111	1
0	2743	893.249371353541	1
0	2765	899.112325733765	2
0	2769	899.750629847873	0
0	2776	902.554680683888	0
0	2778	902.881105881072	1
0	2783	904.45769097866	1
0	2801	909.988096017628	1
0	2818	915.178721105219	2
0	2824	917.118328039073	0
0	2836	920.448996719211	1
0	2837	920.754163341134	0
0	2853	926.115375511586	1
0	2862	928.893560836676	1
0	2874	931.973102989611	2
0	2894	937.724062541737	2
0	2901	939.692790399776	0
0	2903	939.782011087989	1
0	2909	941.976463467349	1
0	2912	943.245423235587	0
0	2916	943.440560836815	1
0	2922	945.711320674516	0
0	2931	949.063474799511	1
0	2947	954.181879203538	1
0	2968	960.095013504619	2
0	2988	965.52446858725	2
0	2994	967.428427604149	0
0	2999	969.107140700682	1
0	3004	970.913464809306	1
0	3008	971.128297511725	1
0	3010	971.71196940367	0
0	3016	973.663627317412	0
0	3026	976.838243607203	1
0	3040	981.962891208245	1
0	3046	984.011291204607	0
0	3058	987.102933418243	1
0	3065	989.343094859859	0
0	3075	992.872646022244	0
0	3079	992.969256546586	1
0	3081	993.862101021572	0
0	3092	998.687348533659	1
0	3108	1004.308243962941	1
0	3128	1010.060640286426	2
0	3142	1014.123835645388	0
0	3149	1015.578078315365	1
0	3151	1016.315650929117	0
0	3157	1017.889427524181	0
0	3163	1020.577350888639	1
0	3168	1021.438172843777	1
0	3178	1025.938671590302	0
0	3186	1027.282216256256	1
0	3202	1032.957902971892	1
0	3224	1038.82538116421	2
0	3232	1041.395737775608	1
0	3239	1043.200725599196	0
0	3245	1044.180877053183	1
0	3250	1045.544533393003	0
0	3256	1048.418899892719	0
0	3264	1050.000005451734	1
0	3279	1055.171784706884	1
0	3282	1055.907122219799	0
0	3291	1058.340138569361	0
0	3296	1060.409998590712	0
0	3300	1060.603887886978	1
0	3301	1060.653173179138	0
0	3308	1066.269586715852	1
0	3321	1071.851574465404	1
0	3333	1076.902141804113	1
0	3352	1082.21345575457	2
0	3361	1085.987865034146	0
0	3369	1087.845439528353	1
0	3381	1092.47258519964	0
0	3383	1092.771923943545	1
0	3388	1093.371224194305	1
0	3403	1097.666094993827	0
0	3409	1099.134154153295	1
0	3428	1105.082013488986	2
0	3430	1105.316536010831	0
0	3438	1107.947257307247	0
0	3446	1110.594109142438	1
0	3450	1112.598127757556	1
0	3462	1115.88522329345	1
0	3471	1118.621068793939	0
0	3481	1121.265083395649	1
0	3501	1126.50194489258	2
0	3509	1129.247680418665	0
0	3521	1132.276629989274	1
0	3523	1132.948201667523	0
0	3529	1135.222674161201	0
0	3531	1135.504663074748	1
0	3538	1138.153539115802	1
0	3543	1139.830684478055	0
0	3548	1142.388276243472	0
0	3552	1143.209848097765	1
0	3563	1148.763309335808	1
0	3576	1153.315862440161	0
0	3582	1154.293360397692	1
0	3586	1156.182847021736	0
0	3594	1159.366707698682	1
0	3608	1165.030415817637	1
0	3632	1170.679482898217	2
0	3645	1174.534296665931	1
0	3653	1175.795882169864	2
0	3668	1180.632339100595	1
0	3673	1180.809384177214	2
0	3675	1181.022433336716	0
0	3680	1182.497840531292	0
0	3690	1185.884811358301	1
0	3706	1191.666661402218	1
0	3713	1194.543232458069	0
0	3716	1194.80397813768	0
0	3724	1197.380867906621	1
0	3732	1201.145503547982	0
0	3738	1202.396126669606	1
0	3749	1206.993028571255	1
0	3753	1207.4236650155	1
0	3767	1211.979609391894	0
0	3773	1212.935451627251	1
0	3785	1216.306499606938	0
0	3793	1218.008890164791	1
0	3814	1223.701846496908	2
0	3823	1226.346336465219	0
0	3826	1226.672092457543	1
0	3834	1228.726415184334	1
0	3851	1234.209220314639	2
0	3867	1239.225092807908	0
0	3872	1239.378697463086	1
0	3879	1242.19129875012	0
0	3881	1242.826867415692	0
0	3889	1244.970409960261	1
0	3898	1249.225346340688	0
0	3903	1250.347671549077	1
0	3920	1255.885791722228	1
0	3923	1257.208832294341	1
0	3940	1261.364146324814	2
0	3962	1267.286092686242	2
0	3965	1268.35554070853	1
0	3982	1272.645611220746	2
0	3986	1273.600819992608	1
0	3990	1274.657798555572	1
0	4004	1278.341168506312	2
0	4006	1278.745355528438	0
0	4022	1283.508297793575	1
0	4042	1289.360028100441	2
0	4044	1289.921419515514	0
0	4056	1294.125194719768	1
0	4061	1294.764316713213	1
0	4081	1300.282055794735	2
0	4097	1304.91253958562	1
0	4103	1305.767590584241	2
0	4106	1306.767637058172	1
0	4125	1311.431983949857	2
0	4135	1314.118736605751	0
0	4138	1314.753793651828	0
0	4141	1315.870332515923	1
0	4143	1316.453412141429	1
0	4147	1316.799940804959	1
0	4157	1321.611794140664	0
0	4162	1322.582169070615	1
0	4179	1327.703569168931	1
0	4196	1333.005025967265	2
0	4197	1333.287446741955	0
0	4200	1333.613223711968	0
0	4211	1338.873679641176	1
0	4212	1339.005082853498	1
0	4214	1340.062604154117	0
0	4223	1343.708910340337	0
0	4227	1343.955572223531	1
0	4231	1347.030651141898	0
0	4238	1349.882290741902	1
0	4249	1355.400103004424	1
0	4265	1360.848182237947	1
0	4278	1364.851659696908	0
0	4284	1366.029077561812	1
0	4292	1368.644023166161	0
0	4301	1371.477724950069	1
0	4311	1374.303322745028	0
0	4322	1377.399552257506	1
0	4337	1381.453949632596	0
0	4343	1382.601165428532	1
0	4348	1384.38995363925	0
0	4353	1385.772080050089	0
0	4361	1388.439389096813	1
0	4376	1393.503411162186	1
0	4383	1396.0931518894	0
0	4388	1398.119756373002	0
0	4395	1399.076533915016	1
0	4396	1399.152065787586	0
0	4405	1403.298084930175	0
0	4410	1404.32466397179	1
0	4421	1409.517660961493	1
0	4438	1414.899436205399	1
0	4443	1416.457740999998	0
0	4455	1420.090019864502	1
0	4473	1425.457326931187	2
0	4475	1425.571097537532	1
0	4479	1426.200785441446	0
0	4493	1430.795008367865	1
0	4504	1434.727904711973	0
0	4511	1436.583072380169	1
0	4518	1438.542809177895	0
0	4522	1439.948547616491	0
0	4528	1442.257454524056	1
0	4542	1447.789089463658	1
0	4552	1450.37973632315	0
0	4563	1452.822774872423	1
0	4571	1455.66379364697	0
0	4582	1457.869043304126	1
0	4596	1462.788911031332	0
0	4600	1462.897387828685	1
0	4620	1467.997632765684	2
0	4632	1471.188587134827	1
0	4643	1473.469518286183	2
0	4654	1477.398061647087	0
0	4663	1479.244844465989	1
0	4664	1479.321846322628	0
0	4681	1484.860807260971	1
0	4685	1486.099080174003	1
0	4690	1487.622130710987	0
0	4692	1487.841086790904	0
0	4701	1490.659238774336	1
0	4710	1494.453040324624	0
0	4717	1495.69198547933	1
0	4730	1500.750398777665	1
0	4749	1506.321405615432	2
0	4752	1507.33734426392	0
0	4766	1511.649891732035	1
0	4778	1516.022732385559	1
0	4783	1516.800833190217	0
0	4788	1517.581113569446	1
0	4794	1519.133965486317	0
0	4802	1521.876911422477	0
0	4808	1523.115132536281	1
0	4812	1524.201569421576	0
0	4818	1526.461729662384	0
0	4825	1528.390005487258	1
0	4840	1534.140904253822	1
0	4856	1539.45780104609	1
0	4875	1545.32563641412	2
0	4878	1545.89158438927	1
0	4887	1547.89407769277	0
0	4890	1549.12049989671	0
0	4897	1550.525625192335	1
0	4903	1553.045483840173	0
0	4910	1555.609518576188	1
0	4926	1561.053811129889	1
0	4931	1562.943671206835	0
0	4933	1563.17698511447	0
0	4939	1565.365286989261	0
0	4941	1566.565983183806	0
0	4945	1566.685565128698	1
0	4951	1572.642023847912	1
0	4952	1572.846841550906	0
0	4959	1577.879883168273	1
0	4971	1583.495340104223	1
0	4982	1588.416589047302	0
0	4986	1588.895675186076	1
0	5003	1594.756041841124	1
0	5011	1596.814096621595	0
0	5023	1599.773903952454	1
0	5024	1600.21386337188	0
0	5036	1603.913564826952	0
0	5038	1604.242829822478	0
0	5043	1605.485281126815	1
0	5056	1610.847041372218	1
0	5070	1615.982731989826	1
0	5091	1621.658774114222	2
0	5096	1622.493286472404	0
0	5104	1624.877221959533	0
0	5110	1627.274140236675	1
0	5115	1629.151802322485	1
0	5126	1632.817573756687	1
0	5132	1634.908316523542	0
0	5144	1638.18932254171	1
0	5164	1643.35943037156	2
0	5168	1644.737548867716	0
0	5182	1649.080439276537	1
0	5186	1650.70660122636	0
0	5193	1652.348054504262	0
0	5200	1654.607736709537	1
0	5217	1660.377558787363	1
0	5218	1661.315729343342	1
0	5222	1661.723985054423	0
0	5226	1662.963246584647	0
0	5234	1665.640125064189	1
0	5241	1668.414413943313	0
0	5249	1671.172962184074	1
0	5263	1676.718489794303	1
0	5285	1682.429093150199	2
0	5301	1686.972766764705	1
0	5307	1688.203927047095	2
0	5316	1690.498935886784	0
0	5330	1694.109875537465	1
0	5334	1695.370211901969	0
0	5347	1699.177618333148	1
0	5355	1702.228477009232	0
0	5366	1704.295717102951	1
0	5386	1710.196292265794	2
0	5392	1712.080898513446	0
0	5397	1713.425972715498	1
0	5406	1715.623369585966	1
0	5422	1720.797582751033	1
0	5428	1721.535461123345	2
0	5437	1724.279813646695	0
0	5449	1726.929186427977	1
0	5470	1732.606270144472	2
0	5487	1737.832189185672	1
0	5491	1737.913805753702	2
0	5495	1739.488253677973	0
0	5504	1743.022865910562	1
0	5508	1743.075073823111	1
0	5528	1749.012398330971	2
0	5530	1749.265483746433	0
0	5533	1749.753744581844	1
0	5549	1754.405132902564	1
0	5552	1755.349118936935	0
0	5567	1759.568725742876	1
0	5580	1764.041937104787	1
0	5585	1764.780420857492	2
0	5606	1770.117723690123	2
0	5618	1773.920113608017	0
0	5621	1774.591798480612	1
0	5624	1775.916692137381	0
0	5628	1776.006321989475	1
0	5630	1776.58696776548	0
0	5643	1781.284272151776	1
0	5655	1786.106356659449	1
0	5659	1786.889171345868	1
0	5677	1791.923555739001	2
0	5684	1794.445263804992	0
0	5686	1794.683308791962	0
0	5689	1795.04796993035	1
0	5696	1797.596579918182	1
0	5712	1803.281469113436	1
0	5731	1808.450847467184	2
0	5735	1809.515242820383	0
0	5741	1811.511456433811	0
0	5748	1813.958835582491	1
0	5761	1818.819250900542	0
0	5766	1819.133995609367	1
0	5778	1824.019529337425	1
0	5784	1824.967359045297	1
0	5803	1830.653703949424	2
0	5815	1833.812631147805	0
0	5826	1836.341326455595	1
0	5840	1840.340869358633	0
0	5845	1841.811787987486	0
0	5849	1842.19448504528	1
0	5867	1847.892024274924	1
0	5883	1852.927045547996	1
0	5889	1853.420545549373	2
0	5894	1855.357784696634	0
0	5907	1859.165645159091	1
0	5927	1865.104952212432	2
0	5935	1867.436154669624	0
0	5940	1868.561250956856	1
0	5944	1869.866971473569	0
0	5948	1870.1189540024	1
0	5959	1874.464240986513	0
0	5964	1875.258780024721	1
0	5979	1880.511822686306	1
0	5983	1882.081156710522	1
0	5999	1886.364447833746	2
0	6003	1887.679728827797	0
0	6015	1891.334279986921	0
0	6019	1891.916162941846	1
0	6036	1897.703837497401	1
0	6055	1902.82582649799	2
0	6067	1906.204969866677	1
0	6076	1908.397077360317	0
0	6081	1908.605125502925	1
0	6104	1914.503842821587	2
0	6108	1915.639214444913	1
0	6122	1919.1345657555	0
0	6128	1920.315710057514	1
0	6137	1922.619697719473	0
0	6149	1925.896987308292	1
0	6170	1931.875430457769	2
0	6178	1933.983182853912	1
0	6182	1934.593801607039	0
0	6191	1936.918851363948	1
0	6198	1939.091398992352	0
0	6210	1942.23145757407	1
0	6231	1947.934870337379	2
0	6237	1949.83339241765	0
0	6243	1951.848418371412	1
0	6250	1953.358315623143	1
0	6269	1958.518355788208	2
0	6276	1960.60892011098	0
0	6288	1963.554273638186	1
0	6309	1968.99975565822	2
0	6325	1973.772897238618	1
0	6331	1974.206556036613	2
0	6336	1975.590842290908	0
0	6338	1976.04339729681	1
0	6345	1978.298177042752	1
0	6350	1979.285717161383	1
0	6373	1985.245327604712	2
0	6389	1990.255705641007	1
0	6395	1991.111801449453	2
0	6416	1996.132798962771	2
0	6432	2001.623186381657	1
0	6437	2002.130243136791	2
0	6442	2003.08841200791	1
0	6450	2005.000204148597	0
0	6459	2007.407048303412	1
0	6470	2010.831098997861	0
0	6480	2013.053910217957	1
0	6489	2015.969508794147	0
0	6500	2018.987433738086	1
0	6501	2019.319284947829	1
0	6522	2024.548910483962	2
0	6543	2029.830462497205	2
0	6544	2030.220702772971	1
0	6549	2031.102014141163	1
0	6566	2034.957670852786	2
0	6586	2039.997763877047	2
0	6592	2041.829013760439	1
0	6598	2043.363311656061	1
0	6606	2045.417558744791	0
0	6610	2045.587632883351	1
0	6625	2049.507356160097	0
0	6632	2051.409369983256	1
0	6649	2056.569951778522	2
0	6665	2061.683621262445	1
0	6669	2061.974618323857	2
0	6687	2067.013405108137	2
0	6689	2067.266313979058	1
0	6710	2072.305253047274	2
0	6723	2076.010746451106	0
0	6733	2077.957050594978	1
0	6751	2083.098648031021	2
0	6753	2083.703081104217	1
0	6761	2085.393997976683	1
0	6770	2087.950517590171	1
0	6774	2088.26393379994	2
0	6799	2093.746603094985	2
0	6815	2098.627741419483	1
0	6822	2099.489352897055	2
0	6843	2105.475752102224	2
0	6847	2106.540731068596	1
0	6849	2107.379574715291	1
0	6857	2109.596041855179	1
0	6866	2111.098000911776	2
0	6887	2117.061232190592	2
0	6890	2118.11140648393	0
0	6896	2119.697664228164	1
0	6909	2122.854756395811	1
0	6913	2123.726078223208	1
0	6925	2127.504159204674	0
0	6930	2128.398531351018	1
0	6952	2134.336406571803	2
0	6965	2138.757399804558	1
0	6972	2139.800236478926	2
0	6994	2145.584409523768	2
0	7011	2150.456884329794	1
0	7015	2151.451503202797	2
0	7019	2152.007512014023	0
0	7033	2157.061240680761	1
0	7044	2160.288056936943	1
0	7053	2162.597524983821	2
0	7060	2165.2219330806	1
0	7068	2167.413561346838	1
0	7073	2168.247255834763	2
0	7079	2169.707995492284	0
0	7092	2173.804680585873	1
0	7093	2173.923214275745	1
0	7116	2179.471032805287	2
0	7117	2179.801062624449	1
0	7138	2185.24878148922	2
0	7153	2189.607247949118	1
0	7161	2190.705252439261	2
0	7166	2192.148675989374	0
0	7176	2195.877032384521	1
0	7189	2200.498715255532	1
0	7196	2201.265931878251	2
0	7197	2201.271250339354	0
0	7207	2204.92806408101	1
0	7215	2206.866955908959	1
0	7232	2211.653105007614	1
0	7238	2212.439270478918	2
0	7251	2216.242757724376	0
0	7257	2217.601266447582	0
0	7261	2217.78824586306	1
0	7264	2219.499304721139	1
0	7276	2223.313138755278	0
0	7280	2223.373043085227	1
0	7290	2227.469273105627	0
0	7295	2228.515241484169	1
0	7312	2234.437322364433	1
0	7322	2237.016326008027	0
0	7330	2239.60949167913	1
0	7338	2241.54514778104	0
0	7349	2245.191096721461	1
0	7352	2245.780309088655	0
0	7365	2250.454162383463	1
0	7367	2251.505848450713	0
0	7372	2252.669187384203	0
0	7380	2255.5486437115	1
0	7382	2257.031768170895	0
0	7394	2261.394329673622	1
0	7410	2266.975353540166	1
0	7414	2267.980979724332	0
0	7427	2272.421789059194	1
0	7446	2277.89319815255	2
0	7464	2282.913532179326	2
0	7466	2283.180621414458	0
0	7474	2286.359937846672	0
0	7481	2288.060507900093	1
0	7485	2289.889480166265	1
0	7498	2293.509548176324	1
0	7500	2293.682041498262	1
0	7522	2299.480564061563	2
0	7529	2301.77869927372	0
0	7536	2304.603747883356	0
0	7541	2305.151306432217	1
0	7554	2310.426234750321	1
0	7574	2316.346872598875	2
0	7586	2319.698856498476	0
0	7591	2321.156643490086	1
0	7595	2321.427479444548	1
0	7614	2326.702335718564	2
0	7618	2327.69685547602	0
0	7626	2329.858975225491	1
0	7636	2332.184391265746	1
0	7656	2337.99030875276	2
0	7659	2339.439128628943	1
0	7664	2340.32799339668	0
0	7668	2341.762584037279	1
0	7676	2343.586812272213	1
0	7681	2345.577710809551	0
0	7696	2349.021837777935	1
0	7718	2354.884749392059	2
0	7737	2359.202666640061	1
0	7743	2359.904599563463	2
0	7748	2360.986566129268	0
0	7756	2363.906277239101	0
0	7763	2365.491422832489	1
0	7772	2369.081304562988	1
0	7779	2371.23656997598	1
0	7801	2377.011909321661	2
0	7804	2378.092130458111	1
0	7807	2378.490093403971	0
0	7820	2382.381202388566	0
0	7824	2382.895500931202	1
0	7840	2388.014624743036	1
0	7860	2393.600398176827	2
0	7883	2399.189546810708	2
0	7894	2402.838246020615	1
0	7896	2402.990245331441	0
0	7898	2403.636538624191	0
0	7901	2404.102229506137	1
0	7907	2405.174074847962	1
0	7924	2411.073125483015	1
0	7932	2412.802498183458	0
0	7936	2414.240740320888	0
0	7944	2416.641636065918	1
0	7959	2422.091868737492	1
0	7962	2422.963245736446	0
0	7979	2428.051489750634	1
0	7989	2431.945455850466	0
0	7998	2433.728798987589	1
0	8017	2439.571053098899	2
0	8018	2439.659750373466	0
0	8020	2440.111163592908	1
0	8037	2445.495450961183	1
0	8056	2451.268686278735	2
0	8075	2456.864316948934	2
0	8083	2459.034005927981	1
0	8085	2459.264735550399	0
0	8089	2460.452071689897	0
0	8096	2462.749507484969	1
0	8112	2468.688102448138	1
0	8117	2470.040845451655	1
0	8137	2474.496916359302	2
0	8160	2480.018420175428	2
0	8165	2481.931200835166	1
0	8179	2485.53678753624	2
0	8199	2491.155495717202	2
0	8200	2491.289164653875	0
0	8202	2491.6563111581	1
0	8208	2493.615153867415	1
0	8217	2496.296819554654	1
0	8223	2498.014772518783	1
0	8237	2501.60103387154	2
0	8246	2505.029685409169	0
0	8254	2507.274274744571	1
0	8257	2507.586705607491	0
0	8273	2512.276344578958	1
0	8278	2513.655733953591	0
0	8280	2513.893061035791	0
0	8291	2518.084713067173	1
0	8292	2518.547745225613	0
0	8300	2522.036733905794	1
0	8307	2523.68245839096	1
0	8310	2525.434105294067	0
0	8320	2528.998145093223	1
0	8336	2534.257842161473	1
0	8337	2534.975927469449	0
0	8345	2537.609725552391	0
0	8352	2539.533155323485	1
0	8357	2542.38012362168	0
0	8364	2545.042207720703	1
0	8366	2545.307652911302	0
0	8379	2550.536058149081	1
0	8387	2554.533006377649	0
0	8392	2555.645522792138	1
0	8408	2561.33104256146	1
0	8427	2566.691399841815	2
0	8446	2572.12082652097	2
0	8463	2577.15617387487	2
0	8467	2578.650767149998	1
0	8469	2578.661619101315	0
0	8471	2578.941403823688	1
0	8477	2580.995959829436	1
0	8486	2583.009286016239	1
0	8499	2587.006285315862	0
0	8506	2588.138104650904	1
0	8514	2590.754267680007	0
0	8526	2593.808341603041	1
0	8532	2595.230086955722	0
0	8547	2599.49880818861	1
0	8570	2604.66331624404	2
0	8577	2606.800839359417	0
0	8582	2607.525651847843	0
0	8588	2609.877129587824	1
0	8592	2610.958763730377	1
0	8595	2612.737087953616	0
0	8603	2615.226517442395	1
0	8613	2619.17520216819	0
0	8620	2621.20744137025	1
0	8633	2626.321289204075	1
0	8645	2630.402609560771	0
0	8652	2631.950111027588	1
0	8665	2635.605440346422	0
0	8671	2637.123356755605	0
0	8675	2637.136536707417	1
0	8684	2641.360274320947	0
0	8692	2642.77275168804	1
0	8693	2642.828841994063	0
0	8702	2647.694088344825	0
0	8707	2648.611243842882	1
0	8717	2654.217100740425	0
0	8721	2654.394065012238	1
0	8725	2657.223872344835	0
0	8730	2659.555154476562	1
0	8741	2664.9257429524	1
0	8750	2668.645132574035	0
0	8753	2669.963301002644	0
0	8758	2670.710784464157	1
0	8770	2676.36156840065	1
0	8786	2681.492405228098	1
0	8787	2682.001455363947	0
0	8797	2685.6213785218	0
0	8803	2686.648128582179	1
0	8817	2691.774036706905	1
0	8828	2695.21892176733	0
0	8835	2696.848604041166	1
0	8837	2697.301499928594	0
0	8854	2702.447544238079	1
0	8879	2708.378524641521	2
0	8882	2709.735424100436	0
0	8885	2709.91356004217	0
0	8887	2710.167747816319	0
0	8894	2713.553634540891	1
0	8901	2718.622206003187	0
0	8905	2718.899800206316	1
0	8916	2724.500185653814	1
0	8925	2728.446421878427	1
0	8927	2728.496713679996	0
0	8933	2729.536024643821	1
0	8943	2733.725535357502	0
0	8950	2735.352119268165	1
0	8952	2736.203948427705	0
0	8954	2736.920224170097	0
0	8961	2740.532954869573	1
0	8973	2745.866854767562	1
0	8979	2748.268071619691	0
0	8984	2751.084440750899	0
0	8988	2751.127399218516	1
0	9002	2756.672599874219	1
0	9014	2761.927278586445	1
0	9035	2767.372939596433	2
0	9052	2772.477740994202	1
0	9056	2772.720146446038	2
0	9074	2778.12115838613	2
0	9088	2782.288291759919	0
0	9092	2783.770460646962	1
0	9096	2783.836367203171	1
0	9101	2785.294742589015	0
0	9116	2789.796279823423	1
0	9124	2792.322617442362	0
0	9134	2795.215483846857	1
0	9151	2800.957089797609	2
0	9154	2801.473374829173	1
0	9176	2806.880552730538	2
0	9188	2811.327684077917	0
0	9196	2812.627794462737	1
0	9198	2813.703865003786	0
0	9208	2816.783366155709	0
0	9214	2818.576790219188	1
0	9218	2821.313900184137	1
0	9224	2823.093046397804	0
0	9230	2824.218225067497	1
0	9234	2826.877654260501	1
0	9247	2830.158756112695	1
0	9250	2831.476939137342	0
0	9255	2832.17873006548	0
0	9260	2834.935313378942	0
0	9265	2835.847676469494	1
0	9268	2837.800842549204	0
0	9275	2841.412982873401	1
0	9283	2846.266323449338	0
0	9288	2846.780088891989	1
0	9298	2851.999214519529	1
0	9313	2857.074912110592	1
0	9315	2857.831875485384	0
0	9330	2862.281962517897	1
0	9345	2866.901467850448	0
0	9352	2868.228280555705	1
0	9360	2870.419706472674	0
0	9371	2873.595007157667	1
0	9382	2877.221134363689	0
0	9390	2879.397747999538	1
0	9391	2879.461247685963	0
0	9399	2882.009101031247	0
0	9407	2885.012682692396	1
0	9413	2888.135540457691	0
0	9421	2890.852654716481	1
0	9433	2895.719142795441	0
0	9437	2896.480601587115	1
0	9450	2901.314640785584	0
0	9457	2902.449516943205	1
0	9465	2906.498381848113	0
0	9472	2907.77979643039	1
0	9473	2908.140328969356	0
0	9478	2910.047622071479	0
0	9484	2913.166831043796	1
0	9489	2916.095761471676	0
0	9495	2918.428081029109	1
0	9505	2923.620868325015	1
0	9520	2928.70277918411	1
0	9526	2930.558292570655	0
0	9534	2934.218352414564	0
0	9538	2934.277385936133	1
0	9553	2940.095135448282	1
0	9559	2942.066633535215	0
0	9572	2945.689415508197	1
0	9573	2946.007272174598	0
0	9576	2946.207226537415	0
0	9580	2947.725384906066	0
0	9582	2948.277786149425	0
0	9586	2951.378335178378	1
0	9594	2956.805600672741	1
0	9605	2961.955823273877	1
0	9621	2967.293252083952	1
0	9640	2972.870622484027	2
0	9650	2975.563252484906	1
0	9660	2978.037707452909	0
0	9662	2978.214332274173	0
0	9667	2978.524010996348	1
0	9673	2981.230599889196	0
0	9681	2983.792799576665	1
0	9694	2988.807648316272	1
0	9715	2994.631958646248	2
0	9731	2999.214067976118	0
0	9737	3000.305300283027	1
0	9752	3004.741700121331	0
0	9754	3004.918341197787	1
0	9760	3005.602465708288	1
0	9776	3009.845232907463	0
0	9781	3010.764720378923	1
0	9783	3011.220766091267	0
0	9789	3012.586440689411	0
0	9798	3016.225822478547	1
0	9814	3022.157922246275	1
0	9815	3022.330099985251	0
0	9822	3024.898780971662	0
0	9830	3027.510371483877	1
0	9847	3032.741837990019	1
0	9866	3038.269630007227	2
0	9871	3039.350905427375	1
0	9889	3043.567908298005	2
0	9893	3044.991861314876	0
0	9895	3045.434542651068	0
0	9900	3048.09642274493	1
0	9906	3049.137820628252	1
0	9920	3054.498598379912	0
0	9926	3055.125782644389	1
0	9933	3057.768726516063	0
0	9941	3060.531438089454	1
0	9947	3063.290198050688	0
0	9954	3065.834841599468	1
0	9967	3070.943529964671	0
0	9971	3071.102099284077	1
0	9985	3076.188834126586	1
0	10007	3081.226601080516	2
0	10028	3086.595306759014	2
0	10030	3087.462949653749	0
0	10034	3087.946297064435	1
0	10047	3092.065576364531	1
0	10052	3093.290426859643	1
0	10055	3093.985937478498	0
0	10068	3097.372949103138	1
0	10074	3099.325023960918	0
0	10079	3101.235301670396	0
0	10087	3103.104089977231	1
0	10103	3108.960399784159	1
0	10121	3114.12501755032	2
0	10125	3114.804667263537	0
0	10130	3115.970474764601	0
0	10139	3119.745810188365	1
0	10146	3122.893151944049	0
0	10155	3125.716401010065	1
0	10172	3131.353883542831	1
0	10187	3135.884836802505	1
0	10195	3137.21256082739	2
0	10200	3138.297597743582	0
0	10215	3142.95962930728	1
0	10225	3146.004524174042	0
0	10232	3148.614302266517	0
0	10236	3148.781576908438	1
0	10253	3154.186720610375	1
0	10263	3157.734169141051	0
0	10272	3159.567021944339	1
0	10282	3163.489125626171	1
0	10292	3165.136435769976	2
0	10307	3169.977336304391	0
0	10311	3170.314284556324	1
0	10315	3171.161394975976	0
0	10328	3175.375443897687	1
0	10345	3180.873310940584	2
0	10349	3181.992209873988	0
0	10363	3186.263170977833	1
0	10374	3190.477141728869	0
0	10382	3192.067646364227	1
0	10385	3193.350003388954	1
0	10392	3195.201445370574	0
0	10402	3197.246870515646	1
0	10413	3200.147300240827	0
0	10416	3201.287585881432	0
0	10423	3202.923107409395	1
0	10424	3203.347737355751	1
0	10429	3205.121925062977	0
0	10431	3205.297221600554	0
0	10437	3208.553178366983	1
0	10448	3213.87107123715	1
0	10465	3219.763650411518	1
0	10481	3224.910628739755	0
0	10486	3225.429070909053	1
0	10489	3226.23608292908	0
0	10504	3231.159606862359	1
0	10508	3232.652346777273	0
0	10523	3236.741839966283	1
0	10534	3239.668835759639	0
0	10545	3242.617795306968	1
0	10559	3246.801768530521	0
0	10566	3248.373256726202	1
0	10582	3253.510864721623	0
0	10586	3253.898194490943	1
0	10587	3253.955449907004	0
0	10604	3259.173166500183	1
0	10605	3259.427478431036	0
0	10607	3259.526595768649	0
0	10620	3264.75024433505	1
0	10621	3264.999976775504	0
0	10624	3266.292949370817	0
0	10631	3270.139547937794	1
0	10643	3275.904330223345	1
0	10658	3281.564887296187	1
0	10665	3283.889436245675	0
0	10676	3286.955780755041	1
0	10692	3291.82669845504	0
0	10698	3292.902574118471	1
0	10699	3293.043297303154	0
0	10702	3293.972910425521	0
0	10714	3298.864001707884	1
0	10731	3304.418454485491	1
0	10732	3304.665061189805	0
0	10749	3309.948983656254	1
0	10769	3315.111647735827	2
0	10783	3319.641575960803	1
0	10788	3320.278623738803	2
0	10797	3322.423229875403	0
0	10806	3325.325839262234	1
0	10826	3331.032039159454	2
0	10827	3331.580085447536	0
0	10831	3332.363106775923	0
0	10842	3336.357966678926	1
0	10857	3341.843128530785	1
0	10874	3347.223488391155	2
0	10883	3349.415981778534	1
0	10889	3351.138070525264	1
0	10893	3352.257490629572	0
0	10899	3353.132729755725	1
0	10906	3355.432089157412	1
0	10913	3357.14886993753	0
0	10920	3358.535508394485	1
0	10939	3363.944361054582	2
0	10958	3369.315927662665	2
0	10959	3369.556024921138	1
0	10982	3374.559341250464	2
0	10988	3375.83608031798	1
0	10999	3379.667521807492	0
0	11004	3380.171942676196	1
0	11016	3383.971750016336	0
0	11024	3385.753544663556	1
0	11029	3387.33836120927	1
0	11041	3391.208790084475	0
0	11045	3391.29327610369	1
0	11063	3395.771088757797	0
0	11069	3396.827332638448	1
0	11079	3399.52798046883	0
0	11087	3402.594883602706	0
0	11091	3402.675803062983	1
0	11093	3403.462701611699	0
0	11100	3407.399664485139	0
0	11104	3407.777686724451	1
0	11117	3413.376178456948	1
0	11118	3413.605346941983	0
0	11131	3419.03042036529	1
0	11133	3419.773257393984	0
0	11136	3421.531443278899	0
0	11143	3424.475617390837	1
0	11155	3429.861693681463	1
0	11170	3435.541562014272	1
0	11184	3439.855829924592	0
0	11190	3441.140422265058	1
0	11191	3441.438052329713	0
0	11207	3446.298106524175	1
0	11220	3449.530698780914	0
0	11224	3450.380008893216	0
0	11231	3452.173993831048	1
0	11247	3457.834661179468	1
0	11264	3462.144806576323	0
0	11271	3463.735628844485	1
0	11291	3468.854355051661	2
0	11308	3474.154368715606	0
0	11314	3474.842277279835	1
0	11326	3478.954443745327	0
0	11328	3479.116233387858	1
0	11334	3480.337954704197	1
0	11350	3485.133152349516	0
0	11355	3485.427534312256	1
0	11359	3487.046883921619	0
0	11362	3487.225436925203	0
0	11371	3490.553485905066	1
0	11385	3495.80178010791	1
0	11388	3497.065188799765	0
0	11399	3500.259369401389	0
0	11405	3501.789991608136	1
0	11422	3507.632785176406	1
0	11439	3512.761764326612	2
0	11450	3515.657094233799	0
0	11460	3518.499826529775	1
0	11467	3520.474176793721	0
0	11480	3524.398610117626	1
0	11486	3526.192066941425	1
0	11503	3530.346266076914	2
0	11506	3531.355933709317	0
0	11519	3535.714158983682	1
0	11538	3541.133244575015	2
0	11539	3541.34924165219	0
0	11550	3544.148033860268	1
0	11560	3546.311009502285	1
0	11569	3549.542199420291	1
0	11580	3551.574596533798	2
0	11602	3557.439821524093	2
0	11606	3558.957592629026	1
0	11614	3561.219259714023	0
0	11622	3562.585300288642	1
0	11631	3565.399896121015	0
0	11638	3567.627881451058	0
0	11644	3568.424923039986	1
0	11648	3569.752260443999	1
0	11662	3573.471861712881	1
0	11672	3577.148908586371	0
0	11683	3579.451594299418	1
0	11689	3581.272533488472	0
0	11700	3584.790681110243	1
0	11706	3586.365309637634	0
0	11712	3588.276559135425	0
0	11721	3590.326171423089	1
0	11727	3593.015598799814	0
0	11736	3595.86654165761	1
0	11752	3601.770651200799	1
0	11756	3603.323800646482	0
0	11768	3607.229935423018	1
0	11769	3607.308257634764	0
0	11783	3612.423462754128	1
0	11784	3612.490338774528	0
0	11787	3613.445681488038	0
0	11798	3617.546719379968	1
0	11815	3623.084627730318	1
0	11832	3628.125551596414	0
0	11837	3628.415373541427	1
0	11847	3631.776705293347	0
0	11852	3632.911010469672	0
0	11859	3634.157756884827	1
0	11874	3639.801967218064	1
0	11876	3639.951154460444	0
0	11886	3643.593396209309	0
0	11893	3645.352195434284	1
0	11909	3651.346148300695	1
0	11923	3655.95679703845	0
0	11932	3657.344602755283	1
0	11941	3660.836705419015	0
0	11950	3662.822920410673	1
0	11955	3664.201757876445	0
0	11967	3668.020853285923	1
0	11969	3668.544223715913	0
0	11986	3673.46795405635	1
0	12005	3679.36075199257	2
0	12015	3682.149958875508	0
0	12017	3682.151865503064	0
0	12024	3684.505858917966	1
0	12026	3684.936954941265	0
0	12031	3687.613968569099	1
0	12033	3687.861271698623	0
0	12039	3690.168900745235	1
0	12050	3695.880160055136	1
0	12065	3701.038836427279	1
0	12075	3704.450057115534	0
0	12084	3706.294668719884	1
0	12102	3711.155715895597	0
0	12108	3711.753068993347	1
0	12127	3716.982070554757	0
0	12131	3717.132059042588	1
0	12137	3718.777483200202	0
0	12149	3722.612416066243	1
0	12156	3724.699117116526	0
0	12159	3724.973700326182	0
0	12168	3728.55360560493	1
0	12183	3733.747446142849	1
0	12193	3736.700923689304	0
0	12196	3737.436550480211	0
0	12202	3738.792868624688	1
0	12213	3743.193189387921	0
0	12218	3744.577397248722	1
0	12220	3744.709024814552	0
0	12234	3750.524584962069	1
0	12247	3755.834336284795	1
0	12254	3757.760675043813	0
0	12257	3758.378862948637	0
0	12267	3761.616365308422	1
0	12280	3767.273687938708	1
0	12287	3769.363346048646	0
0	12298	3772.436973729185	1
0	12320	3778.098284706022	2
0	12332	3781.626612203795	0
0	12341	3783.117151197759	1
0	12346	3785.152728851317	1
0	12357	3788.799134079962	0
0	12363	3789.083173768376	1
0	12365	3790.229860171342	0
0	12376	3793.777483769008	0
0	12381	3795.056737485589	1
0	12388	3797.40696061695	0
0	12393	3799.161686107067	0
0	12398	3800.860335079036	1
0	12403	3802.651611870401	0
0	12409	3805.861619701623	1
0	12419	3811.060083376723	1
0	12428	3814.234760324601	0
0	12436	3816.429011146086	1
0	12451	3821.554923208677	1
0	12457	3822.785495204399	0
0	12459	3823.100618107607	0
0	12467	3826.431604266064	0
0	12469	3826.772069256301	0
0	12473	3827.232728783986	1
0	12480	3832.585078121875	1
0	12487	3837.000937519609	0
0	12492	3837.74680247718	1
0	12502	3842.833761748755	0
0	12506	3843.03308755347	1
0	12516	3848.05839356991	1
0	12531	3853.716819302193	1
0	12544	3858.027785799364	0
0	12551	3858.992639138377	1
0	12561	3862.397887412239	0
0	12569	3864.448437606231	1
0	12578	3867.081748080921	0
0	12587	3869.607939658002	1
0	12588	3869.863088827359	0
0	12607	3875.399233648567	1
0	12612	3876.926108467522	0
0	12625	3880.772928039557	1
0	12643	3885.96576827859	2
0	12649	3887.389500445001	0
0	12653	3887.951718419456	0
0	12662	3891.419724532649	1
0	12671	3894.632471909993	1
0	12678	3896.678899042321	1
0	12698	3902.446090006515	2
0	12703	3903.710141545874	1
0	12708	3905.539370030759	0
0	12717	3907.573209814741	0
0	12722	3908.341534263001	1
0	12731	3912.10309229513	0
0	12738	3913.902249493416	1
0	12753	3919.264182468423	1
0	12773	3925.057087574167	2
0	12781	3927.348431509235	0
0	12785	3928.924602632077	1
0	12792	3930.345747388214	1
0	12814	3936.032065994119	2
0	12827	3939.667956330128	0
0	12835	3941.438469812752	1
0	12844	3944.523188948993	0
0	12849	3945.838161675971	0
0	12853	3946.549298591691	1
0	12858	3948.990026559697	1
0	12863	3950.516613583555	0
0	12869	3951.686115150818	1
0	12887	3957.625347869483	1
0	12906	3963.536936538539	2
0	12907	3963.558541631686	0
0	12917	3966.778905294033	0
0	12922	3968.316218667327	0
0	12926	3968.555633698602	1
0	12936	3973.653749387258	1
0	12940	3974.961269326875	1
0	12946	3977.203476586391	0
0	12949	3977.885055710923	0
0	12953	3979.260669919442	1
0	12965	3984.398442118441	1
0	12967	3985.150828931842	0
0	12977	3990.079275439739	1
0	12985	3993.717270327984	0
0	12991	3995.727286370717	1
0	13008	4001.263976725064	1
0	13014	4003.29065390759	0
0	13025	4006.490957472486	1
0	13037	4011.086594237609	0
0	13043	4011.912364636328	1
0	13045	4012.13185458713	0
0	13048	4012.498170470366	0
0	13060	4017.894110226551	1
0	13061	4018.299833493088	0
0	13066	4019.957080879495	0
0	13068	4021.360906375469	0
0	13072	4023.589776783729	1
0	13075	4027.868107630651	0
0	13079	4028.832047457587	1
0	13086	4034.75674856502	1
0	13097	4040.167981595512	1
0	13101	4041.514316489119	0
0	13110	4045.919846454881	1
0	13119	4048.646874649814	0
0	13126	4051.106763900038	1
0	13141	4056.138010451583	1
0	13160	4061.182229818556	2
0	13168	4062.743549494784	0
0	13174	4064.725404042647	0
0	13180	4066.756571755291	1
0	13181	4066.957861937246	1
0	13192	4071.153020192184	0
0	13197	4072.251532675245	1
0	13214	4077.70149565792	1
0	13230	4082.86445336371	2
0	13236	4084.946889503524	0
0	13243	4087.248961761374	1
0	13250	4088.85787295691	1
0	13253	4089.456374278888	0
0	13271	4094.59489458754	1
0	13293	4100.202852913191	2
0	13309	4105.331658402704	0
0	13313	4105.371051291948	1
0	13334	4110.8473412234	2
0	13340	4112.220582874273	1
0	13342	4112.702694393938	0
0	13354	4116.327491726041	1
0	13355	4116.361452991156	1
0	13365	4119.793848565211	0
0	13374	4121.654257750618	1
0	13380	4123.288073285498	0
0	13393	4127.217446026639	1
0	13415	4132.483173547327	2
0	13422	4135.633509874941	0
0	13432	4137.913309001378	1
0	13444	4141.427373284837	1
0	13455	4143.808653339758	2
0	13466	4147.284396918854	0
0	13468	4148.105427224668	0
0	13471	4148.949278911937	0
0	13476	4149.60051708181	1
0	13484	4154.689480186455	1
0	13489	4156.503583626486	1
0	13502	4160.493523424972	1
0	13521	4165.919821248172	2
0	13532	4169.479530353347	0
0	13541	4171.753403358409	1
0	13545	4173.634798263679	1
0	13559	4176.846611353583	2
0	13568	4178.977157488713	0
0	13580	4182.796624197639	1
0	13595	4187.317845455037	0
0	13600	4188.290555612431	1
0	13607	4190.520151257878	1
0	13618	4193.556631704111	0
0	13624	4193.769179254086	1
0	13628	4195.363670157632	0
0	13630	4195.745567228543	0
0	13640	4199.722732331385	1
0	13649	4203.626899297945	0
0	13657	4205.387736201068	1
0	13660	4206.869492297309	0
0	13671	4210.517987473417	1
0	13685	4215.724406033071	0
0	13689	4216.168801535867	1
0	13695	4218.908217971926	0
0	13705	4222.164245074397	1
0	13721	4227.704030061621	1
0	13733	4231.217297135984	0
0	13739	4232.956912347013	0
0	13743	4232.97253006023	1
0	13754	4237.380372144181	0
0	13760	4238.545028575711	1
0	13762	4239.566196142827	0
0	13772	4243.838687801283	1
0	13781	4247.550420733067	0
0	13786	4249.153480623631	1
0	13790	4251.032678196687	0
0	13792	4251.54779437861	0
0	13798	4254.271948544789	1
0	13809	4260.209174476113	1
0	13824	4265.4007990088	1
0	13838	4269.483504191288	0
0	13845	4270.55402393757	1
0	13858	4275.022000039128	0
0	13864	4276.088827918299	1
0	13881	4281.114623382703	2
0	13884	4281.792930288604	1
0	13901	4286.339222699885	2
0	13903	4286.765019795874	0
0	13907	4287.718109415278	0
0	13917	4291.7346600108	1
0	13925	4295.754086789339	0
0	13931	4297.228381164853	1
0	13950	4302.90206716281	1
0	13964	4307.109401925132	0
0	13971	4308.422457978377	1
0	13977	4310.224428200759	0
0	13980	4310.64873876459	0
0	13985	4312.519278005246	1
0	13993	4313.775841239389	1
0	14001	4317.805781307182	0
0	14003	4318.410791628892	0
0	14008	4319.000749077663	1
0	14020	4324.352540395703	1
0	14025	4327.126576240073	0
0	14030	4329.03367167899	0
0	14034	4329.670628957232	1
0	14041	4334.247855099282	0
0	14046	4334.776519594496	1
0	14057	4340.358043572182	1
0	14071	4346.040175286602	1
0	14074	4346.746445758632	0
0	14089	4351.753900773139	1
0	14108	4357.504162761164	0
0	14113	4357.636476950501	1
0	14124	4361.585943023688	0
0	14131	4362.880674637868	1
0	14149	4368.345478699556	2
0	14155	4369.974489527885	0
0	14169	4373.887794741443	1
0	14174	4375.559782905518	0
0	14185	4379.168785394649	1
0	14206	4384.92786060764	2
0	14208	4385.095030704642	0
0	14226	4390.284699423951	1
0	14234	4393.233605953761	1
0	14236	4393.326374154204	1
0	14248	4395.653470393051	2
0	14268	4401.615837316042	2
0	14270	4401.69656389988	0
0	14286	4407.157936899936	1
0	14297	4410.335957808783	1
0	14302	4411.538071694217	0
0	14306	4412.702490531853	0
0	14310	4412.958323979763	1
0	14329	4418.245547285549	1
0	14330	4418.456659623438	1
0	14348	4423.61625856628	2
0	14349	4424.018483280917	0
0	14355	4425.769409031625	0
0	14357	4425.947968953768	0
0	14363	4429.482648099086	1
0	14373	4434.081888454047	1
0	14377	4435.412389687973	1
0	14383	4437.518719383993	0
0	14391	4441.095677069866	1
0	14409	4446.985744117771	1
0	14430	4452.818254240335	2
0	14437	4454.862428759703	0
0	14439	4455.153260123228	0
0	14444	4457.15393318889	1
0	14449	4457.95935614059	1
0	14462	4462.363465511484	0
0	14467	4463.30240421464	1
0	14470	4464.318019160315	0
0	14482	4469.276867699589	1
0	14496	4474.30218215288	1
0	14508	4477.670673778176	0
0	14516	4479.507764539694	1
0	14536	4485.044219202142	2
0	14542	4487.379233538069	0
0	14555	4490.514592909965	1
0	14557	4491.833542413436	0
0	14560	4492.113634306718	0
0	14570	4496.214301676036	1
0	14573	4497.713761305102	1
0	14590	4502.133533117606	1
0	14609	4507.641862663219	2
0	14613	4508.620708196785	0
0	14616	4509.328183022804	0
0	14626	4513.307386820682	1
0	14632	4515.706956691823	1
0	14642	4518.770802739321	1
0	14658	4523.983243739709	0
0	14662	4524.060344382434	1
0	14678	4528.886385662494	0
0	14683	4529.339221001615	1
0	14692	4531.923637378856	0
0	14703	4534.854997707077	1
0	14723	4540.376461004152	2
0	14726	4540.753575141675	1
0	14733	4542.984744286759	0
0	14737	4543.494455197488	0
0	14745	4546.287546294986	1
0	14762	4552.222096247378	1
0	14764	4552.69774205996	0
0	14779	4557.235504362977	1
0	14781	4557.670945999924	0
0	14795	4562.273707517668	1
0	14806	4565.852178728801	0
0	14812	4567.710177475483	0
0	14817	4568.051889257751	1
0	14832	4573.423285549985	1
0	14854	4578.910916564766	2
0	14868	4583.11530241546	1
0	14870	4583.518890684483	0
0	14876	4584.149155878242	1
0	14878	4584.81769278705	0
0	14881	4585.679608725024	0
0	14887	4588.789636274696	0
0	14892	4589.203977295443	1
0	14905	4594.794170478837	1
0	14907	4595.469944021328	0
0	14919	4600.730631296768	1
0	14928	4604.398153320199	0
0	14935	4606.464530924115	1
0	14949	4611.665843120789	1
0	14951	4612.427396203754	0
0	14955	4613.396004256339	0
0	14966	4617.542268772157	1
0	14972	4620.011781053279	0
0	14980	4623.228963690125	1
0	14992	4627.875184549614	0
0	14998	4628.836097678649	1
0	15014	4634.417055932353	1
0	15029	4639.163655123104	0
0	15033	4639.737612160868	1
0	15054	4644.76007803787	2
0	15059	4646.673019162276	0
0	15065	4648.885953404721	0
0	15071	4650.203340532505	1
0	15088	4655.736865098835	1
0	15093	4657.69723938698	0
0	15105	4661.560968724093	1
0	15111	4662.911487530467	1
0	15123	4665.826635943276	0
0	15131	4667.073238122756	1
0	15144	4670.522241793005	0
0	15152	4672.283143138526	1
0	15169	4677.497755653587	0
0	15173	4678.192573443301	1
0	15193	4683.697604934232	2
0	15198	4685.222799355759	0
0	15207	4687.728532284282	1
0	15213	4689.525973277179	1
0	15217	4690.344377683954	0
0	15233	4695.170095394844	1
0	15252	4700.943023483282	2
0	15272	4706.281718271798	2
0	15280	4708.057752728479	1
0	15289	4710.431963477417	0
0	15294	4711.326424944696	1
0	15298	4711.371471712612	1
0	15318	4717.313966461704	2
0	15319	4717.426459319205	0
0	15339	4722.936603471185	1
0	15351	4726.995536104557	0
0	15360	4728.80438168325	1
0	15364	4729.579529956814	0
0	15378	4734.283301221221	1
0	15380	4734.862878156838	1
0	15393	4738.384684529402	0
0	15398	4739.463723826004	1
0	15416	4744.776941648001	2
0	15435	4749.860142089907	2
0	15438	4750.837836514819	1
0	15445	4753.245796540649	0
0	15447	4753.407590054922	0
0	15449	4754.361979135674	1
0	15455	4755.456540683765	1
0	15469	4760.649778529085	1
0	15483	4765.181559139875	0
0	15489	4765.983937856523	1
0	15491	4766.186063616085	0
0	15500	4769.353006508211	0
0	15507	4771.532332214076	1
0	15512	4773.740612860784	0
0	15520	4776.575428462835	1
0	15525	4778.316909605303	0
0	15534	4782.015550398981	1
0	15541	4785.01716092591	0
0	15545	4787.178893452756	0
0	15550	4787.25613967843	1
0	15559	4792.646607262097	1
0	15575	4798.201056524893	1
0	15594	4803.379803521806	2
0	15609	4807.928050787435	1
0	15614	4808.416497503887	2
0	15620	4809.860059348765	0
0	15623	4810.327962899129	0
0	15627	4811.560288754773	0
0	15633	4813.723577332231	1
0	15638	4816.865493800854	0
0	15644	4818.883493875167	1
0	15657	4824.556252503316	1
0	15674	4830.346810078262	1
0	15678	4831.855487399982	0
0	15681	4832.415666783591	1
0	15690	4835.496688886559	1
0	15713	4841.328418804579	2
0	15728	4846.066607121393	0
0	15732	4846.479883375824	1
0	15739	4848.411134014385	0
0	15749	4851.512853779378	1
0	15760	4855.032913439455	0
0	15768	4856.849569097873	1
0	15772	4858.05075514772	1
0	15777	4859.569378591971	0
0	15780	4859.761840366656	0
0	15787	4861.914608763777	1
0	15804	4867.91176748766	1
0	15816	4871.108380903386	0
0	15825	4873.740794220254	1
0	15847	4879.570860190796	2
0	15852	4881.336023819529	0
0	15860	4883.762812246002	1
0	15866	4884.799768882817	1
0	15874	4887.241727500236	0
0	15881	4889.433772085714	0
0	15885	4889.986091487123	1
0	15900	4895.939069491824	1
0	15902	4896.567658446044	0
0	15916	4901.490844314	1
0	15921	4902.436824401154	0
0	15926	4904.190607786425	0
0	15934	4906.581118749934	1
0	15942	4910.145996865132	0
0	15946	4912.051909371525	0
0	15950	4912.45652228828	1
0	15954	4913.976965502387	0
0	15960	4917.826499025816	1
0	15973	4923.765170020996	1
0	15988	4929.197473438703	1
0	15994	4931.572550590978	0
0	16007	4935.11237360259	1
0	16022	4940.51391718468	0
0	16028	4940.787886927616	1
0	16051	4946.545649104299	2
0	16054	4947.301774060832	0
0	16062	4949.610860857196	1
0	16071	4952.479681674404	1
0	16082	4955.877969046137	0
0	16093	4957.621239497339	1
0	16106	4962.214740608833	0
0	16113	4963.61906332943	1
0	16116	4964.142427912111	0
0	16121	4966.828145127875	0
0	16129	4968.976223437594	1
0	16143	4974.280043464981	0
0	16147	4974.328668041866	1
0	16150	4975.991176291149	0
0	16160	4980.242693863356	1
0	16175	4986.041454890523	1
0	16194	4991.842278818613	2
0	16195	4992.335692512466	0
0	16197	4992.348880637684	0
0	16202	4994.550358811521	1
0	16210	4997.635999707984	1
0	16224	5002.922435681116	1
0	16229	5004.118668283698	0
0	16246	5008.439363143653	1
0	16247	5008.746974135991	0
0	16249	5009.556739016915	0
0	16260	5013.79740032392	1
0	16277	5019.239471953375	1
0	16280	5020.318536715479	0
0	16297	5025.127844860092	1
0	16314	5030.221699759377	2
0	16321	5032.043089492726	0
0	16323	5032.223820864585	0
0	16332	5035.820417746449	1
0	16349	5041.099830511272	1
0	16366	5046.450588586989	0
0	16370	5046.569121837629	1
0	16393	5052.11988687796	2
0	16409	5056.600891407826	1
0	16414	5057.369051027358	2
0	16429	5061.571521152987	0
0	16434	5062.377680164775	1
0	16439	5064.370692151264	1
0	16444	5065.05636897603	1
0	16448	5065.737173059039	0
0	16453	5067.442599851418	0
0	16457	5067.725743561531	1
0	16474	5072.796226810677	1
0	16475	5074.126885289806	0
0	16480	5074.976857299348	0
0	16490	5078.552561932489	1
0	16500	5082.714018879587	0
0	16506	5083.808468090616	1
0	16508	5084.830346720538	0
0	16518	5089.414339497698	1
0	16520	5090.094355206832	0
0	16532	5094.747428015586	1
0	16538	5096.78518679262	0
0	16548	5100.673213899149	1
0	16566	5106.393038299414	1
0	16569	5107.196386450682	0
0	16578	5111.003220796716	0
0	16584	5111.650257430519	1
0	16599	5117.371757486616	1
0	16602	5118.377500311017	0
0	16606	5119.28814189638	0
0	16611	5121.950378057329	0
0	16616	5122.916709065684	1
0	16617	5123.248679227791	0
0	16626	5128.908077207408	1
0	16637	5134.640005948036	1
0	16643	5136.596596170463	0
0	16653	5140.073363018702	1
0	16665	5145.478575694154	0
0	16669	5145.722175113871	1
0	16675	5148.214375570198	0
0	16685	5151.366707041874	1
0	16686	5152.376756465891	0
0	16699	5157.351162616178	1
0	16714	5163.271392171286	1
0	16715	5163.340085492482	0
0	16726	5168.068781820258	0
0	16730	5168.314627921689	1
0	16746	5173.585262421999	1
0	16749	5174.626533358605	0
0	16753	5175.414466370028	0
0	16758	5177.716072898024	0
0	16763	5179.334095258048	1
0	16775	5185.062211574769	1
0	16779	5186.311115864795	0
0	16791	5190.994350206355	1
0	16799	5194.921971728691	0
0	16805	5196.559581363822	1
0	16825	5202.463115033011	1
0	16826	5202.716596436816	0
0	16843	5207.731536029388	1
0	16863	5213.415221733988	2
0	16865	5214.065861127938	0
0	16875	5217.626756912929	0
0	16881	5218.45423719661	1
0	16883	5218.737015843874	1
0	16898	5224.219871487717	1
0	16903	5225.579365337166	0
0	16919	5230.086354976303	1
0	16941	5235.981340933141	2
0	16946	5237.213490051931	0
0	16948	5237.946371736721	1
0	16960	5241.721193439576	1
0	16967	5244.236987020021	0
0	16973	5246.051182489274	0
0	16978	5247.173649797232	1
0	16995	5252.985263983269	1
0	17001	5254.995194672043	0
0	17003	5255.355177888311	0
0	17012	5258.675690885882	1
0	17023	5263.065261308935	0
0	17025	5263.867988649189	0
0	17029	5264.096873434276	1
0	17043	5269.606235966102	1
0	17053	5273.014555466726	0
0	17056	5274.854720693563	0
0	17058	5275.066198909204	0
0	17062	5275.274327382461	1
0	17072	5281.165931366167	1
0	17082	5285.550770537594	0
0	17088	5286.868851116176	1
0	17100	5292.434996576297	1
0	17114	5297.856357387748	1
0	17125	5301.398940138534	0
0	17127	5301.681464991087	0
0	17133	5303.005987496363	1
0	17141	5305.941057613834	0
0	17149	5308.040312309531	1
0	17154	5309.166456735825	0
0	17156	5310.689408439109	0
0	17162	5313.141232466107	1
0	17175	5318.94187824383	1
0	17182	5321.387576096706	0
0	17189	5324.088698395776	1
0	17203	5329.658112989987	1
0	17215	5333.254857979963	0
0	17219	5334.872550812099	0
0	17224	5335.071790388335	1
0	17239	5340.677152914709	1
0	17242	5341.879864324366	0
0	17255	5346.320637927173	1
0	17256	5346.400563978254	0
0	17268	5351.143249439558	0
0	17272	5351.46235441581	1
0	17287	5356.708374026945	1
0	17289	5357.081209538753	0
0	17299	5361.353010044448	0
0	17304	5361.95025850508	1
0	17305	5362.572947779336	0
0	17310	5364.91082464905	0
0	17316	5367.807188696709	1
0	17329	5373.720224891106	1
0	17344	5379.656382641072	1
0	17355	5383.294384333437	0
0	17363	5385.382321591272	1
0	17365	5385.618273633664	0
0	17379	5390.839462464691	1
0	17398	5396.214105963257	2
0	17399	5396.412914919448	1
0	17416	5401.748336572447	0
0	17421	5401.965229398587	1
0	17438	5407.876175354019	0
0	17442	5407.90279073782	1
0	17452	5410.91524361809	0
0	17456	5412.037782573854	0
0	17464	5413.787845104483	1
0	17476	5419.031096641458	0
0	17480	5419.164215366838	1
0	17487	5421.928170960411	0
0	17497	5425.111724177392	1
0	17514	5430.780121733451	1
0	17532	5436.492952043906	2
0	17545	5439.487942692142	0
0	17549	5441.21000454297	1
0	17551	5441.657661220076	0
0	17556	5442.094039517937	1
0	17571	5447.886680009093	1
0	17583	5451.674015616666	0
0	17590	5453.107815386511	1
0	17601	5455.85944122613	0
0	17610	5458.715295558113	1
0	17632	5463.997641132229	2
0	17637	5465.193102728243	0
0	17651	5469.090025838247	1
0	17652	5469.303050625153	0
0	17661	5472.545507946767	0
0	17668	5474.293287418332	1
0	17669	5474.556609698937	1
0	17684	5479.43367497997	1
0	17688	5480.977208895159	0
0	17692	5481.437985076005	0
0	17698	5485.232312969529	0
0	17702	5485.344240080347	1
0	17709	5489.151836404825	0
0	17714	5490.987189204214	1
0	17726	5496.832883848358	1
0	17728	5497.421909820769	0
0	17738	5501.849645289142	1
0	17758	5510.537395691631	0
0	17776	5519.890487188954	0
0	17780	5524.485403783284	0
1	17	13.103303897428	7.450977569679
1	41	24.875007058843	7.85183953063
1	64	33.10187468736	21.517733586137
1	97	42.491219774006	20.118971505319
1	108	45.732418966481	6.525926645612
1	110	45.789614313168	12.214941175306
1	136	55.439154127964	10.349706875044
1	144	57.884456003437	29.955401921763
1	183	71.924284192154	4.958881573636
1	194	73.489371840612	22.476548203035
1	222	82.582500383261	25.92882682453
1	245	89.167116751665	27.433680170683
1	275	95.998359361551	23.569016544733
1	279	97.188341766364	18.76061578351
1	289	101.173710540289	17.356643373031
1	330	115.4950572243	15.025533817477
1	332	115.691793710578	26.150889600278
1	334	116.057520797361	5.227139585534
1	387	130.905900977552	25.321755499344
1	400	133.704913571364	38.712263409166
1	419	138.804204262444	16.794607901594
1	424	139.577242184783	11.743066972704
1	437	143.77871652041	27.451857323061
1	443	144.719073497577	5.66193915403
1	452	150.384223286414	16.913370805675
1	494	163.710012215541	19.124724548426
1	522	171.889471570148	15.880152839585
1	531	173.665307620892	12.093932957505
1	544	177.561592667016	10.907778505817
1	546	177.782443510487	27.364020332112
1	551	179.122931294029	1.87303870439
1	568	187.729891589846	15.764031763422
1	574	190.445377295607	8.142681597965
1	597	200.037705857078	12.547087935732
1	604	204.162985838021	5.434961006743
1	639	216.631787323629	23.895527449902
1	683	230.165570841641	8.428978062235
1	701	234.73292937654	18.774105924531
1	704	235.662114206008	25.334774057848
1	706	236.351754701468	31.904191001087
1	724	244.404270106349	16.923539714306
1	736	248.939667833974	16.281015938614
1	809	268.833527266286	14.621877341066
1	817	270.440184492041	31.812130002189
1	827	273.611381216564	29.932033823689
1	829	273.770618959685	24.615346316365
1	834	274.936001362748	4.505941367242
1	856	281.853453295777	16.653288351141
1	876	287.016398611134	5.273967740942
1	878	287.060561706315	10.781423076521
1	894	294.112169938049	1.702031294
1	925	305.225077813963	45.738007443493
1	962	315.632550335494	28.676499472932
1	968	317.664214110005	8.918375167994
1	984	322.813042450701	19.304541306105
1	995	325.585770446112	27.176208343356
1	1001	327.645974995687	13.765789342227
1	1003	327.907401929032	8.302614162094
1	1010	330.104682853566	5.156771185924
1	1021	337.164486733269	1.292432331247
1	1023	337.485285004722	7.449207328144
1	1035	346.412614550212	5.421460400102
1	1040	349.617092913486	3.590919079957
1	1085	370.021166500872	12.840655356412
1	1091	372.553414583794	4.491300753435
1	1107	378.223194088442	27.015385489096
1	1109	378.249537121044	15.855954782339
1	1143	390.835113653336	6.333133542095
1	1181	402.167670678586	11.764160440071
1	1192	405.964452659483	26.655141651863
1	1194	406.115217948452	32.593472226405
1	1207	410.032556403084	3.193099775934
1	1226	417.346808014558	21.315231623709
1	1252	425.401104310998	7.794884130359
1	1270	431.389012312055	30.011049226857
1	1312	443.061341801083	30.616040266238
1	1320	445.544267787137	10.856746442849
1	1322	445.697894397079	16.956663702032
1	1350	453.802889621705	8.03211359575
1	1362	457.536411080746	34.145033027976
1	1370	459.254559581405	8.175811716821
1	1386	465.583292852046	24.997476672407
1	1426	478.098324642871	16.151515412494
1	1440	481.109197803312	24.938691615826
1	1482	494.269423706461	26.573935404419
1	1488	495.907726733252	22.434894128936
1	1500	498.178891328282	18.842178472665
1	1545	510.09943259799	25.189037769452
1	1549	510.972168250248	20.287728937344
1	1581	520.14874304063	24.166320846648
1	1599	525.002738995135	17.945772392562
1	1628	532.407128600871	31.268799032781
1	1643	536.142184575325	23.151620852296
1	1680	546.075008140183	21.828077142128
1	1684	546.691589522764	28.216824248553
1	1709	553.986530572182	24.011870956749
1	1715	555.863670057039	20.797400724026
1	1732	562.275329384723	22.06217217422
1	1742	564.928214264571	7.159135687863
1	1761	571.364851881985	8.253078453707
1	1763	571.421317657111	19.642118259683
1	1765	572.219559606517	26.391218574833
1	1773	575.148404229669	6.280193409883
1	1787	582.41870091332	8.308202482411
1	1798	588.142313947903	8.383980779675
1	1800	589.022390305416	4.147985848481
1	1806	591.695333390034	1.552329781465
1	1813	599.600349652584	3.481814798433
1	1819	603.328019435056	2.154014872853
1	1851	621.969140468517	9.721412342157
1	1877	629.390063576053	11.587998376343
1	1886	632.17551459675	8.991521707503
1	1895	635.169894730443	6.436363736168
1	1898	636.612580058633	29.563169109634
1	1900	636.969406877299	2.637270110776
1	1976	667.637792809753	22.460048042586
1	1979	667.863486748777	27.710491299981
1	2021	678.631099304304	22.586309592588
1	2028	681.325454847657	31.062823139363
1	2037	684.33981229645	22.888968746181
1	2042	685.454755254208	18.935541279029
1	2074	694.539578793111	6.706394865178
1	2092	700.363347513956	2.051151964697
1	2101	702.824691532764	26.000080472903
1	2104	703.428645252839	21.156353821397
1	2140	716.350746045597	44.799074490792
1	2165	722.577772502677	13.296273471439
1	2198	731.567679121751	38.716133859362
1	2216	736.385225470651	32.367043979468
1	2222	737.492430963446	17.726739401816
1	2244	742.585742797479	6.90795657365
1	2259	746.481245524024	31.866575060181
1	2279	752.029546024054	10.790277244992
1	2288	753.851601937906	29.037233519715
1	2318	762.08884655743	4.617437635898
1	2326	763.99610274763	33.773766598781
1	2353	772.120288817569	25.131263457823
1	2364	774.923653304463	11.842700884326
1	2367	775.326535491393	1.458395041176
1	2399	785.68016213913	33.431077080201
1	2413	789.63748938556	21.068947805443
1	2422	793.587575051472	14.453621148598
1	2430	795.915679038157	6.297245212249
1	2453	805.264736022454	20.687602772959
1	2455	805.506038053663	10.028757973108
1	2466	809.035626736589	7.713889414793
1	2552	836.800388439561	24.816386082674
1	2554	836.913944604692	30.489354761665
1	2567	839.69744857075	17.092927306424
1	2585	844.444839926555	11.130160804953
1	2594	847.118522041247	29.742597603238
1	2634	859.281751982985	31.414387956608
1	2646	862.466499773441	7.048677703716
1	2671	870.418282637958	26.094122605049
1	2683	872.976662938018	34.482861334455
1	2690	875.528312385553	26.07691120892
1	2702	878.122794313477	6.78482220869
1	2706	879.893506827066	19.249192907937
1	2722	884.986962740196	18.860618493169
1	2769	899.750629847873	22.625004346016
1	2776	902.554680683888	9.305309330347
1	2778	902.881105881072	20.471713441074
1	2824	917.118328039073	28.880182191962
1	2837	920.754163341134	16.296472362474
1	2862	928.893560836676	29.781235102911
1	2901	939.692790399776	29.704694382148
1	2903	939.782011087989	13.666635576403
1	2909	941.976463467349	26.79774236213
1	2912	943.245423235587	5.52136069385
1	2922	945.711320674516	25.262323955305
1	2994	967.428427604149	18.364952804638
1	2999	969.107140700682	37.134037711071
1	3004	970.913464809306	27.472903972491
1	3010	971.71196940367	6.18750081642
1	3016	973.663627317412	19.481748113874
1	3046	984.011291204607	7.173047597404
1	3065	989.343094859859	18.214797348134
1	3075	992.872646022244	10.909754813999
1	3081	993.862101021572	33.767087516953
1	3142	1014.123835645388	9.815591682447
1	3151	1016.315650929117	29.212717510874
1	3157	1017.889427524181	2.311349208816
1	3163	1020.577350888639	21.89000235498
1	3178	1025.938671590302	32.969415043716
1	3232	1041.395737775608	31.335097489182
1	3239	1043.200725599196	21.762552755419
1	3250	1045.544533393003	18.262317136747
1	3256	1048.418899892719	9.593518728509
1	3282	1055.907122219799	11.726245166616
1	3291	1058.340138569361	8.340133117627
1	3296	1060.409998590712	27.45209561882
1	3301	1060.653173179138	5.481388472254
1	3361	1085.987865034146	9.085723230033
1	3381	1092.47258519964	26.202998483788
1	3383	1092.771923943545	32.168036056567
1	3403	1097.666094993827	25.814520528423
1	3430	1105.316536010831	6.182381857536
1	3438	1107.947257307247	14.576033112942
1	3450	1112.598127757556	30.384672002986
1	3471	1118.621068793939	30.775629265586
1	3509	1129.247680418665	18.653571276227
1	3523	1132.948201667523	11.683118271874
1	3529	1135.222674161201	19.337450867751
1	3531	1135.504663074748	30.422649585762
1	3543	1139.830684478055	13.328739585475
1	3548	1142.388276243472	10.111646254198
1	3576	1153.315862440161	10.106014342396
1	3586	1156.182847021736	18.029307905934
1	3645	1174.534296665931	20.240936268239
1	3668	1180.632339100595	9.952856202378
1	3675	1181.022433336716	21.655725638034
1	3680	1182.497840531292	33.734531195484
1	3713	1194.543232458069	29.512816640432
1	3716	1194.80397813768	8.919166779379
1	3732	1201.145503547982	9.478842145764
1	3749	1206.993028571255	31.197146401391
1	3767	1211.979609391894	14.598741485273
1	3785	1216.306499606938	35.497115429724
1	3823	1226.346336465219	18.922671449719
1	3826	1226.672092457543	8.663202292752
1	3867	1239.225092807908	36.828966138302
1	3879	1242.19129875012	13.464883565786
1	3881	1242.826867415692	29.891415788441
1	3898	1249.225346340688	9.846648877602
1	3923	1257.208832294341	33.506985797433
1	3965	1268.35554070853	23.385130748269
1	3986	1273.600819992608	6.314727306366
1	3990	1274.657798555572	40.448578240933
1	4006	1278.745355528438	28.397683979361
1	4044	1289.921419515514	34.035627793286
1	4056	1294.125194719768	21.479583499022
1	4097	1304.91253958562	43.548393260806
1	4106	1306.767637058172	28.42646855186
1	4135	1314.118736605751	19.354419892538
1	4138	1314.753793651828	31.245495858253
1	4141	1315.870332515923	26.510304415482
1	4143	1316.453412141429	10.685821557188
1	4157	1321.611794140664	4.811853335705
1	4197	1333.287446741955	33.00539094722
1	4200	1333.613223711968	11.031054641353
1	4212	1339.005082853498	27.573098903641
1	4214	1340.062604154117	12.359034985186
1	4223	1343.708910340337	10.703884373072
1	4231	1347.030651141898	8.156971500722
1	4278	1364.851659696908	14.969368955006
1	4292	1368.644023166161	7.795840928214
1	4311	1374.303322745028	30.347750521497
1	4337	1381.453949632596	26.053846628172
1	4348	1384.38995363925	6.990401381744
1	4353	1385.772080050089	14.29435510002
1	4383	1396.0931518894	2.589740727214
1	4388	1398.119756373002	15.51859094447
1	4396	1399.152065787586	33.122988225774
1	4405	1403.298084930175	14.858695833362
1	4443	1416.457740999998	12.133077028208
1	4475	1425.571097537532	5.48107767303
1	4479	1426.200785441446	27.12425152643
1	4504	1434.727904711973	25.21024375048
1	4518	1438.542809177895	23.643372972496
1	4522	1439.948547616491	9.153539248626
1	4552	1450.37973632315	24.922409391963
1	4571	1455.66379364697	19.080721266801
1	4596	1462.788911031332	20.531456507276
1	4632	1471.188587134827	18.365812262404
1	4654	1477.398061647087	19.529018342961
1	4664	1479.321846322628	31.53275685897
1	4685	1486.099080174003	18.101447408319
1	4690	1487.622130710987	24.724742882302
1	4692	1487.841086790904	2.980279529933
1	4710	1494.453040324624	20.983522038441
1	4752	1507.33734426392	6.586945486255
1	4778	1516.022732385559	20.330746906229
1	4783	1516.800833190217	37.555988724228
1	4794	1519.133965486317	28.474726711981
1	4802	1521.876911422477	10.227019690442
1	4812	1524.201569421576	17.880163806144
1	4818	1526.461729662384	8.880616092938
1	4878	1545.89158438927	17.501578902012
1	4887	1547.89407769277	24.778945156489
1	4890	1549.12049989671	3.79486348259
1	4903	1553.045483840173	13.587682794083
1	4931	1562.943671206835	12.4180460145
1	4933	1563.17698511447	29.036080860648
1	4939	1565.365286989261	4.311475859372
1	4941	1566.565983183806	10.956464607618
1	4952	1572.846841550906	6.161276422208
1	4982	1588.416589047302	4.921248943079
1	5011	1596.814096621595	18.934213453322
1	5024	1600.21386337188	27.571839523968
1	5036	1603.913564826952	9.157522985828
1	5038	1604.242829822478	15.347154636402
1	5096	1622.493286472404	6.510554482578
1	5104	1624.877221959533	14.030180587315
1	5115	1629.151802322485	29.377898370031
1	5132	1634.908316523542	29.423035396727
1	5168	1644.737548867716	6.548226326006
1	5186	1650.70660122636	23.432460989685
1	5193	1652.348054504262	19.530480747575
1	5218	1661.315729343342	39.65695522912
1	5222	1661.723985054423	7.116248344886
1	5226	1662.963246584647	2.585687797284
1	5241	1668.414413943313	19.333974666776
1	5301	1686.972766764705	43.613336393145
1	5316	1690.498935886784	24.858810822595
1	5334	1695.370211901969	24.197249717895
1	5355	1702.228477009232	25.509987214929
1	5392	1712.080898513446	7.785181410495
1	5397	1713.425972715498	30.996879565299
1	5422	1720.797582751033	21.619964417885
1	5437	1724.279813646695	30.16993810923
1	5487	1737.832189185672	27.635896919878
1	5495	1739.488253677973	23.864884092007
1	5504	1743.022865910562	54.818938863467
1	5530	1749.265483746433	6.190409923322
1	5533	1749.753744581844	28.218283458499
1	5552	1755.349118936935	28.419932508958
1	5580	1764.041937104787	31.435666960315
1	5618	1773.920113608017	19.514980705453
1	5621	1774.591798480612	25.579400149641
1	5624	1775.916692137381	11.136271279889
1	5630	1776.58696776548	17.018242022604
1	5655	1786.106356659449	48.192550905747
1	5684	1794.445263804992	13.160991653216
1	5686	1794.683308791962	7.794137446094
1	5689	1795.04796993035	19.041647940875
1	5735	1809.515242820383	6.233773706947
1	5741	1811.511456433811	41.393732743688
1	5761	1818.819250900542	21.22267098236
1	5778	1824.019529337425	32.095973598424
1	5815	1833.812631147805	19.853795565314
1	5840	1840.340869358633	3.999542903038
1	5845	1841.811787987486	22.677792378119
1	5883	1852.927045547996	44.476198080812
1	5894	1855.357784696634	30.390425651337
1	5935	1867.436154669624	8.270509510533
1	5940	1868.561250956856	26.366765911576
1	5944	1869.866971473569	4.762019261137
1	5959	1874.464240986513	26.572216711589
1	5983	1882.081156710522	51.427452761098
1	6003	1887.679728827797	17.560774825397
1	6015	1891.334279986921	16.0754999622
1	6067	1906.204969866677	52.784424317304
1	6076	1908.397077360317	27.885254674011
1	6108	1915.639214444913	23.723051503067
1	6122	1919.1345657555	16.30873925751
1	6137	1922.619697719473	24.915860222072
1	6178	1933.983182853912	47.618735020166
1	6182	1934.593801607039	25.988676104114
1	6198	1939.091398992352	24.587556170765
1	6237	1949.83339241765	23.936405109358
1	6243	1951.848418371412	31.532708313898
1	6276	1960.60892011098	23.690068747032
1	6325	1973.772897238618	31.541439664548
1	6336	1975.590842290908	12.036568652722
1	6338	1976.04339729681	44.167966839041
1	6345	1978.298177042752	24.939861419609
1	6389	1990.255705641007	31.737349852799
1	6432	2001.623186381657	53.688316044278
1	6442	2003.08841200791	34.08865634969
1	6450	2005.000204148597	25.714486987214
1	6470	2010.831098997861	3.424050694449
1	6489	2015.969508794147	2.91559857619
1	6501	2019.319284947829	34.073957343117
1	6544	2030.220702772971	34.0879038102
1	6549	2031.102014141163	56.89545810455
1	6592	2041.829013760439	39.698770623648
1	6598	2043.363311656061	52.251510206608
1	6606	2045.417558744791	26.430125006705
1	6625	2049.507356160097	24.958445676135
1	6665	2061.683621262445	31.85315876524
1	6689	2067.266313979058	32.308643126272
1	6723	2076.010746451106	30.423113567755
1	6753	2083.703081104217	32.293711120961
1	6761	2085.393997976683	7.436947381705
1	6770	2087.950517590171	47.952753713124
1	6815	2098.627741419483	42.057789640961
1	6847	2106.540731068596	44.566112744739
1	6849	2107.379574715291	40.366169607154
1	6857	2109.596041855179	26.497393824158
1	6890	2118.11140648393	12.635654381706
1	6896	2119.697664228164	31.433730428224
1	6913	2123.726078223208	51.420825175934
1	6925	2127.504159204674	16.406158292898
1	6965	2138.757399804558	45.010796709573
1	7011	2150.456884329794	50.967531432739
1	7019	2152.007512014023	29.152755618212
1	7044	2160.288056936943	31.889525585925
1	7060	2165.2219330806	48.160700890008
1	7068	2167.413561346838	27.613324867912
1	7079	2169.707995492284	24.123585968516
1	7093	2173.923214275745	39.586807703942
1	7117	2179.801062624449	17.203537640628
1	7153	2189.607247949118	38.155744746321
1	7166	2192.148675989374	35.087435308613
1	7189	2200.498715255532	21.027682450245
1	7197	2201.271250339354	27.466569753481
1	7207	2204.92806408101	14.222811641749
1	7232	2211.653105007614	43.405849172851
1	7251	2216.242757724376	9.375801815417
1	7257	2217.601266447582	21.724234063061
1	7264	2219.499304721139	18.233372842888
1	7276	2223.313138755278	10.87386827636
1	7290	2227.469273105627	42.220491616407
1	7322	2237.016326008027	13.6432829228
1	7338	2241.54514778104	7.107825416607
1	7352	2245.780309088655	27.992063225595
1	7367	2251.505848450713	11.896356771583
1	7372	2252.669187384203	24.153945900034
1	7382	2257.031768170895	11.840671449434
1	7414	2267.980979724332	6.58665005071
1	7466	2283.180621414458	32.726459030995
1	7474	2286.359937846672	19.384584306506
1	7485	2289.889480166265	34.340836454765
1	7500	2293.682041498262	21.260252439068
1	7529	2301.77869927372	18.865167094394
1	7536	2304.603747883356	11.094199707032
1	7586	2319.698856498476	31.638348598383
1	7591	2321.156643490086	43.263445337536
1	7618	2327.69685547602	17.270620725699
1	7626	2329.858975225491	24.707668793274
1	7659	2339.439128628943	39.95856456738
1	7664	2340.32799339668	18.900513952132
1	7668	2341.762584037279	25.415711438404
1	7681	2345.577710809551	7.587402056791
1	7737	2359.202666640061	32.500330921497
1	7748	2360.986566129268	28.802174863522
1	7756	2363.906277239101	20.319464966888
1	7772	2369.081304562988	14.196555170929
1	7804	2378.092130458111	18.187530894648
1	7807	2378.490093403971	29.468255626036
1	7820	2382.381202388566	16.889779556077
1	7894	2402.838246020615	19.942745089413
1	7896	2402.990245331441	14.975620588405
1	7898	2403.636538624191	32.399968648211
1	7901	2404.102229506137	27.090320184476
1	7932	2412.802498183458	7.628423335496
1	7936	2414.240740320888	20.640342144061
1	7962	2422.963245736446	23.773698925738
1	7989	2431.945455850466	20.872330367451
1	8018	2439.659750373466	17.567881635974
1	8020	2440.111163592908	23.46952752699
1	8083	2459.034005927981	30.982516177347
1	8085	2459.264735550399	13.769284589216
1	8089	2460.452071689897	26.723272702308
1	8117	2470.040845451655	30.469792352756
1	8165	2481.931200835166	25.066883886232
1	8200	2491.289164653875	22.601062205737
1	8202	2491.6563111581	40.387624879365
1	8208	2493.615153867415	30.865646382446
1	8223	2498.014772518783	17.996352343355
1	8246	2505.029685409169	8.732865854515
1	8257	2507.586705607491	16.431209890289
1	8278	2513.655733953591	6.38145920902
1	8280	2513.893061035791	28.356273499551
1	8292	2518.547745225613	6.271400646655
1	8300	2522.036733905794	47.539817546492
1	8310	2525.434105294067	23.833071422527
1	8337	2534.975927469449	5.977782376226
1	8345	2537.609725552391	3.351883390918
1	8357	2542.38012362168	24.295410554507
1	8366	2545.307652911302	21.625194520342
1	8387	2554.533006377649	14.999851054164
1	8467	2578.650767149998	28.114709000917
1	8469	2578.661619101315	17.330576539855
1	8471	2578.941403823688	33.899196102985
1	8477	2580.995959829436	25.350437037298
1	8499	2587.006285315862	14.885458794892
1	8514	2590.754267680007	7.744981663768
1	8532	2595.230086955722	28.538687113907
1	8577	2606.800839359417	29.644665484547
1	8582	2607.525651847843	19.387547196939
1	8592	2610.958763730377	11.459955541767
1	8595	2612.737087953616	18.928746350575
1	8613	2619.17520216819	14.51188592415
1	8645	2630.402609560771	9.195168190521
1	8665	2635.605440346422	9.284151142347
1	8671	2637.123356755605	27.246227167781
1	8684	2641.360274320947	9.410163293359
1	8693	2642.828841994063	27.602324551668
1	8702	2647.694088344825	4.921336656785
1	8717	2654.217100740425	5.605856897543
1	8725	2657.223872344835	20.087335637418
1	8750	2668.645132574035	9.089978097473
1	8753	2669.963301002644	15.569235990406
1	8787	2682.001455363947	11.29067089979
1	8797	2685.6213785218	9.25981012115
1	8828	2695.21892176733	30.29317881493
1	8837	2697.301499928594	10.653371346415
1	8882	2709.735424100436	12.88682005927
1	8885	2709.91356004217	28.421154814072
1	8887	2710.167747816319	18.393711109414
1	8901	2718.622206003187	5.068571462296
1	8925	2728.446421878427	25.998877640348
1	8927	2728.496713679996	3.996528026182
1	8943	2733.725535357502	4.189510713681
1	8952	2736.203948427705	27.825423786184
1	8954	2736.920224170097	18.020423963781
1	8979	2748.268071619691	12.915952351526
1	8984	2751.084440750899	5.217585983337
1	9052	2772.477740994202	31.944786124629
1	9088	2782.288291759919	25.6156918857
1	9092	2783.770460646962	32.643061428446
1	9101	2785.294742589015	7.173584202885
1	9124	2792.322617442362	30.395338855917
1	9154	2801.473374829173	34.10043523274
1	9188	2811.327684077917	27.491316874746
1	9198	2813.703865003786	18.488381156929
1	9208	2816.783366155709	4.155571692972
1	9218	2821.313900184137	31.517620360714
1	9224	2823.093046397804	22.135956600195
1	9234	2826.877654260501	54.157507814463
1	9250	2831.476939137342	7.258714069845
1	9255	2832.17873006548	25.298177334942
1	9260	2834.935313378942	4.776557266247
1	9268	2837.800842549204	19.224052330016
1	9283	2846.266323449338	4.853340575937
1	9315	2857.831875485384	21.98419901589
1	9345	2866.901467850448	9.826555739856
1	9360	2870.419706472674	23.639617580685
1	9382	2877.221134363689	25.22191984416
1	9391	2879.461247685963	17.179285168066
1	9399	2882.009101031247	13.780820475542
1	9413	2888.135540457691	3.122857765295
1	9433	2895.719142795441	16.321394795903
1	9450	2901.314640785584	10.461986069103
1	9465	2906.498381848113	32.903374690446
1	9473	2908.140328969356	5.690812026151
1	9478	2910.047622071479	13.567020484364
1	9489	2916.095761471676	8.315965041286
1	9526	2930.558292570655	12.130211541546
1	9534	2934.218352414564	21.051521370768
1	9559	2942.066633535215	7.789247599082
1	9573	2946.007272174598	22.386403849583
1	9576	2946.207226537415	17.504447353305
1	9580	2947.725384906066	7.630249457784
1	9582	2948.277786149425	2.588370641228
1	9650	2975.563252484906	24.184917306528
1	9660	2978.037707452909	16.081884179032
1	9662	2978.214332274173	21.408731601432
1	9673	2981.230599889196	2.706588892848
1	9731	2999.214067976118	31.920815892166
1	9752	3004.741700121331	15.934051805059
1	9754	3004.918341197787	32.04771871376
1	9776	3009.845232907463	26.052433330798
1	9783	3011.220766091267	5.618300382979
1	9789	3012.586440689411	17.954482043163
1	9815	3022.330099985251	22.024799702224
1	9822	3024.898780971662	14.134060592739
1	9871	3039.350905427375	23.125082948828
1	9893	3044.991861314876	17.481489830999
1	9895	3045.434542651068	23.276620404793
1	9900	3048.09642274493	9.826792737703
1	9920	3054.498598379912	21.756760389893
1	9933	3057.768726516063	8.630905887811
1	9947	3063.290198050688	19.722289752683
1	9967	3070.943529964671	15.817747320282
1	10030	3087.462949653749	16.360850369672
1	10034	3087.946297064435	27.414858974981
1	10052	3093.290426859643	27.455585260175
1	10055	3093.985937478498	7.390630719484
1	10074	3099.325023960918	23.136189834332
1	10079	3101.235301670396	20.00870058988
1	10125	3114.804667263537	5.844267479378
1	10130	3115.970474764601	18.597525661463
1	10146	3122.893151944049	30.827575579518
1	10187	3135.884836802505	32.780746825274
1	10200	3138.297597743582	12.581196733517
1	10225	3146.004524174042	26.258713985677
1	10232	3148.614302266517	5.654672959237
1	10263	3157.734169141051	26.38028559822
1	10282	3163.489125626171	49.364108075851
1	10307	3169.977336304391	21.195759395953
1	10315	3171.161394975976	16.974674365601
1	10349	3181.992209873988	22.425187929649
1	10374	3190.477141728869	15.101697831182
1	10385	3193.350003388954	56.137442561564
1	10392	3195.201445370574	30.065009600598
1	10413	3200.147300240827	2.900429725181
1	10416	3201.287585881432	15.024414903599
1	10424	3203.347737355751	33.033452799427
1	10429	3205.121925062977	13.05427869875
1	10431	3205.297221600554	2.374114191159
1	10481	3224.910628739755	11.039557502605
1	10489	3226.23608292908	6.472432517562
1	10508	3232.652346777273	51.779035836689
1	10534	3239.668835759639	31.115657392656
1	10559	3246.801768530521	4.183973223553
1	10582	3253.510864721623	16.76902475534
1	10587	3253.955449907004	28.526378997951
1	10605	3259.427478431036	5.529283940093
1	10607	3259.526595768649	28.36698890629
1	10621	3264.999976775504	16.626720049302
1	10624	3266.292949370817	7.119782870634
1	10665	3283.889436245675	19.139191910625
1	10692	3291.82669845504	4.870917699999
1	10699	3293.043297303154	17.138967079809
1	10702	3293.972910425521	23.833362487727
1	10732	3304.665061189805	23.100173893618
1	10783	3319.641575960803	20.777574252919
1	10797	3322.423229875403	29.520655756932
1	10827	3331.580085447536	21.631101791282
1	10831	3332.363106775923	27.944652290432
1	10883	3349.415981778534	24.0901425163
1	10889	3351.138070525264	36.026422789437
1	10893	3352.257490629572	21.225451470118
1	10906	3355.432089157412	19.074122478486
1	10913	3357.14886993753	15.305741406745
1	10959	3369.556024921138	49.277401182335
1	10988	3375.83608031798	11.891719263398
1	10999	3379.667521807492	32.444033416337
1	11016	3383.971750016336	25.436241621851
1	11029	3387.33836120927	34.205631453545
1	11041	3391.208790084475	5.455245420919
1	11063	3395.771088757797	26.455161095132
1	11079	3399.52798046883	2.700647830382
1	11087	3402.594883602706	22.42294092651
1	11093	3403.462701611699	28.903360361235
1	11100	3407.399664485139	16.106388381449
1	11118	3413.605346941983	10.929543879
1	11133	3419.773257393984	11.995570669533
1	11136	3421.531443278899	8.155264821951
1	11184	3439.855829924592	15.380212533755
1	11191	3441.438052329713	5.896490315441
1	11220	3449.530698780914	19.669005099451
1	11224	3450.380008893216	31.349588527926
1	11264	3462.144806576323	21.004384311265
1	11308	3474.154368715606	21.980374884558
1	11326	3478.954443745327	32.656337221152
1	11328	3479.116233387858	15.380604543373
1	11350	3485.133152349516	10.290875069681
1	11359	3487.046883921619	29.212222742151
1	11362	3487.225436925203	1.797902612947
1	11388	3497.065188799765	28.210833748104
1	11399	3500.259369401389	19.921414697192
1	11450	3515.657094233799	25.103608328733
1	11467	3520.474176793721	24.672396685811
1	11486	3526.192066941425	24.402075333289
1	11506	3531.355933709317	6.957323591691
1	11539	3541.34924165219	33.716456475784
1	11550	3544.148033860268	31.386269533656
1	11569	3549.542199420291	31.042372890516
1	11606	3558.957592629026	17.824348054011
1	11614	3561.219259714023	14.908250211738
1	11631	3565.399896121015	29.685737137333
1	11638	3567.627881451058	10.188059926965
1	11648	3569.752260443999	39.405994367085
1	11672	3577.148908586371	8.723985546385
1	11689	3581.272533488472	18.68723319983
1	11706	3586.365309637634	34.790713103836
1	11712	3588.276559135425	3.485878025182
1	11727	3593.015598799814	2.689427376725
1	11756	3603.323800646482	29.851938933601
1	11769	3607.308257634764	11.441715977154
1	11784	3612.490338774528	33.03874447511
1	11787	3613.445681488038	6.21574606502
1	11832	3628.125551596414	26.354900395615
1	11847	3631.776705293347	8.692077563029
1	11852	3632.911010469672	20.487547715544
1	11876	3639.951154460444	22.404435080476
1	11886	3643.593396209309	9.435639324482
1	11923	3655.95679703845	27.541423497023
1	11941	3660.836705419015	15.484509984731
1	11955	3664.201757876445	24.399790658381
1	11969	3668.544223715913	11.19962096063
1	12015	3682.149958875508	8.682004819158
1	12017	3682.151865503064	30.805717202369
1	12026	3684.936954941265	16.916101655342
1	12031	3687.613968569099	24.791048158426
1	12033	3687.861271698623	3.355412780657
1	12075	3704.450057115534	25.089305122964
1	12102	3711.155715895597	10.116879468318
1	12127	3716.982070554757	26.813169809522
1	12137	3718.777483200202	12.482814480318
1	12156	3724.699117116526	28.81895706139
1	12159	3724.973700326182	13.220631332835
1	12193	3736.700923689304	19.568864646716
1	12196	3737.436550480211	8.882944875281
1	12213	3743.193189387921	20.580773321678
1	12220	3744.709024814552	5.916156189864
1	12254	3757.760675043813	1.926338759018
1	12257	3758.378862948637	24.631416805788
1	12287	3769.363346048646	24.785948799924
1	12332	3781.626612203795	31.102027241726
1	12346	3785.152728851317	12.715755122132
1	12357	3788.799134079962	21.525446141254
1	12365	3790.229860171342	28.61349486292
1	12376	3793.777483769008	4.694310000632
1	12388	3797.40696061695	2.350223131361
1	12393	3799.161686107067	16.044534909308
1	12403	3802.651611870401	24.553327164379
1	12428	3814.234760324601	3.174676947878
1	12457	3822.785495204399	6.356484058313
1	12459	3823.100618107607	17.238998405984
1	12467	3826.431604266064	4.876681057387
1	12469	3826.772069256301	25.911734177265
1	12487	3837.000937519609	4.415859397734
1	12502	3842.833761748755	15.601032964769
1	12544	3858.027785799364	9.969392229454
1	12561	3862.397887412239	19.364799858769
1	12578	3867.081748080921	13.364928778728
1	12588	3869.863088827359	32.116286350179
1	12612	3876.926108467522	7.31816880952
1	12649	3887.389500445001	28.396861306624
1	12653	3887.951718419456	12.552484770889
1	12671	3894.632471909993	30.184034303762
1	12703	3903.710141545874	17.744373267284
1	12708	3905.539370030759	8.860470988438
1	12717	3907.573209814741	16.153485282092
1	12731	3912.10309229513	31.330164255573
1	12781	3927.348431509235	19.006897246234
1	12785	3928.924602632077	26.478512625562
1	12827	3939.667956330128	9.322208941914
1	12844	3944.523188948993	3.084719136241
1	12849	3945.838161675971	31.935912182555
1	12858	3948.990026559697	23.93293898553
1	12863	3950.516613583555	31.252431115132
1	12907	3963.558541631686	11.872426480868
1	12917	3966.778905294033	9.15355742455
1	12922	3968.316218667327	21.766920075636
1	12940	3974.961269326875	38.929203332756
1	12946	3977.203476586391	8.647842887789
1	12949	3977.885055710923	4.231306323665
1	12967	3985.150828931842	5.8901590124
1	12985	3993.717270327984	30.180333789445
1	13014	4003.29065390759	18.892211789149
1	13037	4011.086594237609	4.595636765123
1	13045	4012.13185458713	10.867877862066
1	13048	4012.498170470366	22.418895030627
1	13061	4018.299833493088	6.38746885676
1	13066	4019.957080879495	24.229794508778
1	13068	4021.360906375469	3.466796148918
1	13075	4027.868107630651	4.278330846922
1	13101	4041.514316489119	12.682269031532
1	13119	4048.646874649814	13.890126084794
1	13168	4062.743549494784	11.636785594746
1	13174	4064.725404042647	8.587393591064
1	13181	4066.957861937246	21.038015482365
1	13192	4071.153020192184	30.985038596672
1	13236	4084.946889503524	12.695356828279
1	13243	4087.248961761374	26.066731942818
1	13253	4089.456374278888	22.699802523597
1	13309	4105.331658402704	27.630162744784
1	13340	4112.220582874273	29.356129510563
1	13342	4112.702694393938	23.844821437028
1	13355	4116.361452991156	21.766558403616
1	13365	4119.793848565211	3.46635683917
1	13380	4123.288073285498	17.91702199355
1	13422	4135.633509874941	13.979252124323
1	13444	4141.427373284837	41.224520371646
1	13466	4147.284396918854	9.371087917476
1	13468	4148.105427224668	37.258086001268
1	13471	4148.949278911937	21.731832885298
1	13489	4156.503583626486	24.020410079159
1	13532	4169.479530353347	19.879013271537
1	13545	4173.634798263679	29.826144923921
1	13568	4178.977157488713	7.223754130304
1	13595	4187.317845455037	32.628365268582
1	13607	4190.520151257878	24.600330009706
1	13618	4193.556631704111	33.063108279139
1	13628	4195.363670157632	1.594490903546
1	13630	4195.745567228543	7.455011616112
1	13649	4203.626899297945	26.780287944362
1	13660	4206.869492297309	24.07286809967
1	13685	4215.724406033071	5.206418559654
1	13695	4218.908217971926	19.185485640541
1	13733	4231.217297135984	25.829560934916
1	13739	4232.956912347013	16.788110811146
1	13754	4237.380372144181	15.216127069784
1	13762	4239.566196142827	6.593666082597
1	13781	4247.550420733067	19.846390671446
1	13790	4251.032678196687	12.487649620976
1	13792	4251.54779437861	7.709106577327
1	13838	4269.483504191288	20.330023567657
1	13858	4275.022000039128	4.467976101558
1	13884	4281.792930288604	27.520981743815
1	13903	4286.765019795874	26.555845319761
1	13907	4287.718109415278	11.629281496979
1	13925	4295.754086789339	30.353287780539
1	13964	4307.109401925132	4.207334762322
1	13977	4310.224428200759	12.996047035906
1	13980	4310.64873876459	2.226280786213
1	13985	4312.519278005246	31.404654622543
1	14001	4317.805781307182	26.071121296382
1	14003	4318.410791628892	32.071568929007
1	14025	4327.126576240073	13.350735000684
1	14030	4329.03367167899	10.032922601327
1	14041	4334.247855099282	9.895314703579
1	14074	4346.746445758632	11.969926164136
1	14108	4357.504162761164	5.750261988025
1	14124	4361.585943023688	31.915314066456
1	14155	4369.974489527885	29.616445955703
1	14174	4375.559782905518	29.519607618916
1	14208	4385.095030704642	11.207235963199
1	14234	4393.233605953761	30.352931315893
1	14236	4393.326374154204	35.689897203703
1	14270	4401.69656389988	11.411864475929
1	14297	4410.335957808783	41.990479109227
1	14302	4411.538071694217	32.369286299568
1	14306	4412.702490531853	17.049020138802
1	14330	4418.456659623438	33.528799015798
1	14349	4424.018483280917	16.860546380981
1	14355	4425.769409031625	24.153571715583
1	14357	4425.947968953768	7.702421668219
1	14373	4434.081888454047	21.123564474284
1	14383	4437.518719383993	13.902460817713
1	14437	4454.862428759703	7.876684641932
1	14439	4455.153260123228	25.670612024142
1	14444	4457.15393318889	16.058256119024
1	14462	4462.363465511484	26.951075823511
1	14470	4464.318019160315	11.49976491998
1	14508	4477.670673778176	8.393806078587
1	14542	4487.379233538069	13.077051385189
1	14557	4491.833542413436	33.874186272846
1	14560	4492.113634306718	28.811230092078
1	14573	4497.713761305102	18.205996765408
1	14613	4508.620708196785	12.406406520749
1	14616	4509.328183022804	18.813590112839
1	14632	4515.706956691823	30.662737489681
1	14658	4523.983243739709	5.212441000388
1	14678	4528.886385662494	26.752852544888
1	14692	4531.923637378856	2.584416377241
1	14726	4540.753575141675	33.111712478456
1	14733	4542.984744286759	18.924399904325
1	14737	4543.494455197488	30.187068376806
1	14764	4552.69774205996	12.321281055808
1	14781	4557.670945999924	5.448849752546
1	14806	4565.852178728801	30.997181021724
1	14812	4567.710177475483	21.422631180497
1	14868	4583.11530241546	25.879798052483
1	14870	4583.518890684483	21.245183166815
1	14878	4584.81769278705	11.394407237065
1	14881	4585.679608725024	17.627719467273
1	14887	4588.789636274696	4.640480396454
1	14907	4595.469944021328	6.265966725885
1	14928	4604.398153320199	25.487236755433
1	14951	4612.427396203754	17.633225724917
1	14955	4613.396004256339	6.931473332224
1	14972	4620.011781053279	19.281149756511
1	14992	4627.875184549614	10.332915777457
1	15029	4639.163655123104	15.934691432979
1	15059	4646.673019162276	35.007176041487
1	15065	4648.885953404721	14.468897472368
1	15093	4657.69723938698	17.959627226112
1	15111	4662.911487530467	34.075389851818
1	15123	4665.826635943276	15.623295410771
1	15144	4670.522241793005	8.961273068912
1	15169	4677.497755653587	5.214612515061
1	15198	4685.222799355759	29.485934256924
1	15207	4687.728532284282	42.968454246412
1	15217	4690.344377683954	23.271139561198
1	15280	4708.057752728479	24.360147794247
1	15289	4710.431963477417	9.488939994135
1	15294	4711.326424944696	33.133851501395
1	15319	4717.426459319205	27.900486042026
1	15351	4726.995536104557	31.825440709713
1	15364	4729.579529956814	23.297811685016
1	15380	4734.862878156838	23.491406444226
1	15393	4738.384684529402	15.448081058217
1	15438	4750.837836514819	33.523870053115
1	15445	4753.245796540649	24.441414857399
1	15447	4753.407590054922	13.943866228918
1	15449	4754.361979135674	20.078677914453
1	15483	4765.181559139875	15.321417049968
1	15491	4766.186063616085	5.536285087
1	15500	4769.353006508211	24.57606486021
1	15512	4773.740612860784	2.208280646708
1	15525	4778.316909605303	12.33297174878
1	15541	4785.01716092591	29.560620242145
1	15545	4787.178893452756	10.603464989921
1	15609	4807.928050787435	20.671911109005
1	15620	4809.860059348765	17.213452086668
1	15623	4810.327962899129	28.312412500148
1	15627	4811.560288754773	13.35923222988
1	15638	4816.865493800854	3.141916468623
1	15678	4831.855487399982	7.299234896666
1	15681	4832.415666783591	29.035863261785
1	15728	4846.066607121393	15.719797043131
1	15739	4848.411134014385	29.527640139218
1	15760	4855.032913439455	8.553030063631
1	15772	4858.05075514772	49.634257643833
1	15777	4859.569378591971	8.056524812593
1	15780	4859.761840366656	24.265151480097
1	15816	4871.108380903386	9.193772139609
1	15852	4881.336023819529	24.486454721656
1	15860	4883.762812246002	42.434393441423
1	15874	4887.241727500236	2.441958617419
1	15881	4889.433772085714	15.69297786546
1	15902	4896.567658446044	6.581566958921
1	15921	4902.436824401154	34.525056913494
1	15926	4904.190607786425	2.699763472425
1	15942	4910.145996865132	3.564878115198
1	15946	4912.051909371525	16.112839879701
1	15954	4913.976965502387	34.406105311591
1	15994	4931.572550590978	13.746051565162
1	16022	4940.51391718468	28.0573948964
1	16054	4947.301774060832	18.104300622129
1	16062	4949.610860857196	14.498487254606
1	16082	4955.877969046137	32.112799025141
1	16106	4962.214740608833	15.669091504534
1	16116	4964.142427912111	6.521188414772
1	16121	4966.828145127875	26.040258200259
1	16143	4974.280043464981	21.800361790577
1	16150	4975.991176291149	7.014952853555
1	16195	4992.335692512466	18.0070244706
1	16197	4992.348880637684	6.307425747161
1	16202	4994.550358811521	30.931295482091
1	16229	5004.118668283698	23.875974420342
1	16247	5008.746974135991	16.904695317378
1	16249	5009.556739016915	11.920739308931
1	16280	5020.318536715479	6.521136391559
1	16321	5032.043089492726	29.12065381161
1	16323	5032.223820864585	23.784457720932
1	16366	5046.450588586989	27.211116633614
1	16409	5056.600891407826	31.473046547734
1	16429	5061.571521152987	20.471690641715
1	16439	5064.370692151264	34.148992391887
1	16444	5065.05636897603	29.235951229581
1	16448	5065.737173059039	8.368122031681
1	16453	5067.442599851418	20.873478013789
1	16475	5074.126885289806	6.401141728275
1	16480	5074.976857299348	12.599177134573
1	16500	5082.714018879587	30.594132001627
1	16508	5084.830346720538	6.277784788049
1	16520	5090.094355206832	6.285887116216
1	16538	5096.78518679262	23.988959981943
1	16569	5107.196386450682	12.448958435096
1	16578	5111.003220796716	4.610182497302
1	16602	5118.377500311017	28.963160813319
1	16606	5119.28814189638	1.916384409764
1	16611	5121.950378057329	10.30012062681
1	16617	5123.248679227791	22.575465328642
1	16643	5136.596596170463	1.956590222427
1	16665	5145.478575694154	22.56186662847
1	16675	5148.214375570198	8.141012551496
1	16686	5152.376756465891	6.65458135202
1	16715	5163.340085492482	34.432008285074
1	16726	5168.068781820258	4.797389648972
1	16749	5174.626533358605	23.259826316731
1	16753	5175.414466370028	7.099838448339
1	16758	5177.716072898024	20.364910281846
1	16779	5186.311115864795	6.977020606747
1	16799	5194.921971728691	9.859760153922
1	16826	5202.716596436816	29.131334014817
1	16865	5214.065861127938	11.602746094927
1	16875	5217.626756912929	21.067175549107
1	16883	5218.737015843874	27.742665637519
1	16903	5225.579365337166	17.847829307778
1	16946	5237.213490051931	18.759252855321
1	16948	5237.946371736721	24.531150002733
1	16967	5244.236987020021	2.515793580445
1	16973	5246.051182489274	21.831311001557
1	17001	5254.995194672043	19.013853738902
1	17003	5255.355177888311	25.268822912008
1	17023	5263.065261308935	4.389570423053
1	17025	5263.867988649189	10.88272466592
1	17053	5273.014555466726	3.408319500624
1	17056	5274.854720693563	10.757847259287
1	17058	5275.066198909204	27.892549111972
1	17082	5285.550770537594	4.384839171427
1	17125	5301.398940138534	3.542582750786
1	17127	5301.681464991087	26.407137608626
1	17141	5305.941057613834	19.072206497658
1	17154	5309.166456735825	16.731460159528
1	17156	5310.689408439109	2.649096129578
1	17182	5321.387576096706	2.445697852876
1	17215	5333.254857979963	20.113625513856
1	17219	5334.872550812099	31.866563315736
1	17242	5341.879864324366	12.221751334379
1	17256	5346.400563978254	22.311865582478
1	17268	5351.143249439558	10.466096524849
1	17289	5357.081209538753	22.009419150418
1	17299	5361.353010044448	9.890655628638
1	17305	5362.572947779336	16.252309852163
1	17310	5364.91082464905	8.202450622105
1	17355	5383.294384333437	9.574159442331
1	17365	5385.618273633664	17.811084936955
1	17399	5396.412914919448	34.462656414368
1	17416	5401.748336572447	22.091953931375
1	17438	5407.876175354019	17.036712889328
1	17452	5410.91524361809	3.01245288027
1	17456	5412.037782573854	15.823676610597
1	17476	5419.031096641458	33.648775050186
1	17487	5421.928170960411	19.962941561824
1	17545	5439.487942692142	20.323727325304
1	17549	5441.21000454297	27.422159438487
1	17551	5441.657661220076	16.545937042684
1	17583	5451.674015616666	20.893893883215
1	17601	5455.85944122613	19.366489182224
1	17637	5465.193102728243	17.30642271915
1	17652	5469.303050625153	27.209011107216
1	17661	5472.545507946767	19.437692560256
1	17669	5474.556609698937	15.841314140824
1	17688	5480.977208895159	11.887183056912
1	17692	5481.437985076005	17.440343943776
1	17698	5485.232312969529	10.939025551197
1	17709	5489.151836404825	3.807596324478
1	17728	5497.421909820769	6.434720616555
1	17758	5510.537395691631	31.103720711661
1	17776	5519.890487188954	18.040841899812
1	17780	5524.485403783284	27.652519934926

