version 3
run General-12-20240428-16:41:48-11297
attr configname General
attr datetime 20240428-16:41:48
attr datetimef 20240428-164148
attr experiment General
attr inifile omnetpp.ini
attr iterationvars $0=false
attr iterationvarsd false
attr iterationvarsf false-
attr measurement $0=false
attr network Supermarket
attr processid 11297
attr repetition 2
attr replication #2
attr resultdir results
attr runnumber 12
attr seedset 2
config network Supermarket
config repeat 10
config seed-set 2
config num-rngs 10
config **.use_random_strategy false

vector 0 Supermarket queueSizeOverTime:vector ETV
attr recordingmode vector
attr source updateQueue
attr title queueSizeOverTime
vector 1 Supermarket customerWaitingTime:vector ETV
attr interpolationmode none
attr recordingmode vector
attr source customerFinished
attr title "cust waiting time"
0	7	5.588130795164	1
0	13	11.542543068994	1
0	23	17.182898601517	1
0	38	22.455215001479	1
0	58	28.030704987003	2
0	60	28.742575801327	0
0	72	32.553844323265	1
0	77	33.491744385101	1
0	94	38.211840347969	0
0	100	38.820950797759	1
0	108	41.351071294165	0
0	118	44.116285811644	1
0	139	50.084162635263	2
0	144	51.282099284931	0
0	147	51.926467015407	1
0	150	52.595708227601	0
0	158	55.4639681892	1
0	171	60.511900529032	1
0	173	61.021828539086	0
0	190	66.119667604798	1
0	198	69.115497926483	0
0	202	69.920370104488	0
0	209	72.109464548295	1
0	224	77.624556785449	1
0	243	83.150181129692	0
0	248	83.603980387793	1
0	252	84.501038919669	0
0	260	87.259447849239	0
0	266	89.069192722905	1
0	280	94.490209583425	1
0	287	96.596358757816	0
0	298	99.763612312497	1
0	317	105.26984546706	2
0	332	109.8983122271	1
0	337	110.500599596183	2
0	341	111.811092984512	0
0	346	113.321593436645	0
0	351	115.305700657422	1
0	356	116.237070626811	1
0	363	119.66241454694	0
0	370	121.614899624371	1
0	385	126.838018576846	1
0	402	132.255444102686	2
0	403	132.283292518926	1
0	422	138.213765233986	2
0	424	139.030252024994	0
0	429	141.184382515728	0
0	438	143.41735643544	1
0	453	148.959283125119	1
0	473	154.035027934702	2
0	475	154.654597726651	1
0	494	159.361426660556	2
0	511	164.665682940276	2
0	512	164.798539329549	1
0	533	170.505833154775	2
0	538	172.054859586062	1
0	549	174.838401215149	1
0	551	174.894540532722	1
0	553	175.317568594126	0
0	558	175.768789211519	1
0	560	176.357029126605	0
0	567	178.537074224789	0
0	575	181.074173644649	1
0	589	186.552756469229	1
0	608	192.28379078279	2
0	624	197.284329241721	0
0	628	197.773455580228	1
0	633	199.40455251769	1
0	643	201.975717690653	0
0	650	203.074206574817	1
0	656	204.810162634937	0
0	669	209.066990734075	1
0	689	214.892052427164	2
0	710	219.935340474589	2
0	717	222.274861858458	0
0	727	225.669836545127	1
0	730	226.027688752509	1
0	738	228.467433284385	0
0	749	231.488585019714	1
0	755	232.914012093211	1
0	757	233.097321026492	0
0	759	234.079222921861	0
0	768	237.150466756427	1
0	776	240.777338736455	0
0	784	242.983665745936	1
0	800	248.437771410213	1
0	811	251.241080416713	0
0	814	252.427310624505	0
0	820	253.813566949216	1
0	836	259.474560771833	1
0	854	264.493807313495	2
0	861	266.576653161664	0
0	868	268.19236480421	0
0	876	269.899109630842	1
0	882	272.086348666691	0
0	890	275.798520341978	1
0	895	277.37996760907	1
0	909	281.365531798216	1
0	919	284.81617075647	0
0	929	287.131491300181	1
0	934	289.085675535952	0
0	945	292.15942795132	1
0	952	293.966875986775	0
0	956	295.623174511009	0
0	965	298.011011380234	1
0	982	303.993440902324	1
0	996	308.710752176351	0
0	1002	309.272923932641	1
0	1014	313.698966030842	0
0	1019	314.653762992236	1
0	1039	320.294020778264	2
0	1053	325.117693180449	0
0	1058	325.59014620492	1
0	1059	325.654357804681	1
0	1066	327.274698930559	0
0	1079	330.809101810676	1
0	1100	336.423731210872	2
0	1104	337.476652665178	0
0	1118	342.25933719659	1
0	1140	347.977788332382	2
0	1142	348.643579925058	1
0	1144	348.689501752959	1
0	1157	352.992424567461	2
0	1178	358.471483248983	2
0	1197	363.61376443901	2
0	1198	363.749686690163	1
0	1218	369.523125478531	2
0	1219	369.748763846231	0
0	1225	371.820209017372	1
0	1230	372.919717486945	1
0	1240	375.31123755779	1
0	1251	378.976185180245	0
0	1260	380.625219207023	1
0	1279	385.693793448153	2
0	1288	388.339955761212	0
0	1293	389.687256384289	1
0	1301	391.532632377696	1
0	1309	393.915521995859	1
0	1321	397.155909951542	0
0	1326	397.499995881458	1
0	1338	401.408430204726	0
0	1348	402.929235095856	1
0	1365	408.305210412479	2
0	1369	409.520683266104	0
0	1379	412.082965369102	0
0	1385	413.580973800504	1
0	1388	414.857358198029	0
0	1393	417.209607727123	1
0	1399	418.649403374874	1
0	1415	423.777912109158	1
0	1436	428.839690153719	2
0	1458	434.240695696556	2
0	1478	440.129774864995	2
0	1488	442.943174912477	1
0	1497	445.652377663992	1
0	1502	445.892675849375	2
0	1507	447.189307464748	0
0	1515	450.023355028359	1
0	1519	451.71013300505	0
0	1523	451.880895632551	1
0	1528	454.118658650432	0
0	1540	457.834453714778	1
0	1545	459.821692093853	1
0	1556	463.031896714353	1
0	1566	466.236203390868	0
0	1575	468.128740889252	1
0	1592	473.188712692586	2
0	1613	478.824404619866	2
0	1624	481.835681458701	0
0	1628	483.371877950034	0
0	1634	484.27982016839	1
0	1641	487.040611943345	1
0	1649	489.317622737725	0
0	1654	490.086922416463	1
0	1655	490.484099499415	0
0	1661	493.420037369126	1
0	1668	495.248212789651	1
0	1684	501.10016753152	1
0	1705	506.389276565518	2
0	1717	509.84082718845	1
0	1722	511.428865073365	0
0	1726	511.533258926822	1
0	1729	512.442017851862	0
0	1736	514.663870753719	0
0	1744	516.71172442683	1
0	1754	521.355879879668	0
0	1759	522.52510547894	1
0	1776	528.06735476409	1
0	1798	534.043872735462	2
0	1799	534.121380193042	0
0	1817	539.601549553684	1
0	1825	541.548241070823	1
0	1828	542.38163101801	0
0	1831	543.31733855151	0
0	1838	544.991060547064	1
0	1853	550.226246488512	1
0	1870	555.263085516867	2
0	1882	558.501175249926	0
0	1891	561.042022179113	1
0	1892	561.095120906599	1
0	1906	565.481671165793	0
0	1913	566.154213661793	1
0	1915	566.634287442662	0
0	1917	566.839932758711	0
0	1925	571.609489956752	0
0	1929	571.733185595366	1
0	1939	576.830401438986	1
0	1957	582.59856955544	1
0	1965	584.885014770785	0
0	1978	587.848718147025	1
0	1996	593.189652264815	2
0	2019	598.985632038208	2
0	2021	600.129242025082	1
0	2040	604.375754084669	2
0	2046	605.855131386312	0
0	2049	607.099123314837	1
0	2062	610.183841915334	1
0	2081	615.319990470771	0
0	2085	615.365179906598	1
0	2096	618.383940132333	1
0	2106	620.405833146534	2
0	2116	623.504956293733	0
0	2120	623.985877215628	1
0	2128	625.961585390148	1
0	2134	627.314571827531	0
0	2148	631.486789427697	1
0	2150	632.003042201278	0
0	2153	632.792916396399	0
0	2164	636.677671228069	1
0	2165	636.922872808295	0
0	2178	642.356269305571	1
0	2190	647.411397839895	1
0	2213	653.403586534316	2
0	2217	654.613000370912	0
0	2232	659.384273010304	1
0	2244	662.735004694201	0
0	2255	664.717084547736	1
0	2267	668.35287579987	1
0	2274	669.727490175514	2
0	2286	672.73665010452	0
0	2292	674.671229719298	0
0	2297	675.183036562752	1
0	2313	680.54037381918	1
0	2330	686.34907896898	0
0	2334	686.382737897568	1
0	2345	689.228191152564	0
0	2357	692.14208845049	1
0	2359	693.180096300664	1
0	2368	695.483473810596	0
0	2377	697.861436705802	1
0	2385	700.398292321826	0
0	2391	702.471610063687	0
0	2397	703.617955455555	1
0	2405	706.614539159344	0
0	2413	709.011104014701	1
0	2428	714.357784790684	1
0	2450	719.52315178234	2
0	2458	721.581177085869	0
0	2467	724.560609622856	1
0	2471	725.34437016351	1
0	2482	729.329752193996	0
0	2489	731.075744826345	1
0	2508	736.088317357701	2
0	2526	741.602089336606	2
0	2543	747.012969039379	2
0	2545	747.277576046178	1
0	2549	747.853941049425	1
0	2561	751.740988102156	0
0	2566	752.454964783041	1
0	2567	752.677121054728	1
0	2582	756.267845793859	0
0	2589	757.598092467755	1
0	2610	762.956625148186	2
0	2620	765.730173685237	0
0	2628	768.229841909369	1
0	2631	768.800911817347	1
0	2633	768.96108846017	0
0	2649	774.055711947612	1
0	2663	778.745950549022	0
0	2666	779.331888617131	0
0	2671	779.940715802133	1
0	2686	785.811097409807	1
0	2705	790.993661169659	2
0	2706	791.078470330451	0
0	2719	796.043703723928	1
0	2725	796.871000874553	1
0	2728	798.15307103074	0
0	2743	802.196974795543	1
0	2744	802.642290962623	0
0	2761	807.680813179816	1
0	2781	813.247645969036	2
0	2782	813.502446385449	0
0	2786	814.511869910403	0
0	2788	814.912892625198	0
0	2794	818.312109823338	1
0	2804	823.605220408644	1
0	2808	825.099188974825	1
0	2822	829.41474370798	1
0	2832	832.665492711588	0
0	2841	835.169481452554	1
0	2851	837.554733843308	0
0	2857	839.947526789503	0
0	2862	840.806156496284	1
0	2875	846.095149040687	1
0	2879	847.251982371903	0
0	2892	851.474479610565	1
0	2901	853.605208623922	0
0	2913	857.33927628002	1
0	2915	858.110940211684	0
0	2927	862.570875638977	0
0	2932	863.181830062297	1
0	2944	867.591188852443	0
0	2949	868.714937057345	1
0	2969	874.597071397583	1
0	2988	879.985759119502	2
0	3004	884.692454459379	0
0	3008	885.630648989462	1
0	3011	885.857817196751	0
0	3021	890.699665754334	0
0	3024	890.997907915616	1
0	3028	891.604639394673	1
0	3046	897.322507043368	1
0	3052	898.960239171981	0
0	3065	903.151239353929	1
0	3066	903.173038472534	0
0	3079	907.387899136169	0
0	3085	908.824627802473	1
0	3103	914.419333021155	1
0	3123	920.327057974179	2
0	3134	923.598244108957	0
0	3140	925.420638058333	0
0	3144	925.620997060788	1
0	3162	931.426303412997	1
0	3177	936.453485368634	1
0	3181	936.478718615136	2
0	3200	941.552123069064	2
0	3205	942.905498880543	1
0	3219	946.987881870474	2
0	3222	947.398177185329	0
0	3237	952.471407357137	1
0	3246	955.137504247365	0
0	3248	955.416455953381	0
0	3257	958.143412276636	1
0	3261	960.316994269495	1
0	3272	963.453066593501	1
0	3274	963.972214752459	0
0	3281	966.730205283151	0
0	3288	968.555018821265	1
0	3304	974.411252443212	1
0	3312	977.223185920854	1
0	3314	977.612974266869	0
0	3316	978.030920491903	0
0	3321	979.706386976525	0
0	3325	979.986530384048	1
0	3338	985.669652490643	1
0	3346	988.846559338738	0
0	3353	991.203759395284	1
0	3360	994.266624471869	0
0	3368	996.262682551983	1
0	3379	1001.287290777894	0
0	3383	1001.463725991779	1
0	3401	1006.906036027939	1
0	3417	1012.293346184538	0
0	3421	1012.579782286658	1
0	3433	1016.306530431379	0
0	3440	1018.07544657681	1
0	3452	1021.628020678646	0
0	3457	1022.705000055953	0
0	3462	1023.849864875664	1
0	3470	1026.952886601327	0
0	3478	1029.20696796663	1
0	3495	1034.483350235968	1
0	3504	1036.78901000123	0
0	3518	1040.423639151034	1
0	3526	1043.522013805805	0
0	3530	1044.430465015231	0
0	3535	1045.671346075366	1
0	3551	1050.960432796272	1
0	3558	1053.323227102517	0
0	3561	1053.690404726658	0
0	3567	1056.307962932157	1
0	3583	1062.179173571522	1
0	3584	1062.33923117665	0
0	3592	1064.86246974312	0
0	3600	1067.744285913649	1
0	3604	1069.035438446327	0
0	3615	1073.155776210128	1
0	3624	1076.778374974149	0
0	3630	1078.57381907408	1
0	3637	1081.13311180449	0
0	3645	1083.850858568213	1
0	3650	1086.222408658359	0
0	3654	1087.812863622674	0
0	3660	1089.797253149328	1
0	3673	1095.419171969638	1
0	3680	1098.030324158839	0
0	3688	1101.13853663206	1
0	3692	1102.715089614035	0
0	3703	1107.019265095935	1
0	3717	1112.117524530505	1
0	3737	1117.141435161232	2
0	3744	1120.068509315603	1
0	3756	1122.453713732771	2
0	3768	1126.107031900784	0
0	3774	1127.604752250946	1
0	3775	1127.759362090958	1
0	3785	1130.120403404695	0
0	3787	1130.365234950206	0
0	3795	1132.818972352425	1
0	3806	1137.852869341382	0
0	3811	1138.485261350636	1
0	3812	1138.667918851016	0
0	3822	1143.524493326197	0
0	3827	1144.15032577887	1
0	3837	1149.298041892236	1
0	3851	1154.813401399877	1
0	3858	1157.199038674938	0
0	3866	1159.452235592179	0
0	3870	1160.300206224665	1
0	3888	1165.670884432735	1
0	3904	1170.165579750085	0
0	3906	1170.707033391922	0
0	3911	1171.26841245475	1
0	3917	1173.375267818569	0
0	3927	1176.60921729286	1
0	3935	1180.362301135783	0
0	3941	1181.812119390581	1
0	3958	1187.688604671506	1
0	3965	1189.941444393012	0
0	3978	1193.427626943214	1
0	3980	1194.080977846285	0
0	3982	1194.608793827584	0
0	3994	1199.32918690075	1
0	4010	1204.845878022954	1
0	4011	1204.950021978814	0
0	4013	1205.111715971839	0
0	4025	1210.185996558515	1
0	4032	1213.723969071985	0
0	4040	1215.606302794067	1
0	4055	1221.463595981475	1
0	4067	1225.229202833724	0
0	4072	1226.510046692679	0
0	4076	1226.527544011826	1
0	4092	1231.987032241885	1
0	4095	1233.159852508918	0
0	4109	1237.247710155322	1
0	4113	1238.532064764176	0
0	4117	1239.659528654184	0
0	4126	1243.034315124851	1
0	4128	1244.128119591972	0
0	4141	1248.236071798716	1
0	4157	1254.185277716721	1
0	4174	1258.769370790336	0
0	4176	1259.192896474735	0
0	4183	1260.183425459544	1
0	4200	1266.072544228284	1
0	4209	1268.882751854485	0
0	4216	1271.094277449998	0
0	4221	1271.833475711288	1
0	4239	1277.234207288593	1
0	4260	1282.402790300546	2
0	4277	1287.608830284325	2
0	4279	1287.834217255119	1
0	4288	1290.128015349734	1
0	4299	1292.877979151669	2
0	4312	1295.360863813431	0
0	4316	1296.786691202198	0
0	4324	1298.620165880301	1
0	4335	1303.563001964237	0
0	4339	1304.048479354705	1
0	4354	1309.181271520792	0
0	4358	1309.772369827141	1
0	4359	1309.822946977567	0
0	4370	1315.151746619725	1
0	4374	1315.478834829523	1
0	4389	1321.237414932108	1
0	4402	1324.750266750808	0
0	4411	1327.151471807851	1
0	4422	1330.749463961806	0
0	4429	1332.251999508586	1
0	4433	1333.743175752109	0
0	4441	1336.369401699161	0
0	4448	1337.603169950187	1
0	4451	1339.037887277195	0
0	4462	1343.117288419973	1
0	4476	1348.185878358778	1
0	4478	1348.7248250402	0
0	4491	1353.196168943771	1
0	4498	1356.095155521757	0
0	4509	1358.936786405274	1
0	4522	1363.335685379916	0
0	4527	1364.114340621743	1
0	4549	1369.829587196231	2
0	4562	1374.77169261535	0
0	4566	1375.363374324281	1
0	4575	1377.527166975426	1
0	4581	1379.164102368171	0
0	4591	1381.075467334826	1
0	4602	1385.087729995602	0
0	4605	1385.884222975697	0
0	4610	1386.775765441124	1
0	4622	1392.25355914328	0
0	4627	1392.555091014829	1
0	4636	1396.836454347008	0
0	4642	1397.67861343338	1
0	4651	1401.414585637393	0
0	4657	1403.361410924698	1
0	4673	1409.260560540481	1
0	4679	1410.829477924036	0
0	4681	1411.037576566216	0
0	4691	1415.064497622893	1
0	4697	1418.506959663119	0
0	4706	1421.041549243963	1
0	4711	1422.829500694642	0
0	4714	1423.477060142204	0
0	4720	1426.449873834847	1
0	4732	1432.178003804757	1
0	4747	1438.171838347566	1
0	4763	1443.692922169341	0
0	4768	1443.855508527019	1
0	4777	1447.256106438695	0
0	4781	1448.320046119041	0
0	4786	1449.010792113374	1
0	4801	1454.30654265196	1
0	4802	1454.494225135188	0
0	4819	1460.001895740511	0
0	4823	1460.161038156598	1
0	4824	1460.260062092331	0
0	4832	1464.23345525132	0
0	4837	1466.139586172997	1
0	4850	1471.322888422058	1
0	4859	1475.085813212675	0
0	4866	1477.07760717417	1
0	4884	1482.458531056995	1
0	4908	1488.26521311025	2
0	4916	1490.649536463897	0
0	4921	1492.743440682183	0
0	4928	1493.880714621394	1
0	4941	1498.91961192293	1
0	4950	1501.527910683304	0
0	4958	1504.134217794169	1
0	4962	1504.618383574997	1
0	4984	1509.970374149968	2
0	5003	1515.814820219529	2
0	5024	1520.938782005803	2
0	5025	1521.806483138	0
0	5038	1526.340537294278	1
0	5043	1526.874676308594	1
0	5053	1529.62163490185	1
0	5056	1530.448832878378	1
0	5065	1532.598710422636	2
0	5084	1538.118553544161	2
0	5094	1540.95471932192	0
0	5105	1543.631106889806	1
0	5124	1548.88987476821	2
0	5129	1550.973095982568	0
0	5133	1551.229814509628	1
0	5142	1553.915968345245	1
0	5149	1555.813908958454	1
0	5157	1558.538113518036	1
0	5163	1559.183221002807	2
0	5167	1560.231616270379	0
0	5182	1564.356593926436	1
0	5184	1565.122492132126	0
0	5200	1570.35327431932	1
0	5217	1575.395792491035	2
0	5223	1576.950670540448	1
0	5226	1577.685256079301	1
0	5229	1578.025356162919	0
0	5238	1580.598172990139	1
0	5257	1585.857218428281	2
0	5263	1587.407695266766	1
0	5266	1587.920731556251	0
0	5279	1591.27869110694	1
0	5284	1592.519848939847	0
0	5292	1595.856203086903	0
0	5298	1596.791543188736	1
0	5312	1602.080298596991	1
0	5327	1606.717399229412	0
0	5332	1607.179148980647	1
0	5353	1613.134142894296	2
0	5368	1617.017961796839	1
0	5377	1618.962690638609	2
0	5385	1621.158454431104	0
0	5396	1624.207081029655	1
0	5412	1629.2374103046	2
0	5416	1630.213800058116	0
0	5425	1633.109407343433	0
0	5427	1633.704334762762	1
0	5432	1634.971249978056	1
0	5449	1640.849698729345	1
0	5453	1642.008458257069	0
0	5468	1645.908142824888	1
0	5474	1647.81499977177	0
0	5476	1648.156784820834	0
0	5484	1651.847523599631	1
0	5488	1651.869003832804	1
0	5502	1656.893210547509	1
0	5524	1662.258446158141	2
0	5531	1664.55727577582	0
0	5545	1667.759342465315	1
0	5550	1669.426186251335	1
0	5568	1672.952546538318	2
0	5569	1673.424234373846	0
0	5579	1676.943043768054	0
0	5584	1678.354545492677	1
0	5598	1683.415297556667	1
0	5599	1684.116176780429	0
0	5612	1688.512034236685	1
0	5617	1690.067227770109	1
0	5634	1693.98507518391	2
0	5646	1697.90801075264	0
0	5649	1698.587464171345	0
0	5655	1699.957387852947	1
0	5671	1705.822212068363	1
0	5675	1707.682484279153	1
0	5691	1711.766434993594	2
0	5710	1716.864471643697	2
0	5718	1718.82097241655	0
0	5731	1722.789438975043	1
0	5738	1725.103139037845	1
0	5752	1728.590923729585	2
0	5753	1728.849446097156	1
0	5764	1732.160325075268	0
0	5766	1732.380859555673	1
0	5769	1732.933928083162	0
0	5775	1734.28848391259	1
0	5791	1739.654634538106	1
0	5811	1745.272624389501	2
0	5833	1750.946371867321	2
0	5844	1754.884147599453	1
0	5851	1756.559947855188	1
0	5855	1756.889497929718	2
0	5869	1761.587533749638	0
0	5871	1761.672329855846	0
0	5876	1762.756733539514	1
0	5891	1768.554269839776	1
0	5915	1774.126354308333	2
0	5929	1778.785334059851	0
0	5932	1779.213595734325	1
0	5938	1780.052640211768	1
0	5939	1780.079828866989	1
0	5958	1785.095776814734	2
0	5964	1786.591810581971	0
0	5978	1790.935097552137	1
0	5985	1792.745998215746	0
0	5990	1795.101676860244	0
0	5996	1796.166309495456	1
0	6008	1801.501868584193	1
0	6026	1807.064081967576	0
0	6030	1807.146483693039	1
0	6046	1812.822881151689	1
0	6050	1813.109867824707	2
0	6072	1818.779782967875	2
0	6080	1820.928665284416	0
0	6090	1824.076514520915	1
0	6104	1828.763746764161	1
0	6107	1829.343237900175	0
0	6111	1829.360322392545	1
0	6118	1831.726410373229	0
0	6129	1834.784943635575	1
0	6146	1840.23975945101	1
0	6151	1840.644646422006	2
0	6152	1840.808775284559	0
0	6170	1846.555340692866	1
0	6190	1851.96470843791	2
0	6203	1856.110264865332	1
0	6207	1857.030474425873	0
0	6213	1857.548534380039	1
0	6220	1859.055963919615	1
0	6232	1862.65655368753	0
0	6239	1863.335872657131	1
0	6246	1865.605171189759	0
0	6252	1867.251958213629	0
0	6256	1868.654047397663	1
0	6271	1873.824547817464	1
0	6292	1879.30500841746	2
0	6301	1881.69967092201	0
0	6314	1885.260652004973	1
0	6325	1889.076389324269	1
0	6329	1889.867319143843	0
0	6332	1890.458869329304	0
0	6337	1890.669708184198	1
0	6344	1893.305596902383	0
0	6352	1896.330986699088	1
0	6367	1901.806783160892	1
0	6373	1903.3960124976	0
0	6375	1903.972718306001	0
0	6377	1904.004779188659	0
0	6384	1907.597320226253	1
0	6394	1912.617195481317	0
0	6398	1913.209767759777	1
0	6408	1918.887979543069	1
0	6416	1922.723418773967	0
0	6423	1924.407591330818	1
0	6424	1924.452113048522	0
0	6436	1930.296574020059	1
0	6443	1933.885110647184	0
0	6450	1935.652336586266	1
0	6459	1939.501785808707	0
0	6466	1941.40010012756	1
0	6482	1946.469860062235	1
0	6496	1951.339525594841	0
0	6501	1951.832078877603	1
0	6519	1957.114138746401	2
0	6524	1958.746330260297	1
0	6540	1962.587279243627	2
0	6542	1963.264845259604	0
0	6557	1968.012947357725	1
0	6560	1968.741447459322	0
0	6571	1973.621761309796	1
0	6576	1973.730793898226	1
0	6589	1977.909401020734	0
0	6596	1979.089505481533	1
0	6608	1983.374034490901	0
0	6616	1984.320462431525	1
0	6619	1985.735480096774	0
0	6631	1990.129497773827	0
0	6635	1990.181293879169	1
0	6638	1991.625870811985	0
0	6651	1996.062793683493	1
0	6663	2000.937722462927	0
0	6667	2001.094432993326	1
0	6670	2002.119449343998	0
0	6680	2006.361673322972	1
0	6694	2011.73327915906	1
0	6696	2012.179304076358	0
0	6708	2016.054583014569	0
0	6712	2017.112537748181	1
0	6721	2020.706265033807	0
0	6724	2021.79480189865	0
0	6728	2022.812955983217	1
0	6739	2028.688497308643	1
0	6755	2034.563463979635	1
0	6758	2035.315941432957	0
0	6773	2039.622378018919	1
0	6775	2039.752579071443	0
0	6777	2040.365152322453	0
0	6790	2045.18269775645	1
0	6807	2051.164982538672	1
0	6822	2056.316107175083	0
0	6828	2056.970554242844	1
0	6845	2062.126686085249	0
0	6851	2062.784429113848	1
0	6862	2066.293251606288	0
0	6864	2066.659158874655	0
0	6871	2068.514010614252	1
0	6874	2069.419902532596	0
0	6881	2073.345706063788	0
0	6885	2073.619213487257	1
0	6895	2079.023502786181	1
0	6911	2084.679985990983	1
0	6930	2090.260478273269	2
0	6950	2095.407436069103	2
0	6959	2098.009957424135	1
0	6961	2098.503611516443	0
0	6971	2100.711697073655	1
0	6976	2102.264660101851	0
0	6982	2103.646295424783	1
0	6991	2105.938134420898	1
0	7004	2110.081445966616	0
0	7011	2111.623478688535	1
0	7018	2113.248906218217	0
0	7021	2113.956307489775	0
0	7023	2114.853970274565	0
0	7030	2117.418343496511	1
0	7039	2122.786500683056	1
0	7053	2128.330329570921	1
0	7068	2133.113517245276	0
0	7073	2133.420135895723	1
0	7086	2137.319192643978	0
0	7092	2139.070100251238	0
0	7096	2139.391915547896	1
0	7101	2140.632028390887	0
0	7109	2144.654871554814	0
0	7113	2145.221874025885	1
0	7125	2150.514650822386	1
0	7142	2156.336770266296	1
0	7155	2160.308232656566	0
0	7158	2160.749800633757	0
0	7164	2162.307130459698	1
0	7173	2166.731754419049	0
0	7179	2167.452976551142	1
0	7188	2170.886439733442	0
0	7190	2171.509501780851	0
0	7195	2172.864003312078	1
0	7198	2174.725412525471	0
0	7205	2178.5000435547	1
0	7217	2183.952657511461	1
0	7231	2189.151441205063	1
0	7242	2192.424058558888	0
0	7251	2194.409011898565	1
0	7268	2199.712589635166	0
0	7270	2199.998354725191	0
0	7272	2200.146333479674	0
0	7276	2200.36970124557	1
0	7283	2204.813891898961	0
0	7289	2205.979542949706	1
0	7293	2208.137988699604	0
0	7299	2211.364473273515	1
0	7310	2216.811726603194	1
0	7323	2222.119298103152	0
0	7327	2222.231511125809	1
0	7329	2223.414942651292	0
0	7334	2225.013879244452	0
0	7340	2228.077762831703	1
0	7351	2234.062660182828	1
0	7353	2235.130788912998	0
0	7366	2239.863413254034	1
0	7381	2245.806831015975	1
0	7383	2246.650443363355	0
0	7399	2251.797267481687	1
0	7403	2252.796689299403	0
0	7413	2256.599742638531	0
0	7418	2257.094349554975	1
0	7432	2262.116478006125	1
0	7452	2267.404413727114	2
0	7469	2272.943755262533	2
0	7474	2274.42711781303	0
0	7488	2278.724916553126	1
0	7490	2279.516095634787	1
0	7511	2284.674528121717	2
0	7520	2286.893850587311	0
0	7522	2287.013648711961	1
0	7533	2290.26739170286	1
0	7555	2295.932823980927	2
0	7567	2300.049860774656	1
0	7576	2301.872484088178	2
0	7583	2303.301829038891	1
0	7596	2306.979663634791	0
0	7601	2307.189939858626	1
0	7610	2309.767746348168	0
0	7620	2312.508959445172	1
0	7643	2318.024941594574	2
0	7649	2319.367174155079	1
0	7651	2319.606508441736	0
0	7664	2323.293921153994	1
0	7665	2323.483102013007	0
0	7673	2326.629864867084	1
0	7682	2328.647440572038	1
0	7700	2334.091603393202	2
0	7712	2337.36560122273	0
0	7724	2339.821991971229	1
0	7733	2343.301580353525	0
0	7735	2343.678016499621	0
0	7741	2345.108203867684	1
0	7753	2350.334859217518	1
0	7773	2355.777797873597	0
0	7778	2355.910162246321	1
0	7782	2357.051118675153	1
0	7788	2357.930246708566	0
0	7800	2361.515855875798	1
0	7814	2366.088409336518	0
0	7819	2366.868927940494	1
0	7840	2372.695662250277	2
0	7846	2374.240394560157	0
0	7861	2378.277563416167	1
0	7881	2383.598521664972	2
0	7882	2383.818808243844	0
0	7884	2384.77717242029	1
0	7892	2387.937491597142	0
0	7898	2388.679216372781	1
0	7905	2391.899136107301	0
0	7913	2394.43611015589	1
0	7928	2399.451833099826	1
0	7948	2404.641471296317	2
0	7963	2408.565978214144	1
0	7970	2409.800862374716	2
0	7971	2410.280528825242	0
0	7974	2410.542910688675	0
0	7978	2411.854882111656	1
0	7986	2415.34321337333	1
0	7989	2416.921098415621	1
0	8003	2420.765094792937	1
0	8022	2426.371932757554	2
0	8032	2429.744472786552	0
0	8040	2431.374132447644	1
0	8043	2432.519462043999	1
0	8052	2434.708599782777	0
0	8060	2436.573355928297	1
0	8080	2442.511248814176	2
0	8090	2445.189717908856	0
0	8101	2448.29267689353	1
0	8107	2449.909050176619	0
0	8121	2454.275119948435	1
0	8126	2455.035227852758	0
0	8141	2460.191913279939	1
0	8151	2462.872609616139	1
0	8162	2465.6045338735	2
0	8183	2470.871215443361	2
0	8190	2473.598991948178	1
0	8193	2474.303529385828	0
0	8203	2476.450084491401	1
0	8207	2477.591448322638	0
0	8215	2480.254437471627	1
0	8217	2480.987654097495	0
0	8221	2481.45866440842	1
0	8236	2487.200619224692	1
0	8256	2492.771155269234	0
0	8260	2492.917619231157	1
0	8277	2497.968798643444	2
0	8292	2501.903455011196	1
0	8294	2502.499914178742	0
0	8300	2503.047480958514	1
0	8306	2505.054180508129	0
0	8317	2508.128510146169	1
0	8324	2509.444965489325	0
0	8328	2510.991697905935	0
0	8333	2512.881392134235	0
0	8338	2514.054171472788	1
0	8350	2519.848658100469	1
0	8365	2525.76740086684	1
0	8367	2526.170445927768	0
0	8386	2531.723808272509	1
0	8394	2534.405223641195	0
0	8408	2537.640488127479	1
0	8413	2539.24302629498	0
0	8415	2539.323897701222	0
0	8425	2543.505372077226	1
0	8440	2548.631990642053	1
0	8443	2549.761024008622	0
0	8457	2554.289618698181	1
0	8464	2557.169912316369	0
0	8471	2559.80683730496	0
0	8476	2560.033839357318	1
0	8493	2565.751704727066	1
0	8501	2568.381098928861	0
0	8512	2571.511165050556	1
0	8516	2573.062504933098	0
0	8525	2576.261571480194	0
0	8530	2577.39727847278	1
0	8545	2582.89371677325	1
0	8555	2585.136036187874	0
0	8566	2588.339049012399	1
0	8567	2588.731374965165	0
0	8583	2594.060909219551	1
0	8588	2594.952821124462	0
0	8598	2598.703785184071	0
0	8602	2599.276960591552	1
0	8617	2604.738074623048	1
0	8621	2605.801241900888	0
0	8635	2609.908868608763	1
0	8650	2614.364322292967	0
0	8653	2615.120049131565	0
0	8658	2615.781400533625	1
0	8674	2621.108067808206	1
0	8695	2627.031397473532	2
0	8705	2629.967038628877	0
0	8708	2630.277661742175	1
0	8711	2630.666175726101	0
0	8718	2632.78693969408	1
0	8722	2634.706045567292	0
0	8726	2635.624260183074	0
0	8732	2638.560874806018	1
0	8738	2642.880787663743	0
0	8740	2643.423946290626	0
0	8744	2644.261138383066	1
0	8751	2649.728149926057	1
0	8757	2653.308985218406	0
0	8762	2655.209355870727	1
0	8776	2661.133494472131	1
0	8789	2666.140833644895	1
0	8808	2671.517695842544	2
0	8810	2671.549763376475	0
0	8821	2676.415005810209	0
0	8827	2677.411786707584	1
0	8831	2678.823706411639	1
0	8834	2679.673051601858	0
0	8845	2683.12226791028	1
0	8854	2686.578921951701	0
0	8862	2689.081146804849	1
0	8863	2689.19025642972	0
0	8873	2694.206309164642	1
0	8884	2698.073632108047	0
0	8891	2699.535089360551	1
0	8905	2704.869957145537	1
0	8907	2705.187199695035	0
0	8917	2709.008077608655	0
0	8923	2710.028692969355	1
0	8939	2715.872346648715	1
0	8946	2718.157431643109	0
0	8954	2720.793507715339	0
0	8958	2721.153256848922	1
0	8974	2726.684407671683	1
0	8981	2729.030472202112	0
0	8990	2731.559760865057	0
0	8995	2732.590528042058	1
0	9010	2738.076973739315	1
0	9027	2742.512486192282	0
0	9029	2743.408425334378	0
0	9033	2743.640113763979	1
0	9049	2749.62479495886	1
0	9059	2751.942094052913	0
0	9066	2754.411648673591	0
0	9068	2754.678111198012	0
0	9073	2755.535422340736	1
0	9085	2761.414213111161	1
0	9100	2766.879604343443	0
0	9104	2766.925955825488	1
0	9118	2772.276834104213	1
0	9133	2777.423803820976	0
0	9140	2777.869000746639	1
0	9153	2781.644315195855	0
0	9161	2783.558205323064	1
0	9168	2786.238903030406	0
0	9171	2787.081163967377	0
0	9180	2789.535506795396	1
0	9194	2794.583961367144	1
0	9213	2799.597569341308	2
0	9216	2800.096529748759	0
0	9225	2803.521743765801	1
0	9228	2804.355372587455	0
0	9234	2805.009890190095	1
0	9242	2809.224426888515	0
0	9249	2810.15851422027	1
0	9265	2815.542153202	1
0	9285	2820.854059176755	2
0	9309	2826.721478280847	2
0	9312	2827.691348470866	1
0	9316	2828.571811593955	0
0	9319	2829.375632502723	0
0	9327	2832.413997279017	1
0	9328	2832.911378530904	1
0	9342	2837.594104904917	1
0	9349	2839.791134182833	0
0	9353	2840.566811540981	0
0	9360	2843.419816307261	1
0	9377	2849.192983634773	1
0	9384	2851.002268319719	0
0	9388	2851.794166515468	0
0	9399	2855.004637354057	1
0	9411	2859.954582371053	0
0	9415	2860.42389278184	1
0	9433	2866.378216693879	1
0	9445	2869.814423263308	0
0	9450	2871.31520000694	0
0	9455	2872.078481064181	1
0	9456	2872.633914719804	0
0	9458	2872.784452092139	0
0	9465	2877.225763418249	1
0	9476	2882.927727085774	1
0	9494	2888.495956545931	1
0	9507	2893.143749065584	0
0	9514	2894.34574519913	1
0	9532	2899.54033172061	2
0	9540	2901.734245469561	0
0	9545	2903.388870175814	1
0	9552	2904.688313632042	1
0	9564	2909.204599771535	0
0	9570	2910.21224795352	1
0	9572	2910.699960024215	0
0	9580	2913.811059048634	0
0	9586	2915.263571389721	1
0	9598	2919.880128795983	0
0	9604	2921.09037116566	1
0	9619	2926.589799009266	1
0	9623	2928.155769786218	0
0	9637	2931.635179749925	1
0	9638	2931.653841769791	0
0	9645	2933.833568535981	0
0	9655	2937.364477195081	1
0	9659	2938.766812679477	0
0	9670	2942.602765823717	1
0	9677	2945.618732748207	0
0	9685	2947.770593144933	1
0	9690	2950.120821966677	0
0	9692	2950.237953980456	0
0	9698	2953.724043862198	1
0	9700	2954.924559937793	0
0	9705	2958.468192402741	0
0	9709	2958.909497617281	1
0	9712	2963.324715723868	0
0	9716	2963.934057041074	1
0	9722	2969.812636866703	1
0	9725	2971.825246674012	0
0	9732	2975.271318139744	1
0	9743	2980.474537331381	1
0	9746	2981.429757155249	0
0	9748	2982.364540468322	0
0	9755	2986.077178440758	1
0	9763	2991.632085563617	0
0	9768	2992.075845524439	1
0	9779	2997.735379609282	1
0	9785	3000.518684999322	0
0	9792	3003.212554254339	1
0	9797	3005.875479789222	0
0	9805	3008.991768034178	1
0	9819	3014.600434759868	1
0	9826	3017.360592569227	0
0	9836	3020.537220295755	1
0	9842	3022.099583393665	0
0	9852	3025.918763834987	1
0	9873	3031.280283372387	2
0	9877	3032.468142005269	0
0	9891	3036.350187807115	1
0	9897	3037.677889932533	1
0	9915	3041.717180515411	2
0	9917	3042.263307592367	0
0	9933	3047.279798515611	1
0	9952	3053.170858995295	2
0	9953	3053.295107842194	0
0	9965	3058.154915850843	0
0	9970	3058.757302758754	1
0	9977	3062.205950885201	0
0	9984	3064.067261052788	1
0	9985	3064.142933999891	1
0	9997	3068.524571772553	1
0	10002	3069.825002639559	1
0	10022	3075.080741590359	2
0	10037	3079.288596768286	0
0	10045	3080.414077342725	1
0	10064	3085.664997940189	2
0	10079	3091.005055760737	1
0	10083	3091.525962519231	2
0	10084	3091.628909699739	1
0	10090	3093.545235424073	0
0	10093	3094.183387532952	1
0	10097	3095.468035233676	0
0	10104	3097.243150961357	1
0	10109	3098.819402645814	0
0	10120	3102.714563941588	1
0	10133	3107.573838848508	0
0	10139	3108.682977549737	1
0	10154	3113.791411539312	1
0	10156	3113.885808145982	0
0	10160	3115.416457424177	0
0	10166	3117.969082980307	0
0	10171	3119.149498577235	1
0	10178	3123.737363610306	0
0	10182	3124.536696840083	1
0	10193	3129.733495925791	1
0	10207	3134.816854816634	1
0	10212	3136.275753833476	0
0	10228	3140.771835374418	1
0	10243	3145.508598893303	0
0	10248	3146.147657502913	1
0	10251	3146.69171800756	0
0	10266	3152.144030479021	1
0	10271	3153.310233275528	0
0	10284	3157.598490418639	1
0	10290	3159.505182654836	0
0	10292	3159.884222746715	0
0	10302	3163.410599084577	1
0	10316	3168.620446068241	1
0	10325	3171.497375827056	0
0	10337	3174.282251794829	1
0	10357	3179.616586372263	2
0	10362	3181.384185078444	0
0	10368	3183.302601925919	1
0	10376	3184.913010045893	1
0	10391	3190.302399056854	0
0	10396	3190.48895534734	1
0	10417	3195.987077650854	2
0	10428	3199.293694027589	0
0	10436	3201.459286286736	1
0	10439	3202.098751511664	0
0	10459	3206.90140868631	1
0	10468	3209.139530868044	1
0	10471	3210.192657098994	0
0	10476	3211.866415001343	0
0	10480	3212.221693109496	1
0	10491	3217.588585295024	0
0	10495	3217.621881407693	1
0	10511	3223.00960950461	1
0	10527	3227.496226389433	0
0	10533	3228.561745654566	1
0	10541	3230.735284604258	0
0	10547	3233.274251892822	0
0	10552	3233.632212649107	1
0	10557	3236.335086487358	0
0	10561	3237.950078698464	0
0	10566	3238.637424491586	1
0	10576	3244.387925867697	1
0	10588	3249.564759121634	0
0	10594	3250.219478199731	1
0	10604	3253.856619823964	0
0	10610	3255.35681183404	1
0	10627	3260.90908553126	1
0	10638	3265.244831086261	0
0	10644	3266.585001975072	1
0	10650	3268.476385747554	0
0	10661	3272.159602125183	0
0	10665	3272.389225439175	1
0	10667	3272.449422472397	0
0	10679	3277.654855488806	1
0	10680	3277.961265408091	0
0	10691	3282.930358699762	1
0	10709	3288.509778062819	1
0	10730	3294.372185564606	2
0	10746	3297.716672213638	0
0	10755	3300.049522049964	1
0	10766	3303.399938705383	0
0	10773	3305.618305104673	1
0	10777	3305.638572006958	1
0	10784	3307.638550948824	0
0	10798	3311.385198440874	1
0	10814	3316.520563034812	2
0	10832	3321.550264562951	2
0	10852	3327.314402106689	2
0	10862	3330.364950275637	1
0	10875	3333.168277436407	2
0	10877	3333.61155327701	0
0	10879	3334.379921026882	1
0	10881	3334.527718555422	1
0	10888	3337.620126065919	1
0	10896	3338.77562509338	1
0	10902	3340.733711288899	0
0	10916	3344.575683357898	1
0	10917	3345.226250348733	0
0	10934	3350.536606644751	1
0	10952	3355.49206979096	0
0	10956	3355.95872383379	1
0	10958	3356.648242491303	0
0	10971	3360.992082634015	1
0	10984	3364.532015810494	0
0	10991	3366.567528612452	1
0	10996	3367.964458172797	0
0	11001	3369.402235771415	0
0	11009	3371.953291787306	1
0	11016	3375.198395512889	0
0	11022	3377.342140348168	1
0	11038	3382.952845091704	1
0	11056	3388.105366911046	2
0	11076	3393.965449046815	2
0	11079	3394.321519300464	1
0	11081	3394.450078239319	0
0	11096	3399.038741481962	1
0	11103	3401.973204499116	0
0	11113	3404.714951145003	1
0	11115	3405.097790551377	1
0	11136	3410.375865141169	2
0	11151	3414.676736029218	0
0	11154	3415.089523762934	0
0	11159	3415.862904891611	1
0	11174	3421.096218940808	1
0	11181	3423.380672651	0
0	11186	3425.232603908056	1
0	11193	3426.285361129098	1
0	11204	3428.918480816771	0
0	11214	3431.291181314743	1
0	11233	3437.245062230627	2
0	11242	3439.485204022151	1
0	11257	3442.499084202114	2
0	11276	3447.874148588283	0
0	11280	3448.428658761091	1
0	11283	3449.231226591051	0
0	11296	3453.59610052617	1
0	11306	3456.531285105629	1
0	11314	3458.840466728673	0
0	11319	3459.353676348	1
0	11342	3464.832802869619	2
0	11365	3470.815313000239	2
0	11370	3472.935027578272	1
0	11386	3476.155158344896	2
0	11392	3478.026881093982	0
0	11405	3481.266764962121	1
0	11406	3481.520452305565	0
0	11422	3486.90071164794	1
0	11432	3489.354199173051	1
0	11445	3492.120597557171	2
0	11446	3492.129110793589	1
0	11448	3492.325158745757	1
0	11461	3496.432499981959	0
0	11466	3497.352097036556	1
0	11473	3499.270715977887	0
0	11483	3502.857427454094	1
0	11487	3503.992674615706	0
0	11503	3508.583068650688	1
0	11505	3509.071896062123	0
0	11520	3513.663276217186	1
0	11524	3514.883533711785	0
0	11535	3518.828674552969	1
0	11539	3519.880470889744	0
0	11552	3523.96758855717	1
0	11571	3529.031875947264	2
0	11580	3531.419739987825	0
0	11587	3534.098377656547	0
0	11591	3534.225478983258	1
0	11606	3539.333866547567	1
0	11612	3541.229763203773	1
0	11618	3542.631390645872	0
0	11625	3544.336948314921	1
0	11631	3545.678078793811	0
0	11646	3549.960493960657	1
0	11648	3550.548201447942	0
0	11659	3554.892344312747	0
0	11664	3555.844738344435	1
0	11679	3561.490698883316	1
0	11682	3562.160586844903	0
0	11699	3567.062964973512	1
0	11707	3568.541573581757	0
0	11720	3572.786722666358	1
0	11722	3574.112881553366	0
0	11731	3577.191097747076	0
0	11733	3577.515524715191	0
0	11737	3577.994756425039	1
0	11741	3580.426973461531	0
0	11747	3583.315489863052	1
0	11752	3585.958261417696	0
0	11757	3588.696488525725	1
0	11768	3594.504062629079	1
0	11785	3600.113743083559	1
0	11793	3602.412966073032	0
0	11797	3603.723731500569	0
0	11804	3605.201160854667	1
0	11821	3610.977459939669	1
0	11829	3613.703072953859	0
0	11838	3616.199581398751	0
0	11842	3616.910361252732	1
0	11850	3620.034500469228	0
0	11858	3622.228893412517	1
0	11872	3627.562902903657	1
0	11891	3632.582446638851	0
0	11896	3632.930449956337	1
0	11919	3638.868503179409	2
0	11930	3642.295847244453	0
0	11934	3642.971905010876	1
0	11940	3644.550929023659	1
0	11962	3650.433880044853	2
0	11968	3652.116657465819	0
0	11971	3652.568708549492	0
0	11976	3655.178664722836	1
0	11981	3655.930923239102	1
0	11982	3656.994498152527	0
0	11990	3661.382447178598	0
0	11994	3661.636504636619	1
0	12004	3667.248425909325	1
0	12020	3672.950872294146	1
0	12022	3674.40103822598	0
0	12030	3677.068823064103	0
0	12037	3678.453578496592	1
0	12050	3683.643741472399	1
0	12063	3687.727144930868	0
0	12068	3688.651819362079	0
0	12073	3689.495693274316	1
0	12084	3694.411056192597	0
0	12090	3694.673549791806	1
0	12099	3698.804943004165	0
0	12105	3699.928779580638	1
0	12110	3701.956763071365	0
0	12116	3704.804328441861	0
0	12118	3705.125683194849	0
0	12122	3705.762830449509	1
0	12129	3711.615915221403	1
0	12140	3717.514568811523	1
0	12155	3722.699372871321	1
0	12156	3722.978094515748	0
0	12158	3723.140261175701	0
0	12171	3728.321812697694	1
0	12186	3734.043630475186	1
0	12193	3736.724063685405	0
0	12195	3736.7306583596	0
0	12203	3739.467813488336	1
0	12217	3744.661842058886	1
0	12230	3748.27986231703	0
0	12236	3749.742729595171	1
0	12252	3754.598103816861	0
0	12259	3755.695937532706	1
0	12260	3755.729813682621	0
0	12276	3761.478331437575	1
0	12284	3763.668819410967	0
0	12290	3766.814000486984	0
0	12295	3767.198100947317	1
0	12311	3772.418975223795	1
0	12315	3774.026821623331	0
0	12330	3778.291017834804	1
0	12339	3780.873123099802	0
0	12350	3783.553728672451	1
0	12351	3783.695634037033	0
0	12362	3787.398320489222	0
0	12368	3788.630606282045	1
0	12370	3789.606768673179	0
0	12382	3793.964699401761	1
0	12390	3797.09248527804	0
0	12397	3799.929127085263	1
0	12413	3805.554954445463	1
0	12434	3810.885903768948	2
0	12440	3813.045451858321	0
0	12450	3815.937304588741	1
0	12453	3816.789701967392	0
0	12459	3818.958659390112	0
0	12467	3821.489106554313	1
0	12474	3825.734226864072	0
0	12476	3826.207427167109	0
0	12482	3827.085323645275	1
0	12493	3832.601150925046	1
0	12494	3833.140040379608	1
0	12510	3838.023937438622	1
0	12529	3843.355946722448	2
0	12550	3848.585366024643	2
0	12551	3848.89463831322	0
0	12569	3854.531800314791	1
0	12577	3857.399259192295	1
0	12581	3858.11280745932	0
0	12587	3859.942824235426	1
0	12590	3860.650902185015	0
0	12592	3861.230888646221	1
0	12608	3865.035592558568	1
0	12629	3870.502281323548	2
0	12651	3876.407413427958	2
0	12653	3876.532410636668	0
0	12660	3878.454716069748	0
0	12663	3879.652221398788	1
0	12669	3881.901860506514	1
0	12672	3883.039141220049	1
0	12685	3886.927248071188	1
0	12702	3891.991930247757	2
0	12711	3895.303298923664	1
0	12718	3896.932109873633	0
0	12724	3897.493869336096	1
0	12731	3899.298451074757	0
0	12745	3903.091013581732	1
0	12757	3907.268564585253	0
0	12764	3908.524620838703	1
0	12766	3909.241991601194	0
0	12781	3914.152570682352	1
0	12787	3916.140151779524	0
0	12793	3918.447845761791	0
0	12800	3919.783124005662	1
0	12817	3925.729606803048	1
0	12837	3930.796857754008	2
0	12842	3931.955760237071	0
0	12858	3936.411557596649	1
0	12859	3936.834042074514	0
0	12866	3938.607044346405	0
0	12870	3939.859164515052	1
0	12876	3941.718828110962	1
0	12893	3947.294336804195	1
0	12910	3951.55787516479	0
0	12915	3953.029186819221	0
0	12919	3953.239161022945	1
0	12920	3953.874912994454	0
0	12933	3958.460397426511	1
0	12937	3959.889832527965	0
0	12943	3962.829666830955	0
0	12945	3963.519583744236	0
0	12949	3963.864533498191	1
0	12957	3969.601989436202	1
0	12963	3973.966190742684	0
0	12968	3975.340163036023	1
0	12974	3979.350179093314	0
0	12979	3980.86102998397	1
0	12987	3985.66853664397	0
0	12992	3986.433455071418	1
0	13002	3991.632054661639	1
0	13018	3996.976321503758	1
0	13024	3999.21938316094	0
0	13036	4002.388085293589	1
0	13044	4005.01877552481	0
0	13056	4008.053610086912	1
0	13057	4009.064258740636	0
0	13072	4013.840773499343	1
0	13076	4014.887959172839	0
0	13090	4019.228344403911	1
0	13095	4020.477620134022	0
0	13107	4024.311399940872	1
0	13126	4029.726590514887	2
0	13134	4032.092134375363	0
0	13136	4032.272590015204	0
0	13144	4035.311317838967	1
0	13149	4037.478899312444	0
0	13151	4038.11789728364	1
0	13160	4040.989057210513	1
0	13165	4042.905496299387	0
0	13175	4046.214872722054	1
0	13189	4051.270662563393	1
0	13205	4055.153553834424	0
0	13214	4057.255086882511	1
0	13235	4063.236695508478	2
0	13236	4063.374141289159	0
0	13239	4063.848438955497	1
0	13254	4068.41085072002	1
0	13269	4073.441579109762	2
0	13272	4073.76127089479	0
0	13278	4075.359606268006	0
0	13281	4075.900104175907	1
0	13283	4077.10650479573	0
0	13289	4079.072913435293	1
0	13298	4083.415510519879	0
0	13303	4084.388535001088	1
0	13315	4090.196926750714	1
0	13330	4095.319634028949	1
0	13336	4097.24913982116	0
0	13345	4100.738034729852	0
0	13350	4101.035627738811	1
0	13364	4106.844925870659	1
0	13384	4112.419478575938	2
0	13399	4116.519184242242	0
0	13408	4118.251263645949	1
0	13429	4124.174455139093	2
0	13436	4125.771818946238	0
0	13448	4129.949913345981	1
0	13454	4131.718433955223	1
0	13470	4135.074487092444	2
0	13479	4137.698549542118	0
0	13490	4140.908281342131	1
0	13508	4146.371668585814	2
0	13509	4146.605389176057	1
0	13513	4147.46936588083	1
0	13520	4149.695855325676	0
0	13524	4151.238862882954	0
0	13526	4151.975319281227	0
0	13530	4152.064491036353	1
0	13531	4152.252809488336	1
0	13543	4157.975114583043	1
0	13557	4163.959477001341	1
0	13560	4164.66364075081	0
0	13574	4169.122857664019	1
0	13594	4174.566843396291	2
0	13605	4178.059146946186	1
0	13617	4180.470903761225	2
0	13629	4184.33456965129	0
0	13636	4185.648971244931	1
0	13651	4190.091240068556	0
0	13654	4190.355329944059	0
0	13659	4191.639718635246	1
0	13673	4197.452863443415	1
0	13691	4202.860479112254	2
0	13694	4203.62135908567	0
0	13709	4208.230379217542	1
0	13727	4213.619898072682	2
0	13730	4214.630511299599	1
0	13750	4219.092448141431	2
0	13754	4220.759550622674	1
0	13770	4224.222524515125	2
0	13772	4224.396619156827	1
0	13791	4229.763687286996	2
0	13796	4231.09411609057	1
0	13807	4233.944420952709	1
0	13810	4234.557463171314	0
0	13816	4234.91942490824	1
0	13832	4240.043048183205	2
0	13833	4240.169331535824	1
0	13855	4245.922137200138	2
0	13859	4247.161617536453	0
0	13876	4251.785106256143	1
0	13881	4253.584120316785	0
0	13893	4256.814101936999	1
0	13900	4258.889965423741	1
0	13909	4261.786200051323	1
0	13915	4262.228946757973	2
0	13925	4265.131372276355	1
0	13928	4265.421209335797	0
0	13938	4268.03304326884	1
0	13961	4273.619190882896	2
0	13969	4276.180926269158	0
0	13979	4279.501047865498	1
0	13983	4279.541514431364	1
0	13990	4281.665036652014	0
0	14001	4285.05489956006	1
0	14009	4287.54672199849	0
0	14015	4289.82157575643	0
0	14021	4290.8424848544	1
0	14037	4296.699872334493	1
0	14053	4300.946493520173	0
0	14058	4302.197671703068	1
0	14073	4307.038187773319	0
0	14078	4307.847749391343	1
0	14080	4308.663302249512	0
0	14096	4313.549670872516	1
0	14107	4316.439967135553	0
0	14115	4318.679953391901	1
0	14117	4319.075166664907	0
0	14132	4324.444750883621	1
0	14133	4324.651546768733	0
0	14142	4327.519795688573	0
0	14150	4330.426547780172	1
0	14171	4336.231939142575	1
0	14179	4338.91409665917	0
0	14186	4340.885723721473	0
0	14190	4342.183866193057	1
0	14207	4348.053681436232	1
0	14209	4348.524676290347	0
0	14221	4352.773149129706	0
0	14227	4353.930504939989	1
0	14236	4358.18058090541	0
0	14242	4359.660531598148	1
0	14258	4365.582954104063	1
0	14259	4365.979155663521	0
0	14269	4369.333830176625	0
0	14277	4371.298109577275	1
0	14289	4376.359733280382	0
0	14293	4376.593545098095	1
0	14310	4381.951824721652	1
0	14321	4384.896698801783	0
0	14324	4385.899984103166	0
0	14326	4386.548397021256	0
0	14331	4387.824191160505	1
0	14339	4392.184347101607	0
0	14344	4393.008998230803	1
0	14349	4396.543285885947	0
0	14351	4397.043082708963	0
0	14355	4398.779538505715	1
0	14361	4404.227367524062	1
0	14373	4409.574028722248	1
0	14385	4414.210346600161	0
0	14391	4415.558355934224	1
0	14405	4420.795215755706	1
0	14424	4426.483470447134	2
0	14427	4427.168733914504	1
0	14444	4431.515099385991	2
0	14463	4436.528060845337	2
0	14469	4437.948628108952	0
0	14472	4438.715249239705	1
0	14477	4440.281760409246	0
0	14485	4442.524619728797	1
0	14501	4447.782847145577	1
0	14508	4450.395000610738	0
0	14516	4453.16517539416	1
0	14523	4455.620164986822	1
0	14529	4456.480872967984	0
0	14537	4458.216061503631	1
0	14540	4459.000217893746	0
0	14547	4461.7839297941	0
0	14555	4463.728207146055	1
0	14573	4469.39430211578	1
0	14591	4474.670517948693	2
0	14602	4477.500933893031	0
0	14612	4480.226494285748	1
0	14622	4483.721887391767	1
0	14630	4485.673184895194	2
0	14645	4490.779118112409	0
0	14647	4490.821750646694	0
0	14651	4490.98029263318	1
0	14667	4496.756489271535	1
0	14680	4500.266277500082	0
0	14687	4501.875406039184	1
0	14708	4507.144599974392	2
0	14714	4509.308993620918	1
0	14726	4512.295469296406	1
0	14730	4512.581813680012	2
0	14747	4517.967041668486	2
0	14757	4520.775648486806	0
0	14760	4521.941993744697	0
0	14767	4522.971047799572	1
0	14783	4528.066388013078	1
0	14784	4528.151410997505	1
0	14791	4530.65749550646	0
0	14800	4533.645367892113	1
0	14804	4533.800688334512	1
0	14822	4538.890550126791	2
0	14844	4544.739167512398	2
0	14846	4545.239625229737	1
0	14854	4547.65124508413	0
0	14861	4549.839409742864	1
0	14866	4550.476135191744	1
0	14887	4556.266450838422	2
0	14888	4556.485290658547	0
0	14900	4560.014966961117	0
0	14906	4561.528541145617	1
0	14912	4564.464643694231	0
0	14916	4566.452669878733	1
0	14921	4566.965784101052	1
0	14930	4570.586163945622	0
0	14936	4572.606460929852	1
0	14951	4578.039749418854	0
0	14955	4578.134389468007	1
0	14958	4579.543346609573	0
0	14968	4583.733973622792	1
0	14979	4587.967601258311	0
0	14986	4589.586697747004	1
0	15005	4595.316090718847	1
0	15007	4596.109460326149	0
0	15014	4597.540839834725	0
0	15016	4598.140385093753	0
0	15023	4600.624858223139	1
0	15027	4602.68985831738	0
0	15033	4605.802142501347	1
0	15044	4611.107616433412	1
0	15053	4615.003008048637	0
0	15058	4616.113075311998	1
0	15073	4621.755950703755	1
0	15093	4627.60060504801	2
0	15102	4630.047421089376	0
0	15113	4632.907423573783	1
0	15120	4634.568782518854	0
0	15132	4638.112990766535	1
0	15138	4640.119652182566	0
0	15151	4643.852782830833	1
0	15155	4644.93453782087	1
0	15173	4649.61851868127	2
0	15184	4653.008953161423	0
0	15186	4653.076002450315	0
0	15193	4654.699352135421	1
0	15209	4659.939646736491	1
0	15227	4665.436402612604	2
0	15228	4665.630616142534	0
0	15244	4671.06256262004	1
0	15250	4672.844111082612	1
0	15253	4674.070314271614	1
0	15267	4676.839716030057	2
0	15272	4677.956240203237	0
0	15286	4682.738138271035	1
0	15294	4685.363400495267	0
0	15297	4686.059391720459	0
0	15304	4687.770444366155	1
0	15322	4693.154039802966	1
0	15330	4695.78130294418	0
0	15332	4695.807232249529	1
0	15338	4697.7130063125	0
0	15343	4698.608241469604	1
0	15357	4703.721457624347	1
0	15378	4709.436344841034	2
0	15394	4714.383409601875	0
0	15399	4714.67163292645	1
0	15416	4719.656245184834	0
0	15421	4720.14013187937	1
0	15431	4723.843668877617	0
0	15438	4725.195389058679	1
0	15448	4728.683492372509	1
0	15456	4730.73973750184	0
0	15460	4730.975308045284	1
0	15468	4733.411268756614	0
0	15480	4736.809851446194	1
0	15492	4740.459427467431	0
0	15500	4742.221207665983	1
0	15511	4745.655610982334	0
0	15518	4747.483184194544	0
0	15522	4748.095845201523	1
0	15541	4753.936427198122	1
0	15555	4758.452446762709	0
0	15562	4759.282144350703	1
0	15577	4764.28451752244	2
0	15580	4765.20234482445	1
0	15589	4768.156410917294	0
0	15593	4768.937436536425	0
0	15599	4769.88258638117	1
0	15612	4775.113546971236	1
0	15631	4780.234535741857	2
0	15642	4783.767727576434	0
0	15645	4784.206235809841	0
0	15648	4784.901644813947	1
0	15653	4785.674035899811	1
0	15669	4791.068305650265	1
0	15685	4795.766758568123	0
0	15691	4796.898036405915	1
0	15693	4797.749377713544	0
0	15709	4802.501594327163	1
0	15731	4808.469771327689	2
0	15736	4809.74242448912	0
0	15738	4810.164465075362	1
0	15751	4813.762782493612	1
0	15760	4816.998360674714	0
0	15769	4819.254560908774	1
0	15789	4824.562254698953	2
0	15794	4826.960563358273	0
0	15802	4828.871631885304	0
0	15808	4830.369499441242	1
0	15818	4834.122797022579	0
0	15821	4835.46777462599	0
0	15826	4836.306687416515	1
0	15829	4838.046302980166	1
0	15840	4841.830416095682	1
0	15855	4847.306443747605	1
0	15877	4853.08759428864	2
0	15878	4853.315690758644	0
0	15897	4858.838332108693	1
0	15899	4859.647491223416	0
0	15917	4864.468613425974	1
0	15928	4867.889395946639	1
0	15938	4869.787608842837	2
0	15948	4873.196468319167	0
0	15954	4875.271009294088	0
0	15958	4875.551094019326	1
0	15974	4881.022151219665	1
0	15988	4885.013682123862	0
0	15993	4886.158564840217	1
0	16002	4888.443433639018	0
0	16012	4891.252068251843	1
0	16027	4896.241737974113	1
0	16033	4896.96681696992	2
0	16046	4900.841509510536	0
0	16055	4902.86016738392	1
0	16067	4906.91301644268	0
0	16070	4907.847033236065	0
0	16076	4908.725789398426	1
0	16090	4913.952203833503	1
0	16110	4919.245694542541	2
0	16126	4924.352246272616	1
0	16131	4925.085827157837	2
0	16146	4930.06734295481	0
0	16153	4930.873396156593	1
0	16166	4934.892337280215	1
0	16173	4935.948059323248	2
0	16182	4938.750430016318	1
0	16189	4940.51865289838	0
0	16196	4941.025631193541	1
0	16213	4946.354960349159	2
0	16236	4951.954545995224	2
0	16248	4955.71755492152	0
0	16253	4957.050076850465	1
0	16257	4957.065245408801	1
0	16261	4958.391595728935	1
0	16277	4962.13417296857	2
0	16286	4964.936220143461	1
0	16300	4967.761740225604	2
0	16311	4971.943521699644	1
0	16314	4972.04060759873	0
0	16316	4972.574607516177	1
0	16320	4973.071336169265	1
0	16341	4978.47076258832	2
0	16349	4980.893447476094	0
0	16359	4983.589036970868	1
0	16369	4986.980777175635	1
0	16381	4989.177212172657	2
0	16390	4991.659876100839	0
0	16401	4994.537992106288	1
0	16406	4996.369200551071	0
0	16419	5000.235587304694	1
0	16431	5003.668867819835	0
0	16439	5005.304813863247	1
0	16457	5010.863450932785	2
0	16472	5015.089149405485	0
0	16474	5015.623479927195	1
0	16478	5015.866579152181	1
0	16485	5017.71111047373	0
0	16499	5020.950474489949	1
0	16502	5022.083233823888	1
0	16513	5025.189726276791	0
0	16519	5026.249937830729	1
0	16531	5030.115920743211	0
0	16538	5031.402099266652	1
0	16555	5036.493084988561	2
0	16577	5041.867539321077	2
0	16588	5045.621749112969	1
0	16593	5046.988087283218	0
0	16599	5047.294373214948	1
0	16600	5047.878485691506	0
0	16616	5053.161637098067	1
0	16625	5055.224267310118	1
0	16633	5058.081842008517	0
0	16640	5058.832424526107	1
0	16657	5063.871880998839	2
0	16674	5068.273499448206	0
0	16680	5068.892073336061	1
0	16682	5069.537069452233	1
0	16688	5071.561915033502	0
0	16700	5074.26996207191	1
0	16714	5078.74291333906	0
0	16720	5080.184784457556	1
0	16740	5085.93968235981	2
0	16753	5089.762841189052	1
0	16763	5091.183117343348	2
0	16776	5095.165602274593	0
0	16778	5095.825495904896	0
0	16783	5096.397282868859	1
0	16793	5099.948184279495	1
0	16801	5102.121625802016	1
0	16802	5102.633704917391	0
0	16805	5103.229447632332	0
0	16815	5107.222992731726	1
0	16832	5112.982061411955	1
0	16851	5118.35079931142	2
0	16857	5120.774349737914	0
0	16869	5124.309502828868	1
0	16876	5126.121413549527	1
0	16894	5129.980331423461	2
0	16906	5133.079592058436	0
0	16916	5135.106564124582	1
0	16920	5136.575402394172	0
0	16937	5140.674306610135	1
0	16949	5144.844382462092	0
0	16956	5145.973087525928	1
0	16960	5147.610439250363	0
0	16970	5151.00023986574	0
0	16975	5151.624177367428	1
0	16976	5151.727190738663	1
0	16991	5157.43040570384	1
0	17004	5161.734644617886	0
0	17008	5162.682510338844	0
0	17013	5163.253432585626	1
0	17019	5165.435062129517	0
0	17029	5168.477740212112	1
0	17037	5171.003630017746	0
0	17044	5173.612023245544	1
0	17054	5178.039283379446	0
0	17061	5179.554297738942	1
0	17063	5180.513632030461	0
0	17075	5185.266794620082	1
0	17076	5185.359607202817	0
0	17088	5190.940565139754	1
0	17099	5195.625280756154	0
0	17104	5196.13226736337	1
0	17108	5198.283075393527	0
0	17115	5201.521512476262	1
0	17132	5207.299072845606	1
0	17143	5211.542218134272	0
0	17151	5212.980254105292	1
0	17168	5217.733653268894	0
0	17173	5218.53687697323	1
0	17177	5219.911695084535	0
0	17191	5223.935635317349	1
0	17203	5227.348873277544	0
0	17210	5228.749117616796	0
0	17215	5229.522065886528	1
0	17216	5230.176131290965	0
0	17229	5235.264221630989	1
0	17247	5241.242674898588	1
0	17269	5247.217072135768	2
0	17276	5249.973746360163	0
0	17287	5252.728558815316	1
0	17293	5255.000609768436	1
0	17298	5255.883919031476	0
0	17307	5258.277912098215	1
0	17331	5264.051434869411	2
0	17350	5269.299097712616	2
0	17358	5271.612914210882	0
0	17371	5275.256718253017	1
0	17374	5276.401025673607	1
0	17381	5278.622027311124	0
0	17390	5281.195334463379	1
0	17395	5281.933820188858	1
0	17417	5287.16449643392	2
0	17428	5290.515059577068	0
0	17438	5292.786162494681	1
0	17454	5298.273247801232	2
0	17468	5302.833737256121	0
0	17474	5303.580080447485	1
0	17483	5305.857719877968	1
0	17489	5307.642425129423	0
0	17497	5309.177307393634	1
0	17498	5309.440842263399	1
0	17518	5314.520380486268	2
0	17537	5319.778806655202	2
0	17553	5324.012662506662	0
0	17559	5324.998815989122	1
0	17564	5326.601490939967	1
0	17570	5328.081759911264	0
0	17579	5330.192615428474	1
0	17600	5335.808153006248	2
0	17620	5341.444027070189	2
0	17621	5341.810329602449	1
0	17625	5342.517251072451	0
0	17637	5346.729946708541	1
0	17643	5347.254490374588	1
0	17660	5352.349201738019	1
0	17664	5353.056609257591	2
0	17676	5356.289493823424	0
0	17686	5358.33480147319	1
0	17693	5360.467381370022	0
0	17699	5363.31873316248	1
0	17705	5364.034643267748	1
0	17719	5369.161649489543	2
0	17730	5371.787796253689	0
0	17741	5374.350058396115	1
0	17748	5376.589933626354	1
0	17755	5378.020465214737	0
0	17757	5378.602353670521	0
0	17764	5380.081244050992	1
0	17777	5385.126887813677	1
0	17790	5388.996249790073	0
0	17793	5390.411430703943	0
0	17799	5390.91200081748	1
0	17810	5395.197482739458	0
0	17812	5395.481868038887	0
0	17816	5396.342972494429	1
0	17828	5401.827085214667	1
0	17838	5406.207261875972	0
0	17845	5407.202982484363	1
0	17861	5413.029617051361	1
0	17862	5413.291032875305	0
0	17866	5414.229705487029	0
0	17878	5418.771744078258	1
0	17895	5424.657346853753	1
0	17898	5425.393987252143	0
0	17900	5425.670605621067	0
0	17907	5427.806502170279	0
0	17913	5430.303595442324	1
0	17924	5436.103679209015	1
0	17940	5441.560503980144	1
0	17955	5445.572163860777	0
0	17960	5447.253428527503	0
0	17965	5447.330725102685	1
0	17973	5450.899253391194	0
0	17981	5452.682133965892	1
0	17994	5457.878181384641	0
0	17998	5458.129843798232	1
0	18002	5460.08793848834	0
0	18012	5463.97583815432	1
0	18027	5469.381526679847	0
0	18031	5469.944561874492	1
0	18045	5475.325967036651	1
0	18053	5477.230448285233	0
0	18068	5481.032047338781	1
0	18079	5485.127790491677	0
0	18086	5486.179954786549	1
0	18101	5489.655405290423	0
0	18107	5491.409743455701	1
0	18124	5496.492832369866	2
0	18129	5498.302164888124	0
0	18133	5499.097491918829	0
0	18142	5502.323997919211	1
0	18159	5508.267221051963	1
0	18167	5511.380510912157	0
0	18172	5513.182868947388	0
0	18178	5514.14906110358	1
0	18186	5517.83411670499	1
0	18189	5518.823526938675	0
0	18204	5527.508434367013	0
0	18213	5538.20311704848	0
1	60	28.742575801327	17.200032732333
1	72	32.553844323265	26.965713528101
1	94	38.211840347969	15.75662534649
1	108	41.351071294165	24.168172692648
1	144	51.282099284931	17.79035489983
1	147	51.926467015407	23.895762028404
1	150	52.595708227601	8.479422415957
1	173	61.021828539086	22.200877741327
1	198	69.115497926483	2.995830321685
1	202	69.920370104488	9.408469575456
1	243	83.150181129692	33.066018494429
1	252	84.501038919669	12.391574371374
1	260	87.259447849239	31.795479660039
1	287	96.596358757816	18.971801972367
1	332	109.8983122271	26.294331839307
1	341	111.811092984512	17.320883401087
1	346	113.321593436645	13.557981124148
1	351	115.305700657422	10.035855190362
1	363	119.66241454694	30.593221824035
1	403	132.283292518926	21.782692922743
1	424	139.030252024994	12.192233448148
1	429	141.184382515728	24.947311888917
1	475	154.654597726651	33.03969810228
1	512	164.798539329549	32.543095226863
1	538	172.054859586062	18.01983165136
1	549	174.838401215149	31.421044779709
1	551	174.894540532722	36.680775298736
1	553	175.317568594126	15.95614193357
1	560	176.357029126605	27.397746001486
1	567	178.537074224789	13.871391284513
1	624	197.284329241721	16.210155597072
1	633	199.40455251769	28.898719362915
1	643	201.975717690653	15.422961221424
1	656	204.810162634937	29.041373423418
1	717	222.274861858458	24.50140627823
1	730	226.027688752509	33.743897969719
1	738	228.467433284385	13.575380857221
1	755	232.914012093211	23.847021359136
1	757	233.097321026492	30.023114451675
1	759	234.079222921861	8.409386376734
1	776	240.777338736455	3.626871980028
1	811	251.241080416713	19.752495396999
1	814	252.427310624505	32.491970149916
1	861	266.576653161664	23.592987415728
1	868	268.19236480421	19.754593393997
1	882	272.086348666691	12.611787894858
1	895	277.37996760907	23.566400659854
1	919	284.81617075647	20.322363442975
1	934	289.085675535952	7.720143737736
1	952	293.966875986775	24.067766355933
1	956	295.623174511009	19.824654169031
1	996	308.710752176351	16.551324225031
1	1014	313.698966030842	26.567474730661
1	1053	325.117693180449	27.106681800215
1	1059	325.654357804681	11.000594812445
1	1066	327.274698930559	23.281258028235
1	1104	337.476652665178	28.203728732537
1	1142	348.643579925058	28.349559146794
1	1144	348.689501752959	23.099355548039
1	1198	363.749686690163	32.940584879487
1	1219	369.748763846231	27.489426649641
1	1225	371.820209017372	23.84242068499
1	1230	372.919717486945	36.495986276073
1	1251	378.976185180245	3.664947622455
1	1288	388.339955761212	7.714736554189
1	1293	389.687256384289	26.073491945279
1	1309	393.915521995859	40.923097428398
1	1321	397.155909951542	38.684426702559
1	1338	401.408430204726	3.908434323268
1	1369	409.520683266104	6.591448170248
1	1379	412.082965369102	20.550332991406
1	1388	414.857358198029	45.334232719498
1	1393	417.209607727123	31.51581427897
1	1488	442.943174912477	29.362201111973
1	1497	445.652377663992	37.347167251513
1	1507	447.189307464748	23.41139535559
1	1515	450.023355028359	31.373951653485
1	1519	451.71013300505	11.580358140055
1	1528	454.118658650432	19.877962953876
1	1545	459.821692093853	30.982001940134
1	1566	466.236203390868	20.343527541493
1	1624	481.835681458701	29.95478582615
1	1628	483.371877950034	20.339981235681
1	1641	487.040611943345	29.206158228567
1	1649	489.317622737725	10.493218117859
1	1655	490.484099499415	6.204279331025
1	1661	493.420037369126	25.291296479874
1	1717	509.84082718845	36.652114495864
1	1722	511.428865073365	16.180652283714
1	1729	512.442017851862	11.341850320342
1	1736	514.663870753719	24.576948337256
1	1754	521.355879879668	14.96660331415
1	1799	534.121380193042	22.58812126622
1	1825	541.548241070823	19.023135591883
1	1828	542.38163101801	25.66990659118
1	1831	543.31733855151	3.715788997826
1	1882	558.501175249926	30.433820485836
1	1892	561.095120906599	27.051248171137
1	1906	565.481671165793	10.218585648926
1	1915	566.634287442662	5.592265263549
1	1917	566.839932758711	21.848872211647
1	1925	571.609489956752	21.38324346824
1	1965	584.885014770785	18.730801108992
1	2021	600.129242025082	28.396056429716
1	2046	605.855131386312	29.024729947326
1	2049	607.099123314837	19.250405167812
1	2081	615.319990470771	32.721420915331
1	2096	618.383940132333	19.398308094125
1	2116	623.504956293733	13.321114378399
1	2120	623.985877215628	30.796224950813
1	2134	627.314571827531	22.938817742862
1	2150	632.003042201278	6.04145681113
1	2153	632.792916396399	17.427736489801
1	2165	636.922872808295	16.517039661761
1	2217	654.613000370912	23.126210943215
1	2244	662.735004694201	26.057333466132
1	2267	668.35287579987	25.996606494299
1	2286	672.73665010452	25.325252264625
1	2292	674.671229719298	15.286956708994
1	2330	686.34907896898	21.631994421244
1	2345	689.228191152564	8.687817333384
1	2359	693.180096300664	39.776509766348
1	2368	695.483473810596	25.755983635082
1	2385	700.398292321826	14.015554424258
1	2391	702.471610063687	27.288573500935
1	2405	706.614539159344	2.996583703789
1	2458	721.581177085869	29.439088635379
1	2467	724.560609622856	26.699172917054
1	2482	729.329752193996	20.318648179295
1	2545	747.277576046178	27.754424263838
1	2549	747.853941049425	33.496156258741
1	2561	751.740988102156	26.396617938646
1	2567	752.677121054728	21.601376228383
1	2582	756.267845793859	3.812881010818
1	2620	765.730173685237	8.132081217482
1	2631	768.800911817347	32.712594459646
1	2633	768.96108846017	21.948119420791
1	2663	778.745950549022	37.143861212416
1	2666	779.331888617131	11.102046707762
1	2706	791.078470330451	17.022758382839
1	2719	796.043703723928	33.087078575742
1	2728	798.15307103074	18.212355228607
1	2744	802.642290962623	11.648629792964
1	2782	813.502446385449	16.631445510896
1	2786	814.511869910403	12.31489511486
1	2788	814.912892625198	29.101795215391
1	2808	825.099188974825	17.418375795009
1	2832	832.665492711588	19.417846742552
1	2851	837.554733843308	2.385252390754
1	2857	839.947526789503	21.635416966165
1	2879	847.251982371903	23.646761963259
1	2901	853.605208623922	24.190464915942
1	2915	858.110940211684	17.3047837154
1	2927	862.570875638977	11.096396028412
1	2944	867.591188852443	21.496039811756
1	3004	884.692454459379	27.353178179359
1	3011	885.857817196751	17.142880139406
1	3021	890.699665754334	5.069016764872
1	3024	890.997907915616	27.816077853319
1	3052	898.960239171981	24.363167774398
1	3066	903.173038472534	23.187279353032
1	3079	907.387899136169	15.783259741496
1	3134	923.598244108957	26.275737065589
1	3140	925.420638058333	22.269398704404
1	3177	936.453485368634	27.628857566161
1	3205	942.905498880543	28.486165859388
1	3222	947.398177185329	21.777180124541
1	3246	955.137504247365	23.711200834368
1	3248	955.416455953381	2.945048596244
1	3261	960.316994269495	39.989936295316
1	3274	963.972214752459	27.493496137323
1	3281	966.730205283151	8.586793006515
1	3312	977.223185920854	35.67106285179
1	3314	977.612974266869	3.201721823657
1	3316	978.030920491903	9.475901670638
1	3321	979.706386976525	32.718505106051
1	3346	988.846559338738	8.86002895469
1	3360	994.266624471869	30.813557878368
1	3379	1001.287290777894	5.024608225911
1	3417	1012.293346184538	5.387310156599
1	3433	1016.306530431379	30.636877940736
1	3452	1021.628020678646	30.424261283362
1	3457	1022.705000055953	21.241274064174
1	3470	1026.952886601327	3.103021725663
1	3504	1036.78901000123	24.209227714572
1	3526	1043.522013805805	14.315045839175
1	3530	1044.430465015231	26.355018438421
1	3558	1053.323227102517	12.899587951483
1	3561	1053.690404726658	19.20705449069
1	3584	1062.33923117665	11.378798380378
1	3592	1064.86246974312	8.554506810963
1	3604	1069.035438446327	1.291152532678
1	3624	1076.778374974149	31.107028898783
1	3637	1081.13311180449	7.977335594362
1	3650	1086.222408658359	24.043235086837
1	3654	1087.812863622674	9.239044548594
1	3680	1098.030324158839	14.179465590626
1	3692	1102.715089614035	12.917836464707
1	3744	1120.068509315603	13.049244219668
1	3768	1126.107031900784	13.989507370279
1	3775	1127.759362090958	10.617926929726
1	3785	1130.120403404695	28.981866772635
1	3787	1130.365234950206	34.946062980568
1	3806	1137.852869341382	5.033896988957
1	3812	1138.667918851016	11.06316660007
1	3822	1143.524493326197	21.070779593426
1	3858	1157.199038674938	18.713777324302
1	3866	1159.452235592179	15.301909813309
1	3904	1170.165579750085	15.352178350208
1	3906	1170.707033391922	10.406827167257
1	3917	1173.375267818569	24.077225926333
1	3935	1180.362301135783	14.691416703048
1	3965	1189.941444393012	13.332227100152
1	3980	1194.080977846285	6.392373174779
1	3982	1194.608793827584	23.340381372834
1	4011	1204.950021978814	23.137902588233
1	4013	1205.111715971839	5.782529071089
1	4032	1213.723969071985	8.878091049031
1	4067	1225.229202833724	31.80157589051
1	4072	1226.510046692679	5.046450711204
1	4095	1233.159852508918	22.973855950403
1	4113	1238.532064764176	22.925761970109
1	4117	1239.659528654184	13.131984642358
1	4128	1244.128119591972	6.88040943665
1	4174	1258.769370790336	26.782338548451
1	4176	1259.192896474735	16.158581349884
1	4209	1268.882751854485	20.646680055769
1	4216	1271.094277449998	16.908999733277
1	4279	1287.834217255119	27.650791795575
1	4288	1290.128015349734	18.294539638446
1	4312	1295.360863813431	29.288319585147
1	4316	1296.786691202198	19.552483913605
1	4335	1303.563001964237	4.942836083936
1	4354	1309.181271520792	21.572441236467
1	4359	1309.822946977567	5.774467622862
1	4370	1315.151746619725	32.748956319179
1	4402	1324.750266750808	31.872287599139
1	4422	1330.749463961806	20.977094134665
1	4433	1333.743175752109	18.264340922586
1	4441	1336.369401699161	15.131986767053
1	4451	1339.037887277195	6.785887768609
1	4478	1348.7248250402	21.573353232349
1	4498	1356.095155521757	12.977867101784
1	4522	1363.335685379916	25.732515429729
1	4562	1374.77169261535	26.585814256572
1	4575	1377.527166975426	24.330998031655
1	4581	1379.164102368171	20.227315962897
1	4602	1385.087729995602	20.973389373859
1	4605	1385.884222975697	10.520848651416
1	4622	1392.25355914328	22.423971947049
1	4636	1396.836454347008	4.281363332179
1	4651	1401.414585637393	3.735972204013
1	4679	1410.829477924036	24.053712482912
1	4681	1411.037576566216	1.777016025735
1	4697	1418.506959663119	37.431492328293
1	4711	1422.829500694642	7.765003071749
1	4714	1423.477060142204	20.115649217506
1	4763	1443.692922169341	22.651372925378
1	4777	1447.256106438695	15.078102633938
1	4781	1448.320046119041	21.870172284194
1	4802	1454.494225135188	16.322386787622
1	4819	1460.001895740511	5.695353088551
1	4824	1460.260062092331	16.404553565312
1	4832	1464.23345525132	4.072417094722
1	4859	1475.085813212675	26.075021099301
1	4916	1490.649536463897	8.191005406902
1	4921	1492.743440682183	26.603854509186
1	4950	1501.527910683304	30.205022261246
1	4958	1504.134217794169	27.056610619999
1	5025	1521.806483138	22.88687121507
1	5038	1526.340537294278	32.459822672884
1	5053	1529.62163490185	25.003251326853
1	5056	1530.448832878378	42.183619768128
1	5094	1540.95471932192	20.015937316117
1	5129	1550.973095982568	24.098419673974
1	5133	1551.229814509628	7.598707619822
1	5149	1555.813908958454	39.999088738925
1	5157	1558.538113518036	48.567739368068
1	5167	1560.231616270379	11.341741502169
1	5184	1565.122492132126	11.206523786881
1	5223	1576.950670540448	44.351960117812
1	5226	1577.685256079301	39.56670253514
1	5229	1578.025356162919	13.668762236483
1	5263	1587.407695266766	28.224474263959
1	5266	1587.920731556251	2.06351312797
1	5284	1592.519848939847	22.166574620527
1	5292	1595.856203086903	20.460410595868
1	5327	1606.717399229412	26.119226239273
1	5368	1617.017961796839	25.739270689899
1	5385	1621.158454431104	24.366911242368
1	5416	1630.213800058116	28.133501461125
1	5425	1633.109407343433	25.930258362786
1	5427	1633.704334762762	20.570191868466
1	5453	1642.008458257069	7.037208279013
1	5474	1647.81499977177	28.852309133161
1	5476	1648.156784820834	7.307086091489
1	5484	1651.847523599631	27.640442569976
1	5531	1664.55727577582	7.664065228311
1	5550	1669.426186251335	17.557182418531
1	5569	1673.424234373846	44.186824069246
1	5579	1676.943043768054	31.034900943166
1	5599	1684.116176780429	16.356834315114
1	5617	1690.067227770109	27.808781611968
1	5646	1697.90801075264	19.553465259963
1	5649	1698.587464171345	15.172166614678
1	5675	1707.682484279153	34.729937740835
1	5718	1718.82097241655	30.308938179865
1	5738	1725.103139037845	25.145751184898
1	5753	1728.849446097156	34.864370913246
1	5764	1732.160325075268	26.338113006905
1	5766	1732.380859555673	15.516387911976
1	5769	1732.933928083162	10.144489108119
1	5844	1754.884147599453	26.293223869868
1	5851	1756.559947855188	44.793512861594
1	5869	1761.587533749638	21.932899211532
1	5871	1761.672329855846	27.383845943256
1	5929	1778.785334059851	10.231064220075
1	5932	1779.213595734325	28.267223867004
1	5939	1780.079828866989	34.807204477488
1	5964	1786.591810581971	12.465456273638
1	5985	1792.745998215746	29.989264676232
1	5990	1795.101676860244	15.049036648476
1	6026	1807.064081967576	16.128984415439
1	6046	1812.822881151689	55.933383221971
1	6080	1820.928665284416	19.426796700223
1	6104	1828.763746764161	43.667969949427
1	6107	1829.343237900175	33.176928404719
1	6118	1831.726410373229	7.649895852314
1	6146	1840.23975945101	33.093275757971
1	6152	1840.808775284559	22.028992316684
1	6203	1856.110264865332	9.554924172466
1	6207	1857.030474425873	27.670152033328
1	6220	1859.055963919615	45.946096094908
1	6232	1862.65655368753	27.871610051955
1	6246	1865.605171189759	8.05663680972
1	6252	1867.251958213629	3.916085556498
1	6301	1881.69967092201	29.7349624841
1	6325	1889.076389324269	48.431742902263
1	6329	1889.867319143843	16.042771326379
1	6332	1890.458869329304	11.153860911844
1	6344	1893.305596902383	24.65154950472
1	6373	1903.3960124976	18.135360492627
1	6375	1903.972718306001	7.641731606913
1	6377	1904.004779188659	13.335071004461
1	6394	1912.617195481317	10.810412320425
1	6416	1922.723418773967	15.126098547714
1	6424	1924.452113048522	5.564133505453
1	6443	1933.885110647184	20.675342887407
1	6459	1939.501785808707	9.205211788648
1	6496	1951.339525594841	9.939425467281
1	6524	1958.746330260297	34.338738929479
1	6542	1963.264845259604	27.612508673338
1	6560	1968.741447459322	22.271587397087
1	6571	1973.621761309796	16.507622563395
1	6589	1977.909401020734	26.077322143131
1	6608	1983.374034490901	4.284529009368
1	6619	1985.735480096774	17.722532739049
1	6631	1990.129497773827	27.5422185302
1	6638	1991.625870811985	7.30540838046
1	6663	2000.937722462927	4.874928779434
1	6670	2002.119449343998	28.388655445772
1	6696	2012.179304076358	5.817630753386
1	6708	2016.054583014569	25.8732891354
1	6721	2020.706265033807	19.611832040481
1	6724	2021.79480189865	10.06152273959
1	6758	2035.315941432957	6.627444124314
1	6775	2039.752579071443	16.939623088226
1	6777	2040.365152322453	23.252614574272
1	6822	2056.316107175083	5.151124636411
1	6845	2062.126686085249	27.563222105614
1	6862	2066.293251606288	3.50882249244
1	6864	2066.659158874655	27.036780855736
1	6874	2069.419902532596	12.449348289752
1	6881	2073.345706063788	28.163008307338
1	6959	2098.009957424135	18.986454637954
1	6961	2098.503611516443	29.989600902191
1	6976	2102.264660101851	17.584674110868
1	6982	2103.646295424783	30.027081937526
1	7004	2110.081445966616	4.143311545718
1	7018	2113.248906218217	17.841470149114
1	7021	2113.956307489775	13.24461041612
1	7023	2114.853970274565	3.23049158603
1	7068	2133.113517245276	42.853038972007
1	7086	2137.319192643978	19.900849147467
1	7092	2139.070100251238	16.283599568182
1	7101	2140.632028390887	7.211892495164
1	7109	2144.654871554814	16.324541983893
1	7155	2160.308232656566	15.086358630681
1	7158	2160.749800633757	4.413030367461
1	7173	2166.731754419049	27.339838871153
1	7188	2170.886439733442	3.4334631823
1	7190	2171.509501780851	9.202371321153
1	7198	2174.725412525471	24.210761703085
1	7242	2192.424058558888	3.272617353825
1	7268	2199.712589635166	26.848586323088
1	7270	2199.998354725191	21.498311170491
1	7272	2200.146333479674	16.193675968213
1	7283	2204.813891898961	4.444190653391
1	7293	2208.137988699604	13.728976801039
1	7323	2222.119298103152	10.754824829637
1	7329	2223.414942651292	17.435399701586
1	7334	2225.013879244452	8.202152641258
1	7353	2235.130788912998	7.053026081295
1	7383	2246.650443363355	24.418932237546
1	7403	2252.796689299403	12.933276045369
1	7413	2256.599742638531	22.537082455703
1	7474	2274.42711781303	28.620286797055
1	7490	2279.516095634787	27.7188281531
1	7520	2286.893850587311	24.777372581186
1	7522	2287.013648711961	29.919299156986
1	7567	2300.049860774656	32.645447047542
1	7583	2303.301829038891	30.358073776358
1	7596	2306.979663634791	28.254747081665
1	7610	2309.767746348168	19.500354645308
1	7649	2319.367174155079	23.434350174152
1	7651	2319.606508441736	7.097548996564
1	7665	2323.483102013007	21.610617924829
1	7673	2326.629864867084	41.955336745367
1	7712	2337.36560122273	30.175661364104
1	7733	2343.301580353525	20.007659199531
1	7735	2343.678016499621	25.653074905047
1	7773	2355.777797873597	10.669594005913
1	7782	2357.051118675153	28.403678103115
1	7788	2357.930246708566	18.108254737337
1	7814	2366.088409336518	15.753550119
1	7846	2374.240394560157	18.330232313836
1	7882	2383.818808243844	22.302952368046
1	7884	2384.77717242029	50.685569027088
1	7892	2387.937491597142	15.241829346865
1	7905	2391.899136107301	25.030208166807
1	7963	2408.565978214144	30.288414797977
1	7971	2410.280528825242	15.844418669352
1	7974	2410.542910688675	11.091077588849
1	7978	2411.854882111656	23.175665738875
1	7989	2416.921098415621	33.322576750649
1	8032	2429.744472786552	14.401259413222
1	8043	2432.519462043999	27.877990747682
1	8052	2434.708599782777	24.907737408061
1	8090	2445.189717908856	24.424623115919
1	8107	2449.909050176619	13.335694248322
1	8126	2455.035227852758	23.661095405114
1	8151	2462.872609616139	36.500676858585
1	8190	2473.598991948178	31.087743134002
1	8193	2474.303529385828	14.111616105889
1	8207	2477.591448322638	29.298771429108
1	8215	2480.254437471627	25.979317523192
1	8217	2480.987654097495	4.537569606094
1	8256	2492.771155269234	27.166621395734
1	8292	2501.903455011196	8.985835780039
1	8294	2502.499914178742	31.628698735381
1	8306	2505.054180508129	17.853561283437
1	8324	2509.444965489325	1.316455343156
1	8328	2510.991697905935	29.533033497515
1	8333	2512.881392134235	14.912593490791
1	8367	2526.170445927768	23.122964969254
1	8394	2534.405223641195	8.637822774355
1	8413	2539.24302629498	25.188854822192
1	8415	2539.323897701222	19.475239600753
1	8443	2549.761024008622	18.037215736113
1	8464	2557.169912316369	8.537921674316
1	8471	2559.80683730496	22.166349177481
1	8501	2568.381098928861	2.629394201795
1	8516	2573.062504933098	13.02866557578
1	8525	2576.261571480194	32.756199402968
1	8555	2585.136036187874	30.846417489693
1	8567	2588.731374965165	17.220209914609
1	8588	2594.952821124462	17.555542651682
1	8598	2598.703785184071	4.64287596452
1	8621	2605.801241900888	22.907525127638
1	8650	2614.364322292967	4.455453684204
1	8653	2615.120049131565	26.781000119166
1	8705	2629.967038628877	14.185638095252
1	8708	2630.277661742175	31.000701150623
1	8711	2630.666175726101	9.558107917895
1	8722	2634.706045567292	29.967970944244
1	8726	2635.624260183074	8.592862709542
1	8738	2642.880787663743	4.319912857725
1	8740	2643.423946290626	10.637006596546
1	8757	2653.308985218406	9.04784683534
1	8810	2671.549763376475	21.821613450418
1	8821	2676.415005810209	10.274172165314
1	8831	2678.823706411639	23.614350540912
1	8834	2679.673051601858	2.261264894274
1	8854	2686.578921951701	15.061226109157
1	8863	2689.19025642972	28.056761957589
1	8884	2698.073632108047	14.951364197767
1	8907	2705.187199695035	16.106052890186
1	8917	2709.008077608655	4.138120463118
1	8946	2718.157431643109	23.951122478467
1	8954	2720.793507715339	10.764814745984
1	8981	2729.030472202112	29.495382841561
1	8990	2731.559760865057	15.687414216342
1	9027	2742.512486192282	15.828078520599
1	9029	2743.408425334378	10.81789729232
1	9059	2751.942094052913	30.788837203991
1	9066	2754.411648673591	16.334674934276
1	9068	2754.678111198012	5.053316239152
1	9100	2766.879604343443	23.239490579464
1	9133	2777.423803820976	10.497847995488
1	9153	2781.644315195855	26.108892855119
1	9168	2786.238903030406	13.962068926193
1	9171	2787.081163967377	25.666950856216
1	9216	2800.096529748759	5.512568381615
1	9225	2803.521743765801	19.963538442737
1	9228	2804.355372587455	26.486371840816
1	9242	2809.224426888515	19.688920093119
1	9312	2827.691348470866	28.093779129558
1	9316	2828.571811593955	18.413297373685
1	9319	2829.375632502723	13.833479300723
1	9328	2832.911378530904	27.901488340809
1	9349	2839.791134182833	2.197029277916
1	9353	2840.566811540981	13.845333260134
1	9384	2851.002268319719	30.148209142964
1	9388	2851.794166515468	19.380169236451
1	9411	2859.954582371053	16.534766063792
1	9445	2869.814423263308	3.436206569429
1	9450	2871.31520000694	22.122216372167
1	9456	2872.633914719804	12.210021937964
1	9458	2872.784452092139	17.779814738082
1	9507	2893.143749065584	21.065268001403
1	9540	2901.734245469561	18.806518383787
1	9545	2903.388870175814	26.163106757565
1	9564	2909.204599771535	4.516286139493
1	9572	2910.699960024215	11.159628303605
1	9580	2913.811059048634	25.315102502703
1	9598	2919.880128795983	4.616557406262
1	9623	2928.155769786218	33.810024587088
1	9638	2931.653841769791	5.064042760525
1	9645	2933.833568535981	12.743197370321
1	9659	2938.766812679477	28.554564725957
1	9677	2945.618732748207	8.254255553126
1	9690	2950.120821966677	18.485642216752
1	9692	2950.237953980456	2.467360835523
1	9700	2954.924559937793	12.321794114076
1	9705	2958.468192402741	4.744148540543
1	9712	2963.324715723868	4.415218106587
1	9725	2971.825246674012	7.891189632938
1	9746	2981.429757155249	6.158439015505
1	9748	2982.364540468322	12.551903601619
1	9763	2991.632085563617	11.157548232236
1	9785	3000.518684999322	8.442839474883
1	9797	3005.875479789222	19.798301348464
1	9826	3017.360592569227	14.148038314888
1	9842	3022.099583393665	7.499148633797
1	9877	3032.468142005269	34.732762395987
1	9897	3037.677889932533	28.686121898355
1	9917	3042.263307592367	21.726087296612
1	9953	3053.295107842194	16.944920035079
1	9965	3058.154915850843	32.236152015856
1	9977	3062.205950885201	3.448648126447
1	9985	3064.142933999891	32.862650627504
1	9997	3068.524571772553	21.244773256942
1	10037	3079.288596768286	26.117737772991
1	10079	3091.005055760737	10.590978418012
1	10084	3091.628909699739	49.911729184328
1	10090	3093.545235424073	29.477974371285
1	10093	3094.183387532952	8.518389592763
1	10097	3095.468035233676	20.387293643317
1	10109	3098.819402645814	28.994400006255
1	10133	3107.573838848508	4.85927490692
1	10156	3113.885808145982	5.202830596245
1	10160	3115.416457424177	18.17330646282
1	10166	3117.969082980307	26.443120461076
1	10178	3123.737363610306	4.587865033071
1	10212	3136.275753833476	22.484342294164
1	10243	3145.508598893303	15.775102967512
1	10251	3146.69171800756	22.155021167477
1	10271	3153.310233275528	12.53839790111
1	10290	3159.505182654836	7.361152175815
1	10292	3159.884222746715	25.067367930081
1	10325	3171.497375827056	13.898885408417
1	10362	3181.384185078444	35.236527575531
1	10368	3183.302601925919	19.892002841342
1	10391	3190.302399056854	21.681952988613
1	10428	3199.293694027589	8.804738680249
1	10439	3202.098751511664	27.816499716835
1	10468	3209.139530868044	29.522944495781
1	10471	3210.192657098994	25.279647053101
1	10476	3211.866415001343	15.879337350489
1	10491	3217.588585295024	16.129299008288
1	10527	3227.496226389433	15.274533279937
1	10541	3230.735284604258	23.833875917948
1	10547	3233.274251892822	15.652370485129
1	10557	3236.335086487358	13.325476982748
1	10561	3237.950078698464	4.317866049357
1	10588	3249.564759121634	5.176833253937
1	10604	3253.856619823964	25.294874169398
1	10638	3265.244831086261	26.607406594675
1	10650	3268.476385747554	7.567300216294
1	10661	3272.159602125183	21.940123925452
1	10667	3272.449422472397	5.864420497325
1	10680	3277.961265408091	22.604453574051
1	10746	3297.716672213638	9.206894150819
1	10766	3303.399938705383	31.010713266208
1	10773	3305.618305104673	22.687946404911
1	10784	3307.638550948824	29.983695460018
1	10862	3330.364950275637	18.979751834763
1	10877	3333.61155327701	33.562031227046
1	10879	3334.379921026882	40.007735462276
1	10881	3334.527718555422	12.977453992471
1	10888	3337.620126065919	31.981554058961
1	10902	3340.733711288899	1.958086195519
1	10917	3345.226250348733	28.705687313921
1	10952	3355.49206979096	22.323792354553
1	10958	3356.648242491303	6.111635846552
1	10984	3364.532015810494	3.539933176479
1	10996	3367.964458172797	12.005734339007
1	11001	3369.402235771415	42.087833664726
1	11016	3375.198395512889	30.622712154991
1	11079	3394.321519300464	27.753990688012
1	11081	3394.450078239319	17.107937891151
1	11103	3401.973204499116	19.020359407412
1	11115	3405.097790551377	33.144498764071
1	11151	3414.676736029218	15.637994547256
1	11154	3415.089523762934	21.124074716119
1	11181	3423.380672651	2.284453710192
1	11186	3425.232603908056	37.12723699701
1	11204	3428.918480816771	24.203529671768
1	11242	3439.485204022151	29.109338880982
1	11276	3447.874148588283	32.011243696672
1	11283	3449.231226591051	22.945865461953
1	11306	3456.531285105629	19.286222875002
1	11314	3458.840466728673	27.54928541393
1	11370	3472.935027578272	24.506368817181
1	11392	3478.026881093982	18.673204745982
1	11406	3481.520452305565	27.924351779395
1	11432	3489.354199173051	46.855114970937
1	11446	3492.129110793589	27.29630792397
1	11448	3492.325158745757	21.509845745518
1	11461	3496.432499981959	20.277341637063
1	11473	3499.270715977887	18.003951015766
1	11487	3503.992674615706	6.64057757915
1	11505	3509.071896062123	16.951298504952
1	11524	3514.883533711785	27.982822063845
1	11539	3519.880470889744	6.217194672558
1	11580	3531.419739987825	12.591065434856
1	11587	3534.098377656547	31.240950202453
1	11612	3541.229763203773	17.262174646603
1	11618	3542.631390645872	34.048321995184
1	11631	3545.678078793811	11.452599810553
1	11648	3550.548201447942	11.214334900375
1	11659	3554.892344312747	4.93185035209
1	11682	3562.160586844903	33.128710897639
1	11707	3568.541573581757	24.204625266836
1	11722	3574.112881553366	18.268143208931
1	11731	3577.191097747076	10.128132773564
1	11733	3577.515524715191	16.024825831875
1	11741	3580.426973461531	7.640250795173
1	11752	3585.958261417696	7.963504992657
1	11793	3602.412966073032	13.716477547307
1	11797	3603.723731500569	9.21966887149
1	11829	3613.703072953859	8.501912099192
1	11838	3616.199581398751	32.884091535699
1	11850	3620.034500469228	9.057040529559
1	11891	3632.582446638851	32.468703555292
1	11930	3642.295847244453	9.365397288116
1	11934	3642.971905010876	26.061543758144
1	11968	3652.116657465819	24.553754562162
1	11971	3652.568708549492	30.339815136975
1	11976	3655.178664722836	16.310161543427
1	11982	3656.994498152527	12.443569128868
1	11990	3661.382447178598	10.948567133745
1	12022	3674.40103822598	7.152612316655
1	12030	3677.068823064103	21.137899825001
1	12063	3687.727144930868	4.083403458469
1	12068	3688.651819362079	10.198240865487
1	12084	3694.411056192597	32.774551555978
1	12099	3698.804943004165	25.854070710019
1	12110	3701.956763071365	7.283213279559
1	12116	3704.804328441861	15.308635167545
1	12118	3705.125683194849	5.196903614211
1	12156	3722.978094515748	11.362179294345
1	12158	3723.140261175701	17.377430726192
1	12193	3736.724063685405	8.402250987711
1	12195	3736.7306583596	14.031285488279
1	12230	3748.27986231703	30.765293505507
1	12252	3754.598103816861	20.554473341675
1	12260	3755.729813682621	11.067971623735
1	12284	3763.668819410967	13.926089815796
1	12290	3766.814000486984	27.346186998648
1	12315	3774.026821623331	12.548490185756
1	12339	3780.873123099802	25.177185567096
1	12351	3783.695634037033	5.404616202229
1	12362	3787.398320489222	14.979345265427
1	12370	3789.606768673179	6.053040000728
1	12390	3797.09248527804	29.894384330723
1	12440	3813.045451858321	24.414845576276
1	12453	3816.789701967392	22.825002565631
1	12459	3818.958659390112	13.403704944649
1	12474	3825.734226864072	9.796922275331
1	12476	3826.207427167109	4.718320612796
1	12494	3833.140040379608	33.210913294345
1	12551	3848.89463831322	10.870700874598
1	12577	3857.399259192295	46.513355423347
1	12581	3858.11280745932	25.511656534274
1	12590	3860.650902185015	6.119101870224
1	12592	3861.230888646221	34.145565000946
1	12653	3876.532410636668	11.4968180781
1	12660	3878.454716069748	18.511891834322
1	12663	3879.652221398788	36.29627467634
1	12672	3883.039141220049	34.453775195406
1	12711	3895.303298923664	24.801017600116
1	12718	3896.932109873633	10.004861802445
1	12731	3899.298451074757	17.396590568243
1	12757	3907.268564585253	9.774695249157
1	12766	3909.241991601194	32.834578173236
1	12787	3916.140151779524	7.615530940821
1	12793	3918.447845761791	26.455915514034
1	12842	3931.955760237071	28.864746655339
1	12859	3936.834042074514	11.104435271466
1	12866	3938.607044346405	24.454473664053
1	12870	3939.859164515052	20.07604050939
1	12910	3951.55787516479	4.263538360595
1	12915	3953.029186819221	16.617629222572
1	12920	3953.874912994454	23.078055240446
1	12937	3959.889832527965	18.171004417003
1	12943	3962.829666830955	4.369269404444
1	12945	3963.519583744236	10.280422721291
1	12963	3973.966190742684	4.364201306482
1	12974	3979.350179093314	4.010016057291
1	12987	3985.66853664397	21.804003145779
1	13024	3999.21938316094	18.35835317697
1	13044	4005.01877552481	18.585320453392
1	13057	4009.064258740636	17.432204078997
1	13076	4014.887959172839	6.834349085927
1	13095	4020.477620134022	23.501298630264
1	13134	4032.092134375363	7.780734434491
1	13136	4032.272590015204	29.884504721615
1	13149	4037.478899312444	2.167581473477
1	13151	4038.11789728364	18.889552879729
1	13165	4042.905496299387	29.064722800044
1	13205	4055.153553834424	14.164496623911
1	13236	4063.374141289159	6.119054406648
1	13239	4063.848438955497	34.12184844061
1	13272	4073.76127089479	27.546398172736
1	13278	4075.359606268006	6.948755547986
1	13281	4075.900104175907	12.663408667429
1	13283	4077.10650479573	25.835842232337
1	13298	4083.415510519879	4.342597084586
1	13336	4097.24913982116	23.807560711398
1	13345	4100.738034729852	10.541107979138
1	13399	4116.519184242242	32.130649241154
1	13436	4125.771818946238	30.452184917289
1	13454	4131.718433955223	30.682806216412
1	13479	4137.698549542118	30.853623671459
1	13509	4146.605389176057	5.697107833926
1	13513	4147.46936588083	29.218102234881
1	13520	4149.695855325676	19.745941979695
1	13524	4151.238862882954	4.86719429714
1	13526	4151.975319281227	27.800864142134
1	13531	4152.252809488336	39.833330912398
1	13560	4164.66364075081	12.599149714457
1	13605	4178.059146946186	42.984659853742
1	13629	4184.33456965129	20.375092649949
1	13651	4190.091240068556	20.968382404537
1	13654	4190.355329944059	32.380215361016
1	13694	4203.62135908567	17.972387840739
1	13730	4214.630511299599	40.063667903308
1	13754	4220.759550622674	40.288646861449
1	13772	4224.396619156827	32.756900521581
1	13796	4231.09411609057	33.641252647155
1	13807	4233.944420952709	31.083941840455
1	13810	4234.557463171314	26.327083953772
1	13833	4240.169331535824	21.076883394393
1	13859	4247.161617536453	33.541719463771
1	13881	4253.584120316785	18.664695408545
1	13900	4258.889965423741	29.126278136745
1	13909	4261.786200051323	37.563675536198
1	13925	4265.131372276355	19.209235076217
1	13928	4265.421209335797	13.636103079654
1	13969	4276.180926269158	19.366824332159
1	13979	4279.501047865498	17.272101107525
1	13990	4281.665036652014	41.621988468809
1	14009	4287.54672199849	19.51367872965
1	14015	4289.82157575643	16.202384873534
1	14053	4300.946493520173	10.104008665773
1	14073	4307.038187773319	27.496673341955
1	14080	4308.663302249512	23.608402689452
1	14107	4316.439967135553	8.59221774421
1	14117	4319.075166664907	16.877494961839
1	14133	4324.651546768733	5.971593376832
1	14142	4327.519795688573	30.81992335408
1	14179	4338.91409665917	8.487548878998
1	14186	4340.885723721473	27.336052848957
1	14209	4348.524676290347	12.292737147772
1	14221	4352.773149129706	28.328398246085
1	14236	4358.18058090541	4.250075965421
1	14259	4365.979155663521	17.925474227289
1	14269	4369.333830176625	27.149963983568
1	14289	4376.359733280382	5.061623703107
1	14321	4384.896698801783	2.944874080131
1	14324	4385.899984103166	9.306439005071
1	14326	4386.548397021256	26.887865423108
1	14339	4392.184347101607	26.601392997544
1	14349	4396.543285885947	8.719094725442
1	14351	4397.043082708963	4.03408447816
1	14385	4414.210346600161	4.636317877913
1	14427	4427.168733914504	28.389195408789
1	14469	4437.948628108952	22.390272174728
1	14472	4438.715249239705	34.487881715643
1	14477	4440.281760409246	19.48654465354
1	14508	4450.395000610738	2.612153465161
1	14523	4455.620164986822	29.136694539688
1	14529	4456.480872967984	19.952812122647
1	14540	4459.000217893746	16.475598164949
1	14547	4461.7839297941	8.61875439994
1	14602	4477.500933893031	19.2848723894
1	14622	4483.721887391767	52.206788005776
1	14645	4490.779118112409	21.384815996629
1	14647	4490.821750646694	27.093543500639
1	14680	4500.266277500082	20.039783214334
1	14714	4509.308993620918	7.433587581734
1	14726	4512.295469296406	37.624951347713
1	14757	4520.775648486806	29.795355853626
1	14760	4521.941993744697	25.185504473162
1	14784	4528.151410997505	42.478226102311
1	14791	4530.65749550646	7.686447706888
1	14800	4533.645367892113	26.500767917721
1	14846	4545.239625229737	27.272583561251
1	14854	4547.65124508413	2.912077571732
1	14861	4549.839409742864	37.257596062852
1	14888	4556.485290658547	6.009155466803
1	14900	4560.014966961117	31.948578948039
1	14912	4564.464643694231	30.663955359719
1	14916	4566.452669878733	27.562119751942
1	14930	4570.586163945622	14.3197131072
1	14951	4578.039749418854	11.073965317802
1	14958	4579.543346609573	18.014805463956
1	14979	4587.967601258311	4.233627635519
1	15007	4596.109460326149	23.502999396297
1	15014	4597.540839834725	7.954142087721
1	15016	4598.140385093753	20.005995625746
1	15027	4602.68985831738	7.373767598533
1	15053	4615.003008048637	14.378149825498
1	15102	4630.047421089376	24.245278588029
1	15120	4634.568782518854	12.812831815099
1	15138	4640.119652182566	29.012035749154
1	15155	4644.93453782087	28.821462508872
1	15184	4653.008953161423	20.10152958764
1	15186	4653.076002450315	9.223219619482
1	15228	4665.630616142534	27.517625375999
1	15250	4672.844111082612	45.243506034602
1	15253	4674.070314271614	19.370962136193
1	15272	4677.956240203237	12.519837590633
1	15294	4685.363400495267	2.625262224232
1	15297	4686.059391720459	26.119744983968
1	15330	4695.78130294418	8.010858578025
1	15332	4695.807232249529	46.188713568259
1	15338	4697.7130063125	26.65044369246
1	15394	4714.383409601875	21.229369798909
1	15416	4719.656245184834	4.984612258384
1	15431	4723.843668877617	20.12221125327
1	15448	4728.683492372509	51.843776342452
1	15456	4730.73973750184	32.131496032236
1	15468	4733.411268756614	13.271136877244
1	15492	4740.459427467431	31.023082626397
1	15511	4745.655610982334	14.68030293705
1	15518	4747.483184194544	22.287795135865
1	15555	4758.452446762709	10.356601561186
1	15580	4765.20234482445	22.981137158467
1	15589	4768.156410917294	14.219983719172
1	15593	4768.937436536425	32.127585090231
1	15642	4783.767727576434	13.885141195264
1	15645	4784.206235809841	24.924091459138
1	15648	4784.901644813947	20.617127291507
1	15685	4795.766758568123	20.653211596887
1	15693	4797.749377713544	6.681072063279
1	15736	4809.74242448912	24.068388589309
1	15738	4810.164465075362	29.929929333505
1	15760	4816.998360674714	8.528589347025
1	15794	4826.960563358273	24.45896903111
1	15802	4828.871631885304	31.973595479389
1	15818	4834.122797022579	3.753297581337
1	15821	4835.46777462599	21.704992132378
1	15829	4838.046302980166	18.791742071392
1	15878	4853.315690758644	17.009003342129
1	15899	4859.647491223416	17.817075127734
1	15928	4867.889395946639	43.327141247686
1	15948	4873.196468319167	25.890024571562
1	15954	4875.271009294088	10.802395868114
1	15988	4885.013682123862	3.991530904197
1	16002	4888.443433639018	29.605101530325
1	16027	4896.241737974113	43.154143685473
1	16046	4900.841509510536	9.589441258693
1	16067	4906.91301644268	31.361922423354
1	16070	4907.847033236065	21.688468395848
1	16126	4924.352246272616	54.564637429779
1	16146	4930.06734295481	21.341553556384
1	16166	4934.892337280215	32.032169896295
1	16182	4938.750430016318	41.783613046398
1	16189	4940.51865289838	26.566449064877
1	16248	4955.71755492152	14.691923727979
1	16253	4957.050076850465	37.804382307924
1	16261	4958.391595728935	27.518199572342
1	16286	4964.936220143461	39.850392985624
1	16311	4971.943521699644	35.995462376396
1	16314	4972.04060759873	14.975362189929
1	16316	4972.574607516177	26.219647167018
1	16349	4980.893447476094	28.93890148087
1	16369	4986.980777175635	19.219036950031
1	16390	4991.659876100839	8.070839129971
1	16406	4996.369200551071	23.297864381806
1	16431	5003.668867819835	41.534694851265
1	16472	5015.089149405485	14.853562100791
1	16474	5015.623479927195	37.152717338875
1	16485	5017.71111047373	23.173118367442
1	16502	5022.083233823888	16.778419960641
1	16513	5025.189726276791	36.012514104134
1	16531	5030.115920743211	19.252469810426
1	16588	5045.621749112969	14.219649846317
1	16593	5046.988087283218	31.121508131037
1	16600	5047.878485691506	26.928011201557
1	16625	5055.224267310118	28.974329479389
1	16633	5058.081842008517	10.787468793569
1	16674	5068.273499448206	9.441074922099
1	16682	5069.537069452233	33.043984463672
1	16688	5071.561915033502	29.694375712425
1	16714	5078.74291333906	25.581276240993
1	16753	5089.762841189052	25.890960190213
1	16776	5095.165602274593	26.273528938532
1	16778	5095.825495904896	15.64071144734
1	16793	5099.948184279495	14.008501919685
1	16802	5102.633704917391	28.363742845481
1	16805	5103.229447632332	6.832164763473
1	16857	5120.774349737914	7.792288325959
1	16876	5126.121413549527	34.938296206179
1	16906	5133.079592058436	30.95796625642
1	16920	5136.575402394172	29.352409662446
1	16949	5144.844382462092	20.534879633224
1	16960	5147.610439250363	6.936132640228
1	16970	5151.00023986574	5.027152339812
1	16976	5151.727190738663	33.376391427243
1	17004	5161.734644617886	26.628080493304
1	17008	5162.682510338844	32.702178915383
1	17019	5165.435062129517	13.810884762089
1	17037	5171.003630017746	2.525889805634
1	17054	5178.039283379446	14.78585079382
1	17063	5180.513632030461	23.083226326621
1	17076	5185.359607202817	11.747583957273
1	17099	5195.625280756154	4.6847156164
1	17108	5198.283075393527	13.016280773445
1	17143	5211.542218134272	31.98792039533
1	17168	5217.733653268894	16.212140792632
1	17177	5219.911695084535	12.612622238929
1	17203	5227.348873277544	31.216605914174
1	17210	5228.749117616796	15.768863511504
1	17216	5230.176131290965	6.240495973616
1	17276	5249.973746360163	31.436869386933
1	17293	5255.000609768436	25.478543881908
1	17298	5255.883919031476	20.619697400487
1	17358	5271.612914210882	30.370239312294
1	17374	5276.401025673607	18.123113575392
1	17381	5278.622027311124	25.893468495808
1	17395	5281.933820188858	34.71674805309
1	17428	5290.515059577068	9.319725113689
1	17468	5302.833737256121	27.577019003104
1	17483	5305.857719877968	36.558622165352
1	17489	5307.642425129423	9.369177328191
1	17498	5309.440842263399	45.389407393988
1	17553	5324.012662506662	31.226500011981
1	17564	5326.601490939967	17.424183546333
1	17570	5328.081759911264	24.501679463779
1	17621	5341.810329602449	54.645833168529
1	17625	5342.517251072451	27.996870586183
1	17637	5346.729946708541	21.731130719419
1	17660	5352.349201738019	32.570395082817
1	17676	5356.289493823424	20.481340817176
1	17693	5360.467381370022	30.274765941548
1	17699	5363.31873316248	16.064242787892
1	17730	5371.787796253689	7.753152985941
1	17748	5376.589933626354	23.533324368763
1	17755	5378.020465214737	3.670406818622
1	17757	5378.602353670521	37.158326600332
1	17790	5388.996249790073	30.661448316883
1	17793	5390.411430703943	10.330186652951
1	17810	5395.197482739458	26.035833249915
1	17812	5395.481868038887	10.35498022521
1	17838	5406.207261875972	15.295261058492
1	17862	5413.291032875305	6.088050390942
1	17866	5414.229705487029	1.200088435668
1	17898	5425.393987252143	23.566902037476
1	17900	5425.670605621067	29.327633126638
1	17907	5427.806502170279	9.034758092021
1	17955	5445.572163860777	20.914817007024
1	17960	5447.253428527503	5.692924547359
1	17973	5450.899253391194	3.568528288509
1	17994	5457.878181384641	21.774502175626
1	18002	5460.08793848834	29.784343046016
1	18027	5469.381526679847	11.251682881615
1	18053	5477.230448285233	24.548314319341
1	18079	5485.127790491677	9.801823455026
1	18101	5489.655405290423	25.679567136103
1	18129	5498.302164888124	28.357603013632
1	18133	5499.097491918829	18.065444580048
1	18167	5511.380510912157	9.056512992946
1	18172	5513.182868947388	27.002914160839
1	18186	5517.83411670499	26.424373249289
1	18189	5518.823526938675	10.556305886712
1	18204	5527.508434367013	13.359373263433
1	18213	5538.20311704848	41.710284678614

