version 3
run General-7-20240428-16:41:49-11295
attr configname General
attr datetime 20240428-16:41:49
attr datetimef 20240428-164149
attr experiment General
attr inifile omnetpp.ini
attr iterationvars $0=true
attr iterationvarsd true
attr iterationvarsf true-
attr measurement $0=true
attr network Supermarket
attr processid 11295
attr repetition 7
attr replication #7
attr resultdir results
attr runnumber 7
attr seedset 7
config network Supermarket
config repeat 10
config seed-set 7
config num-rngs 10
config **.use_random_strategy true

vector 0 Supermarket queueSizeOverTime:vector ETV
attr recordingmode vector
attr source updateQueue
attr title queueSizeOverTime
vector 1 Supermarket customerWaitingTime:vector ETV
attr interpolationmode none
attr recordingmode vector
attr source customerFinished
attr title "cust waiting time"
0	7	5.927480536979	1
0	15	11.79990683496	2
0	22	16.832297099056	3
0	30	22.284860794898	1
0	40	27.44128295104	1
0	54	32.314152033882	2
0	58	32.567229147535	2
0	67	36.084385070715	0
0	73	37.911534581799	1
0	87	42.678213348147	1
0	91	43.250946352957	2
0	109	48.862641130341	3
0	112	49.656237698741	1
0	126	54.356810688274	2
0	142	59.975448140176	1
0	146	60.879776058484	0
0	159	65.736073767766	1
0	167	67.36351602571	0
0	171	68.814355671753	2
0	184	71.650033100275	3
0	188	73.514398014171	2
0	200	77.113441777648	3
0	206	79.183128256584	1
0	213	81.560588833528	0
0	217	82.123745123623	2
0	228	88.00054567866	1
0	231	89.489128756918	2
0	244	93.567657273495	1
0	253	96.122091206489	1
0	266	99.552973893936	2
0	282	104.082249564235	0
0	289	105.086729686939	3
0	304	110.262967670335	1
0	316	114.261640248937	0
0	326	116.198055816114	1
0	328	117.472873995665	2
0	341	120.38693349948	0
0	348	121.479624958241	3
0	352	123.209220634655	2
0	367	127.375238730337	1
0	386	132.873588289132	2
0	402	137.244159366702	0
0	411	138.613742965271	3
0	416	140.301409501703	1
0	420	141.594022544097	2
0	430	144.215689319183	3
0	444	149.443022233431	2
0	459	154.620811297788	1
0	481	160.130339906082	3
0	484	160.853545345942	2
0	499	164.547285326405	2
0	507	166.109123687955	3
0	522	170.601847377376	2
0	525	171.300790420847	1
0	529	171.356622154123	2
0	530	171.602799934798	1
0	551	176.509441688421	2
0	571	182.171637884105	2
0	577	183.573054348928	1
0	581	184.620571914476	1
0	587	186.527225655624	1
0	595	187.651114558332	2
0	609	191.43489762465	1
0	614	192.468647415287	0
0	620	192.958445896158	3
0	621	193.002816897929	0
0	633	198.163331165906	4
0	646	203.998937516935	2
0	652	208.216814175825	1
0	659	209.915803745851	1
0	664	212.295803345739	3
0	674	215.040057609553	2
0	675	215.081186723659	1
0	693	220.969256469278	2
0	696	222.232319786558	0
0	707	226.775862674225	1
0	719	231.530065217518	0
0	721	231.576486318955	2
0	725	232.032288938524	1
0	729	233.101536202007	1
0	731	233.838754373249	0
0	743	237.386285741111	1
0	758	242.75494960276	2
0	775	248.734231770966	3
0	779	250.904306321404	2
0	782	251.567858848834	1
0	793	254.574572988782	1
0	815	260.064339364642	2
0	821	261.857552250962	1
0	828	263.442506564661	0
0	835	265.145431305045	2
0	853	271.086875777688	1
0	869	275.785783250812	1
0	876	276.986039183332	2
0	880	278.512190018545	1
0	885	279.706346415677	1
0	891	281.000207467933	0
0	899	282.390622625357	2
0	916	288.043716132172	1
0	930	292.400119946801	0
0	937	293.512631056129	3
0	943	295.992536175528	0
0	951	299.113964646819	1
0	963	303.337257067436	2
0	969	304.539278317473	2
0	976	307.2962094309	0
0	985	310.357196494236	1
0	1000	315.648773300459	1
0	1002	315.817478794952	0
0	1016	320.883359071098	3
0	1027	325.321923602255	2
0	1033	326.105498846851	3
0	1047	331.221138481747	4
0	1059	336.09152162587	0
0	1061	336.324202437763	1
0	1066	336.85625835438	5
0	1069	338.826977541315	0
0	1076	342.828502261077	1
0	1082	345.669473015934	4
0	1086	347.397378842577	3
0	1090	347.866468867983	4
0	1103	353.841074148423	2
0	1114	359.452765977473	1
0	1131	365.079606937242	1
0	1141	368.230280633197	1
0	1151	370.455467462537	2
0	1156	371.660355133584	0
0	1173	376.361345514652	5
0	1176	377.851295702622	4
0	1179	378.92494998092	0
0	1187	381.463391234164	3
0	1199	387.045930219811	1
0	1216	392.977632295803	5
0	1217	393.274201384509	0
0	1219	393.942284564249	2
0	1231	398.466469982403	1
0	1248	404.172882706157	6
0	1260	408.72220026026	5
0	1266	409.5554951122	1
0	1281	414.492788100144	4
0	1283	414.535436976231	1
0	1290	415.406359920275	5
0	1311	421.125923712154	0
0	1315	421.38201133697	2
0	1328	426.01394708792	1
0	1332	426.709233082595	1
0	1350	432.374618868108	6
0	1352	432.791373479061	0
0	1360	435.032960264938	5
0	1369	437.375492148564	2
0	1380	441.407951487691	1
0	1384	442.445528207924	0
0	1388	442.653425895606	6
0	1398	447.703405608187	1
0	1403	449.891062507283	5
0	1415	453.146596992385	6
0	1428	458.542522883272	2
0	1433	460.289683961423	1
0	1435	460.409642965415	0
0	1438	460.959642534141	0
0	1444	463.596389274575	1
0	1453	469.521708154349	1
0	1458	471.129214410547	5
0	1470	475.215108205095	2
0	1478	478.953822504842	1
0	1481	479.743157170245	0
0	1483	479.763329954927	4
0	1490	480.746394933896	1
0	1507	486.39750957605	1
0	1520	491.060769864	3
0	1526	491.81462102802	4
0	1539	495.676335072607	0
0	1548	497.711599088735	1
0	1555	500.130798837167	0
0	1564	502.931300109946	1
0	1573	506.316348182733	0
0	1582	508.780316186133	5
0	1589	510.432077636705	0
0	1599	514.376629581438	1
0	1602	515.760581795932	4
0	1617	520.334253557954	5
0	1634	525.851864341177	2
0	1649	530.951898260504	2
0	1650	531.603130687605	1
0	1660	535.469789549587	1
0	1665	536.796130973143	6
0	1683	542.250699242806	2
0	1684	542.561030799514	5
0	1700	547.885811412238	1
0	1721	553.19222844252	3
0	1723	554.161927232978	2
0	1733	557.018563624817	0
0	1740	559.017936193613	3
0	1748	562.126848869834	0
0	1757	564.500866514394	6
0	1766	570.133142159312	5
0	1770	570.479245828927	4
0	1783	576.445436314676	6
0	1786	577.604472631813	5
0	1797	582.006400569106	1
0	1801	583.275192854223	3
0	1805	583.956673959731	2
0	1816	587.210052232488	3
0	1826	591.280371228455	4
0	1831	592.26967408694	4
0	1842	596.217637366728	0
0	1847	597.305666312339	1
0	1848	597.676010067331	3
0	1868	603.238296164429	5
0	1884	608.972335447321	2
0	1893	612.533666489293	4
0	1900	614.061631444373	4
0	1905	615.56054881924	3
0	1920	619.712452936216	1
0	1935	624.364888617766	1
0	1940	624.874903091459	5
0	1953	628.504621098279	4
0	1962	629.929901491614	2
0	1978	635.33055874053	5
0	1981	636.507010662336	2
0	1984	637.065437765208	1
0	1992	639.020738259305	0
0	1999	640.494055140294	2
0	2008	643.787513143029	4
0	2013	644.872010875483	1
0	2015	645.381733972569	0
0	2021	646.405022415096	5
0	2028	651.047221188196	4
0	2034	652.361109521702	3
0	2044	657.762204866387	1
0	2059	663.165677356297	1
0	2064	665.291176299565	2
0	2080	669.08455177629	3
0	2090	673.563120475849	0
0	2098	674.965467496306	4
0	2105	677.140196612682	0
0	2109	679.588864838357	3
0	2114	680.658408959393	1
0	2121	683.870317866672	3
0	2131	686.499476816968	4
0	2144	691.638355625558	4
0	2145	691.838755655454	3
0	2159	696.990459266582	2
0	2164	698.443731450005	3
0	2172	701.977953328399	1
0	2176	702.209577675674	2
0	2194	707.408629375974	1
0	2195	707.587071705255	2
0	2203	710.179230688486	1
0	2206	710.675214675025	2
0	2214	712.485175112494	2
0	2233	717.873278212267	3
0	2252	723.251230005407	2
0	2261	725.722997685897	1
0	2269	727.820724827352	2
0	2278	729.087223935406	3
0	2292	734.634976131487	2
0	2297	734.854413061402	3
0	2304	737.223721361024	0
0	2317	740.154750608373	1
0	2322	742.021708494051	1
0	2339	745.887725868262	2
0	2340	745.972587132593	0
0	2348	749.02889729524	1
0	2352	750.819900344126	0
0	2356	750.915096071781	1
0	2372	755.998957735719	1
0	2391	761.529155231779	4
0	2393	761.676771189315	3
0	2414	767.446546271676	2
0	2418	768.0858152	1
0	2422	769.716940519517	0
0	2437	773.225702119292	3
0	2451	778.870824253652	1
0	2461	782.091630094682	2
0	2464	782.484803983941	2
0	2472	784.06891140202	2
0	2477	785.395696887746	0
0	2483	787.093524475117	1
0	2493	789.126300728879	2
0	2508	795.048280014423	3
0	2513	796.922064668381	2
0	2527	800.812031349399	3
0	2533	803.24574923911	1
0	2543	806.183176015503	2
0	2558	811.19558798382	3
0	2565	814.150094386422	2
0	2573	816.261415593326	3
0	2580	818.61314195872	2
0	2591	822.018779384671	1
0	2599	824.418015342557	1
0	2613	827.873639664147	2
0	2620	830.49741438241	1
0	2632	832.985996805131	4
0	2647	837.74663506134	3
0	2654	838.664154359605	2
0	2662	841.011736612186	1
0	2677	844.535919750109	2
0	2684	846.752637030905	1
0	2688	848.440930534858	1
0	2697	850.312707690289	4
0	2705	852.925777335187	0
0	2718	856.066905423533	2
0	2719	856.412839163677	3
0	2722	857.357606067671	1
0	2736	861.160830499371	2
0	2750	866.713836280163	2
0	2760	870.395617527193	1
0	2767	871.872789506567	3
0	2774	874.36852796725	2
0	2778	875.523459764548	2
0	2781	876.679900882766	1
0	2785	876.941708956844	2
0	2796	880.958780526067	1
0	2799	881.715220455434	0
0	2805	882.394776233936	1
0	2819	888.030477058141	3
0	2830	892.33780242782	0
0	2836	893.283271424005	1
0	2837	893.892533726639	0
0	2849	898.306185377062	2
0	2862	903.731802648165	1
0	2865	905.26323091751	1
0	2868	906.545021915809	0
0	2870	906.695718170379	2
0	2876	908.949534190119	1
0	2892	914.809045312925	2
0	2900	918.237611880175	1
0	2908	920.321562814292	2
0	2923	925.730557172558	3
0	2924	925.733497522888	0
0	2934	930.764751653884	4
0	2938	932.58115238196	1
0	2948	936.678795541868	1
0	2964	942.164191352435	5
0	2979	947.690251783467	6
0	2980	948.007736266238	5
0	2982	948.102222930755	0
0	2996	952.982778551289	1
0	2999	954.626579771985	0
0	3010	958.970637389691	1
0	3029	964.956248770235	2
0	3046	970.178238858702	3
0	3060	975.629809923005	6
0	3062	976.484681613279	2
0	3064	976.487253863478	5
0	3079	981.12209353596	3
0	3094	986.455418944592	6
0	3106	991.407734642969	0
0	3110	991.686357802246	7
0	3119	997.000778020593	2
0	3124	997.194623954362	1
0	3125	998.096370451965	6
0	3139	1003.091011199402	2
0	3156	1008.309974868782	7
0	3161	1010.36327454541	1
0	3171	1013.626529994654	3
0	3172	1013.637299288294	6
0	3189	1019.417101003463	7
0	3194	1021.112839939074	2
0	3208	1025.110729913461	2
0	3225	1030.965062788223	8
0	3233	1034.63153688493	1
0	3238	1035.343806290997	0
0	3242	1036.723498233362	3
0	3252	1041.975201586026	7
0	3256	1042.069815638243	8
0	3262	1045.256805620506	2
0	3269	1047.565597087844	3
0	3275	1050.274069078497	7
0	3283	1052.817518845201	8
0	3293	1057.863508632407	9
0	3304	1063.531942547067	1
0	3320	1069.093387363712	1
0	3331	1072.891867566971	0
0	3333	1073.041870372021	2
0	3339	1074.633232941619	2
0	3351	1079.097929425418	8
0	3355	1079.724299734226	3
0	3370	1085.087121316698	3
0	3376	1087.161567788921	2
0	3387	1090.723211621168	1
0	3406	1096.18942475482	2
0	3424	1101.769357507229	7
0	3429	1102.158605284291	3
0	3431	1103.224433396244	2
0	3441	1106.297988413717	1
0	3445	1106.501161604301	6
0	3452	1107.98941808939	3
0	3453	1108.026556838538	2
0	3463	1111.165674886436	2
0	3477	1113.890314155026	3
0	3494	1118.923525491963	7
0	3513	1124.525214760332	2
0	3533	1130.039976639208	3
0	3543	1133.256838462551	1
0	3545	1133.355549652013	2
0	3547	1133.875434658957	2
0	3558	1135.954454359832	2
0	3563	1137.261779982367	1
0	3570	1139.330870397155	6
0	3577	1141.041108384031	7
0	3599	1146.644800761948	3
0	3617	1152.066624294036	2
0	3639	1157.727646814427	3
0	3641	1158.326159854303	2
0	3644	1159.263670465558	6
0	3648	1159.819594807924	1
0	3661	1163.178096177061	2
0	3667	1163.704380687094	3
0	3675	1166.227878652163	2
0	3683	1168.374857102987	0
0	3689	1169.219410969644	1
0	3697	1172.049068936153	1
0	3709	1174.36273276643	2
0	3731	1180.256113223034	7
0	3734	1180.437575299058	1
0	3739	1181.626508802874	6
0	3757	1185.937839590247	3
0	3765	1187.619245699614	0
0	3777	1191.046228036518	7
0	3783	1193.723448378035	6
0	3792	1196.412328312174	2
0	3799	1199.210591607028	2
0	3808	1201.785931490828	1
0	3817	1204.549248986993	1
0	3830	1207.781026353362	3
0	3850	1213.161865219708	2
0	3855	1214.17047011084	5
0	3866	1217.701968511451	4
0	3871	1218.299069107744	4
0	3894	1224.234145452735	3
0	3905	1226.775125543469	3
0	3916	1229.590526533081	5
0	3917	1229.591450582259	0
0	3922	1230.641466336557	2
0	3925	1231.823807761887	2
0	3934	1234.955134113087	3
0	3942	1238.643297382979	2
0	3948	1240.047217016807	6
0	3962	1245.111745088593	1
0	3966	1245.670751320897	2
0	3968	1245.985953103634	5
0	3986	1251.669839275303	3
0	3989	1252.75819647475	1
0	3996	1254.638208471353	0
0	4004	1257.10658726818	1
0	4014	1261.60600751615	2
0	4019	1262.338596683928	2
0	4033	1267.590028405423	1
0	4045	1271.372909013997	1
0	4047	1271.478598750662	4
0	4054	1272.886150415522	2
0	4073	1278.431262339233	3
0	4076	1279.300143929432	0
0	4084	1281.415400650468	2
0	4088	1282.824697324656	1
0	4094	1283.723134838278	5
0	4105	1288.594903693767	1
0	4109	1288.816355236341	2
0	4118	1292.331837704055	0
0	4125	1294.65953163337	6
0	4133	1299.747086661167	5
0	4138	1300.580831423635	3
0	4146	1304.346886706187	4
0	4152	1305.777702882653	1
0	4156	1307.82811195636	2
0	4170	1311.555975623662	1
0	4176	1313.49881124287	0
0	4178	1313.606862886458	3
0	4188	1316.569553573151	4
0	4206	1322.17115603108	1
0	4222	1326.96781133802	1
0	4226	1327.258250365733	5
0	4227	1327.390092747985	0
0	4242	1333.050945628435	4
0	4246	1333.106287529693	2
0	4247	1333.384178905514	1
0	4253	1335.819111566524	0
0	4262	1338.803241426592	5
0	4271	1342.768158991939	0
0	4275	1344.005142491778	1
0	4286	1349.489962937079	1
0	4301	1354.791678810261	2
0	4315	1359.92651355616	3
0	4324	1363.568270483403	4
0	4332	1365.722053447973	5
0	4334	1366.859106836958	0
0	4345	1371.0098296206	4
0	4358	1376.289972963279	1
0	4359	1376.898020740367	3
0	4365	1379.348786783521	4
0	4371	1380.7453482484	0
0	4375	1381.373831621606	5
0	4377	1381.883075971739	4
0	4387	1386.572710588344	4
0	4400	1392.390347925483	1
0	4419	1398.378109982007	5
0	4433	1403.599907067141	5
0	4439	1405.502472185764	4
0	4446	1407.996945661495	4
0	4450	1408.843716014412	1
0	4459	1411.318289455844	3
0	4471	1414.317343643403	2
0	4487	1418.803563913097	3
0	4497	1420.24346198491	4
0	4500	1421.296855839089	1
0	4508	1422.995297618093	3
0	4520	1425.79996243911	4
0	4530	1429.87081671949	0
0	4537	1431.192043903285	2
0	4539	1431.392402272558	1
0	4553	1437.116305535195	2
0	4557	1437.911730073862	1
0	4559	1438.362024962207	3
0	4572	1442.719416505659	2
0	4588	1448.063940913185	4
0	4594	1450.117218345757	1
0	4597	1450.857027843133	0
0	4599	1451.411011461631	3
0	4607	1453.781982989052	4
0	4619	1459.214403440013	5
0	4630	1464.556399257855	4
0	4631	1465.215812863549	4
0	4638	1468.142093490689	3
0	4646	1470.524217960892	4
0	4659	1475.975847522497	1
0	4674	1481.371274202132	1
0	4693	1486.800071880921	2
0	4715	1492.391530798284	2
0	4720	1494.105709792343	3
0	4722	1494.144438126126	1
0	4733	1497.118416307147	3
0	4741	1498.376608911903	2
0	4744	1498.84259340505	1
0	4764	1504.156935695793	4
0	4769	1505.685306005415	2
0	4782	1509.418263684727	3
0	4785	1510.167838864373	3
0	4787	1510.244579761408	2
0	4796	1512.849223705478	0
0	4806	1514.756618785441	4
0	4814	1518.657992605471	1
0	4823	1520.705699064305	3
0	4842	1526.516010499561	5
0	4844	1526.753246251723	4
0	4861	1531.874011390378	5
0	4877	1537.476364217933	6
0	4882	1539.493682961564	2
0	4884	1539.554808178453	0
0	4895	1543.467191754143	1
0	4898	1544.908377020965	5
0	4915	1549.424978646684	6
0	4931	1554.468541451731	7
0	4947	1560.162126794691	3
0	4955	1562.67604723049	2
0	4958	1563.738244320961	6
0	4967	1565.791062222329	1
0	4986	1570.843315243606	1
0	4988	1570.962824093062	0
0	4992	1570.970570881153	2
0	5009	1576.168099202216	3
0	5017	1579.291646865432	2
0	5019	1579.476949306432	5
0	5030	1581.5854987395	1
0	5052	1587.108154946706	2
0	5057	1588.415612061974	0
0	5062	1589.387827693371	1
0	5067	1591.812391887422	1
0	5072	1592.449611654506	2
0	5088	1597.850303314627	1
0	5108	1602.97519934387	2
0	5127	1608.68963103951	2
0	5128	1609.239964558387	4
0	5132	1610.237108820703	1
0	5149	1614.278901666403	3
0	5153	1615.810985518502	2
0	5157	1616.805305111689	1
0	5164	1618.333549153868	3
0	5174	1619.880814509466	2
0	5193	1625.294975009048	2
0	5216	1630.98817670159	3
0	5217	1631.161828900109	2
0	5229	1634.516592218774	1
0	5237	1636.402718013618	2
0	5247	1639.00931874185	1
0	5252	1640.282825105237	2
0	5261	1641.443076157011	3
0	5282	1646.516284526093	3
0	5304	1652.139352026163	2
0	5324	1657.397644098848	4
0	5326	1657.934592023493	1
0	5334	1659.804701735728	1
0	5339	1661.22818259231	0
0	5341	1661.91943789309	3
0	5346	1662.507536549354	2
0	5365	1668.500802560709	3
0	5373	1671.793017211715	2
0	5384	1673.767351066693	1
0	5401	1679.091420010549	2
0	5408	1679.722691503353	4
0	5409	1680.75402889657	1
0	5425	1684.990484837209	3
0	5443	1689.618923287497	3
0	5452	1690.762431233888	4
0	5457	1692.100275716278	0
0	5471	1696.657144105527	2
0	5483	1701.589307510408	3
0	5488	1701.958978558657	1
0	5504	1706.740172557768	1
0	5509	1707.471668167272	4
0	5526	1712.244474017884	2
0	5528	1712.561087713929	0
0	5533	1712.740908886771	3
0	5549	1718.060040835058	5
0	5559	1722.326759061891	0
0	5564	1723.19035853236	6
0	5577	1728.22333308449	7
0	5584	1732.607262319416	6
0	5590	1733.994822265813	1
0	5602	1739.006833854131	7
0	5605	1740.113820781932	0
0	5612	1743.484219279962	2
0	5616	1744.05804242636	3
0	5626	1749.328678089659	1
0	5635	1752.759643017204	2
0	5645	1754.544229493243	1
0	5661	1759.637534362493	6
0	5665	1759.730477419216	3
0	5667	1760.650202260584	0
0	5679	1764.450562776529	5
0	5685	1764.929954056628	2
0	5687	1765.701770873391	1
0	5695	1768.493520229007	0
0	5703	1770.114240722498	1
0	5717	1775.41569652874	1
0	5727	1778.378917300381	2
0	5738	1781.218761354917	2
0	5757	1786.580623581891	1
0	5762	1787.184823752147	2
0	5763	1787.959763744145	4
0	5766	1788.415175740842	0
0	5780	1792.520904458825	3
0	5797	1797.659503778209	5
0	5798	1797.731273191173	1
0	5800	1798.613312994827	2
0	5813	1802.745261297568	0
0	5819	1803.454797304933	3
0	5832	1809.153766928473	1
0	5838	1811.849430030676	4
0	5843	1813.46017174283	2
0	5850	1814.517442260868	2
0	5863	1820.093420994585	1
0	5867	1820.162940438603	5
0	5883	1825.280926963313	6
0	5899	1830.816028430591	1
0	5916	1836.534844997571	2
0	5934	1841.828097437042	7
0	5935	1841.904088973417	1
0	5941	1843.000191960949	0
0	5944	1843.53698481491	1
0	5948	1844.602916468982	6
0	5952	1845.740543887485	0
0	5959	1847.582973031094	1
0	5970	1852.021151341844	0
0	5978	1853.420297013595	7
0	5991	1858.991457024123	1
0	6008	1864.725573619361	1
0	6016	1867.811590673517	0
0	6026	1869.923564524389	2
0	6027	1869.996549147648	6
0	6043	1875.253195716766	3
0	6056	1880.507850862573	1
0	6064	1882.233754128799	2
0	6080	1885.552878483431	2
0	6099	1891.077763787005	3
0	6108	1894.036656744429	0
0	6112	1894.378021394367	5
0	6122	1897.027909095865	6
0	6124	1898.002863754985	2
0	6126	1898.21274997224	1
0	6140	1902.554575973656	1
0	6147	1904.503278997027	5
0	6149	1904.544524518423	0
0	6157	1907.335149416236	1
0	6162	1908.15649247542	2
0	6177	1913.445418982766	2
0	6190	1918.575803046929	1
0	6194	1918.625758161069	3
0	6209	1924.387050894088	4
0	6225	1930.125256363069	5
0	6240	1935.556811087066	1
0	6246	1936.902183590804	4
0	6259	1941.138224118857	4
0	6263	1941.162265307735	5
0	6272	1944.470953396289	0
0	6279	1946.110372307244	3
0	6284	1946.554720814572	6
0	6291	1949.059743195888	2
0	6302	1951.862871852936	7
0	6312	1955.005061667061	1
0	6319	1957.223124064738	2
0	6328	1960.145161167832	1
0	6330	1961.090571148207	6
0	6338	1962.905362051213	1
0	6339	1963.386672324617	0
0	6356	1968.388816987863	2
0	6371	1973.432685303269	1
0	6387	1978.104752202169	0
0	6394	1978.918148746016	7
0	6400	1980.982653886775	1
0	6402	1981.214328236533	6
0	6414	1984.711595651694	2
0	6426	1988.341749086628	1
0	6435	1990.381902260241	1
0	6455	1995.991976225517	7
0	6463	1998.651241375595	0
0	6476	2001.913583548741	2
0	6484	2005.103820698105	1
0	6487	2005.668624867923	6
0	6491	2006.706572380498	0
0	6496	2007.262934992091	2
0	6508	2012.620891644853	3
0	6522	2018.154113813304	1
0	6536	2023.647462133086	7
0	6551	2028.913542441792	4
0	6563	2033.708084423797	6
0	6566	2033.952179926215	3
0	6571	2034.46838463354	2
0	6585	2039.730040825904	7
0	6586	2039.890056501725	2
0	6592	2042.133689782234	1
0	6596	2043.453734606854	1
0	6606	2045.635799880373	2
0	6620	2050.820229783307	0
0	6624	2051.091712726979	3
0	6635	2056.69764368143	4
0	6641	2059.259527388963	6
0	6649	2061.765094380826	1
0	6665	2067.311151320813	2
0	6670	2068.662230980931	3
0	6678	2072.24481591466	1
0	6683	2072.95480776974	4
0	6700	2078.070172942709	1
0	6703	2078.8361439663	5
0	6719	2083.729589639696	0
0	6723	2083.965704457834	6
0	6725	2084.606122117955	3
0	6729	2085.770012420951	0
0	6739	2089.140129468171	4
0	6746	2093.158406560308	3
0	6752	2094.918496154482	1
0	6766	2099.958018740872	4
0	6775	2103.613628005726	0
0	6782	2105.502621480962	1
0	6787	2107.761652847288	5
0	6792	2109.558617669854	3
0	6800	2111.48930597445	1
0	6806	2113.272644239131	4
0	6821	2116.821372427512	2
0	6844	2122.40112505015	4
0	6865	2128.003906996921	2
0	6867	2128.293217988336	1
0	6869	2128.309668015342	3
0	6877	2130.827197137289	1
0	6890	2133.377507581376	4
0	6893	2133.83289218042	0
0	6900	2136.044663145322	3
0	6910	2139.129974813899	5
0	6923	2143.504670805646	2
0	6929	2144.787269617897	3
0	6946	2150.13868433144	6
0	6948	2151.436201746812	5
0	6956	2154.462861759705	0
0	6962	2155.238975286251	4
0	6965	2156.841137642393	4
0	6975	2161.082439983497	5
0	6985	2167.052085728034	4
0	6989	2167.060887250817	5
0	7002	2172.950426154072	6
0	7009	2177.323161791782	3
0	7016	2178.950019040611	7
0	7027	2184.853237969336	4
0	7039	2190.620863032761	5
0	7043	2192.91142169119	4
0	7053	2196.253932782683	8
0	7055	2197.072931939849	7
0	7066	2201.458598182538	1
0	7074	2205.197471737286	3
0	7081	2207.040707418929	2
0	7094	2212.617661564845	4
0	7098	2214.182126722063	6
0	7111	2217.85033389507	1
0	7135	2223.628905175022	7
0	7139	2224.585502432424	6
0	7145	2225.64904189122	3
0	7150	2226.933910211669	1
0	7155	2227.851296485988	0
0	7162	2229.189653545386	7
0	7163	2229.374739740624	6
0	7176	2234.551872457965	2
0	7180	2234.708243303235	1
0	7200	2240.432227605257	3
0	7220	2245.661339876476	2
0	7239	2250.827661965742	7
0	7241	2251.036373574519	6
0	7245	2252.348918790814	0
0	7257	2255.94696307229	1
0	7259	2256.423329092678	5
0	7277	2261.295479789377	4
0	7284	2263.251974659044	3
0	7286	2263.501872357447	1
0	7301	2266.849519995973	6
0	7304	2268.067461351282	0
0	7316	2272.048991997028	2
0	7324	2274.616481220697	5
0	7336	2277.760854661931	3
0	7352	2283.128168878845	4
0	7358	2285.437403829069	3
0	7364	2287.785469856933	2
0	7370	2288.941563636531	3
0	7385	2293.97619392071	4
0	7401	2299.214079138358	6
0	7418	2304.832992424491	4
0	7420	2305.583126942395	5
0	7430	2309.069830483414	3
0	7435	2310.500345672715	1
0	7454	2315.746507796227	4
0	7456	2315.870227986482	3
0	7477	2320.98352188035	2
0	7482	2323.32014719851	2
0	7498	2326.883175996832	3
0	7518	2332.524784125855	4
0	7519	2333.039731135245	4
0	7521	2333.489238542738	1
0	7540	2337.762638127666	5
0	7544	2338.453865776772	3
0	7547	2339.115438633838	4
0	7554	2340.997446913628	3
0	7564	2342.963870909998	2
0	7582	2348.630589541635	2
0	7586	2348.693349118579	5
0	7596	2352.045254765311	1
0	7607	2354.501713814216	6
0	7626	2360.202093901348	4
0	7627	2360.447750236491	5
0	7638	2362.842549757335	4
0	7642	2364.039615970223	3
0	7651	2365.992031235716	2
0	7657	2367.479220651903	1
0	7664	2369.378635223029	1
0	7668	2370.196021471526	3
0	7677	2371.480839096012	2
0	7699	2376.992048366463	3
0	7718	2382.137170336211	4
0	7731	2385.647458565423	3
0	7740	2387.362120950829	2
0	7759	2392.679114642787	3
0	7765	2394.225787515642	2
0	7769	2395.109108650708	2
0	7781	2398.499230301474	4
0	7783	2398.752748774138	3
0	7795	2402.726297542342	1
0	7805	2404.36893280875	4
0	7806	2404.454925298581	2
0	7821	2408.937325755487	3
0	7828	2410.238584078849	3
0	7835	2412.168369245604	0
0	7848	2416.162716592197	4
0	7849	2416.278157137458	3
0	7866	2421.769495717018	3
0	7878	2426.080640649423	2
0	7886	2427.528356766329	3
0	7894	2430.755996208875	2
0	7903	2432.713720769855	4
0	7911	2436.050232447688	2
0	7920	2438.369524523849	1
0	7934	2443.22800021619	1
0	7938	2443.385892706924	2
0	7945	2445.498247163609	1
0	7947	2445.67999343283	1
0	7956	2448.539333066909	0
0	7962	2449.169241169468	5
0	7965	2450.366072734353	4
0	7977	2454.960071037524	1
0	7998	2460.479171156418	2
0	8004	2461.910048884807	1
0	8019	2466.27301056567	0
0	8023	2466.304982341128	1
0	8024	2466.783972288018	3
0	8035	2470.099875822665	0
0	8044	2471.803232247942	4
0	8046	2472.870956813801	0
0	8058	2477.376656399342	1
0	8074	2483.345455223695	2
0	8078	2484.745684156894	0
0	8087	2488.616293980042	5
0	8093	2491.939033735195	1
0	8095	2492.433350548034	4
0	8103	2494.599299404072	5
0	8113	2499.664010596695	1
0	8114	2499.757127963125	4
0	8130	2505.163954992779	2
0	8134	2506.632605089807	1
0	8136	2506.764349100296	0
0	8141	2508.525654983824	3
0	8147	2510.189051687019	2
0	8159	2515.836082853144	4
0	8168	2520.84353148588	1
0	8174	2523.144204638201	1
0	8184	2526.020034234971	2
0	8193	2529.428468407133	0
0	8201	2531.685701596784	5
0	8212	2537.280372390291	1
0	8218	2539.581547811512	4
0	8228	2542.593887709314	2
0	8242	2547.852906689979	3
0	8254	2552.384605037982	3
0	8259	2552.933279423276	4
0	8266	2554.92365517083	2
0	8278	2558.466540305875	3
0	8294	2564.392681537196	5
0	8309	2569.422661655117	3
0	8319	2573.980200352494	2
0	8325	2575.164738526102	4
0	8335	2578.748278344633	4
0	8341	2580.505970757917	3
0	8346	2580.847834258107	3
0	8358	2585.694889230535	2
0	8365	2586.6654493378	1
0	8372	2589.092328484634	1
0	8385	2592.572627256391	4
0	8388	2593.503383207365	3
0	8407	2597.957492911955	5
0	8421	2602.877838889137	4
0	8427	2603.916208270704	5
0	8436	2606.022255204965	0
0	8448	2609.076157884905	1
0	8449	2609.288869999117	0
0	8458	2612.28935897967	2
0	8468	2614.883469586726	3
0	8473	2617.614399063166	2
0	8484	2620.781190066365	1
0	8490	2622.774200213724	0
0	8501	2626.719442475819	3
0	8517	2631.923257771646	4
0	8521	2633.688416266232	4
0	8527	2635.361998961773	0
0	8529	2635.897725844637	3
0	8536	2637.613168102456	1
0	8540	2640.101854835521	3
0	8547	2642.526684397483	2
0	8552	2643.488437039545	4
0	8567	2648.72133280267	1
0	8580	2652.951642756697	3
0	8586	2654.07854796364	2
0	8607	2659.489653771278	3
0	8609	2660.020517249941	2
0	8617	2661.593809292302	0
0	8630	2665.035594509682	3
0	8633	2665.822539762945	2
0	8650	2670.789216220379	3
0	8659	2674.547871257411	2
0	8668	2676.776974844514	1
0	8680	2680.130519450407	2
0	8684	2680.845818768488	1
0	8690	2681.897164974595	3
0	8696	2683.491276676537	2
0	8715	2687.820540888235	3
0	8720	2689.506889022073	0
0	8734	2693.805754198926	3
0	8740	2696.178270273147	2
0	8751	2699.341538770823	4
0	8768	2705.285422106041	2
0	8770	2706.167184417255	1
0	8785	2710.713266009698	3
0	8788	2712.319490837632	2
0	8791	2712.570611463158	3
0	8800	2715.899007756263	4
0	8814	2721.148764973041	2
0	8816	2722.248919194566	1
0	8832	2727.026633097558	5
0	8848	2732.977446273668	1
0	8868	2738.934933647514	3
0	8873	2740.620142366619	2
0	8875	2740.748798560001	0
0	8878	2740.920597306798	4
0	8887	2744.34088481986	3
0	8903	2750.301423229976	2
0	8917	2755.757057666313	3
0	8919	2756.638829027071	2
0	8932	2761.407984602731	3
0	8937	2764.108434434865	2
0	8944	2765.828872721289	3
0	8952	2767.362402820727	3
0	8968	2773.021659278078	4
0	8969	2773.11148641689	2
0	8971	2773.923522353052	3
0	8973	2774.253575342356	1
0	8975	2774.454875185273	2
0	8984	2778.244045649069	2
0	8988	2778.291095003253	3
0	9006	2783.967281919671	3
0	9008	2784.679690882451	2
0	9014	2786.127754916783	2
0	9016	2786.825395544056	1
0	9026	2789.898202013457	1
0	9045	2795.599204479717	2
0	9049	2796.667678675968	1
0	9052	2797.728276020033	1
0	9057	2798.780767549876	0
0	9064	2800.599330555994	0
0	9069	2801.121290200157	1
0	9081	2806.414638712536	2
0	9089	2809.452440284077	1
0	9098	2812.352884667692	2
0	9106	2815.183445076813	0
0	9114	2817.484387382631	2
0	9125	2822.548500102944	3
0	9130	2825.156031120687	1
0	9138	2828.062654732726	1
0	9144	2831.160407413032	2
0	9149	2833.317615791227	0
0	9154	2833.807621777756	1
0	9172	2839.330339814769	2
0	9184	2843.635339675353	1
0	9191	2844.707058133092	3
0	9201	2848.674349916748	0
0	9207	2850.284497415181	2
0	9208	2850.747691878349	1
0	9214	2853.126336923686	2
0	9220	2855.669760925229	1
0	9237	2861.632117126602	1
0	9257	2866.633317088009	2
0	9263	2868.523793483388	1
0	9281	2872.629460023715	3
0	9289	2875.280469249468	2
0	9295	2876.928357144936	0
0	9300	2877.719793620053	1
0	9302	2878.033321738826	0
0	9314	2882.395619677261	0
0	9319	2883.497589970473	3
0	9324	2886.989135446957	2
0	9331	2888.931067096069	1
0	9347	2894.856027972651	2
0	9358	2899.107103350223	0
0	9364	2900.15412524552	1
0	9380	2905.551880031358	3
0	9397	2911.123661551158	3
0	9410	2916.240249186521	2
0	9415	2917.112759448354	1
0	9417	2917.412227402788	2
0	9432	2921.628572423011	1
0	9437	2922.282480145804	2
0	9443	2923.636844159105	1
0	9460	2928.047308857201	1
0	9464	2928.111138121923	2
0	9486	2933.748055688105	2
0	9498	2937.127464265681	1
0	9500	2937.372437457904	1
0	9507	2938.782851574476	2
0	9515	2940.695473094122	1
0	9528	2943.924763821996	2
0	9543	2947.79367243801	0
0	9547	2948.205723944237	0
0	9554	2949.552827770123	1
0	9566	2953.733205205178	0
0	9572	2954.917966290377	1
0	9579	2957.17480998137	1
0	9590	2960.806130699813	1
0	9609	2966.355324768694	2
0	9632	2971.745795282069	3
0	9644	2975.411825652349	2
0	9647	2976.458907472085	0
0	9650	2976.756973986513	0
0	9654	2976.791696002008	3
0	9657	2977.753732682438	0
0	9661	2980.221200742408	2
0	9667	2982.202894853195	1
0	9677	2987.63966391352	1
0	9690	2992.277634881088	0
0	9694	2992.654762403341	1
0	9709	2998.453234104207	1
0	9712	2998.722101319464	0
0	9727	3003.886009778828	3
0	9729	3004.450939494767	2
0	9737	3006.921612745386	0
0	9744	3009.46445701737	1
0	9749	3012.144524166709	0
0	9757	3014.504573372892	2
0	9769	3020.119722433855	3
0	9781	3025.638184182813	4
0	9788	3030.42471392441	3
0	9794	3031.449954536978	1
0	9804	3035.546441819521	1
0	9811	3037.361109883526	2
0	9826	3042.876398837661	3
0	9836	3047.294539320049	2
0	9841	3048.021088307958	4
0	9855	3053.758850338172	5
0	9873	3059.42276203586	2
0	9878	3061.91653763794	1
0	9884	3063.05582608166	1
0	9886	3063.453000761919	4
0	9891	3064.600241155831	2
0	9906	3069.92461940041	5
0	9920	3074.948297066616	1
0	9939	3080.283490243835	2
0	9944	3082.076004914011	0
0	9946	3082.124202920123	1
0	9948	3082.163096549573	1
0	9960	3085.567145103357	2
0	9976	3090.95074159559	2
0	9981	3093.094529852972	4
0	9993	3096.501438798151	3
0	10000	3099.301753922252	3
0	10011	3102.012182129315	4
0	10018	3104.993230193386	2
0	10026	3107.679908583873	5
0	10042	3113.136549763382	1
0	10043	3113.34960001556	1
0	10067	3119.126590489876	2
0	10087	3124.833449154394	3
0	10099	3128.339193874973	4
0	10111	3130.326102898224	2
0	10125	3134.418505132778	2
0	10127	3134.765753943008	1
0	10133	3135.469014519826	3
0	10144	3138.771625628227	1
0	10154	3140.630477308995	5
0	10155	3141.106933137752	2
0	10164	3143.214173560265	1
0	10176	3146.277296989459	2
0	10179	3147.631328216635	0
0	10188	3151.095775157565	1
0	10192	3151.360916615698	2
0	10197	3153.558334634526	4
0	10209	3156.902525820305	2
0	10213	3157.716356788532	3
0	10219	3159.848833969446	1
0	10225	3161.626394169408	1
0	10232	3162.773919113913	2
0	10243	3166.919641036425	0
0	10248	3168.431452244521	1
0	10255	3170.784192639869	0
0	10265	3174.041001250968	1
0	10282	3179.800152585377	4
0	10301	3185.358496428468	3
0	10303	3186.264839489714	3
0	10318	3191.037723816699	2
0	10319	3191.278959404099	2
0	10338	3196.868839682779	4
0	10352	3202.116825529608	3
0	10354	3202.505606147924	2
0	10364	3206.062655808751	1
0	10369	3207.572505652553	0
0	10373	3207.624330908992	5
0	10382	3212.981103331317	4
0	10386	3213.017950996757	3
0	10398	3218.820698472439	5
0	10402	3221.423487118795	4
0	10404	3221.755247884784	2
0	10411	3224.31116991723	1
0	10428	3230.229512949009	3
0	10441	3235.492712587119	4
0	10453	3239.607230347815	3
0	10459	3241.112181674923	5
0	10471	3245.114728058458	4
0	10477	3246.767279251014	2
0	10489	3251.52879810962	1
0	10495	3252.284160996323	2
0	10496	3252.502264595825	2
0	10511	3257.42548277462	1
0	10522	3260.622793059098	1
0	10531	3262.641420488014	3
0	10553	3268.322907424533	5
0	10555	3268.816439738845	0
0	10557	3268.818895436012	4
0	10562	3270.322675381321	2
0	10573	3273.400674617618	5
0	10585	3278.263380692109	0
0	10591	3279.063042947558	1
0	10595	3281.159202901534	4
0	10606	3284.476964869072	1
0	10612	3286.083697116932	1
0	10626	3289.897262288026	5
0	10647	3295.60914871609	2
0	10667	3301.107887499269	2
0	10678	3304.666183944441	1
0	10680	3304.760188169319	4
0	10689	3306.553212641042	2
0	10696	3308.549262514572	1
0	10703	3310.223058671459	1
0	10711	3311.636547978504	2
0	10730	3316.849620586962	3
0	10732	3317.604155762701	0
0	10748	3322.616550393638	5
0	10754	3324.851088794647	2
0	10758	3325.79066111974	0
0	10766	3328.204245108182	6
0	10771	3330.269799640759	5
0	10774	3331.509757727734	1
0	10782	3334.062824128896	1
0	10797	3339.845497891891	0
0	10801	3339.848738669187	1
0	10806	3341.49503711518	0
0	10814	3344.924335491147	1
0	10830	3350.20417793072	2
0	10844	3355.321695444874	2
0	10849	3358.12720932183	1
0	10852	3358.876573768802	4
0	10860	3361.292663715548	2
0	10873	3366.35739368795	3
0	10877	3366.861120760209	3
0	10887	3370.993395787897	1
0	10894	3372.646077709274	1
0	10904	3376.184447923094	0
0	10914	3378.532353289427	1
0	10932	3383.604628560601	4
0	10934	3384.131488726244	0
0	10940	3385.654260258655	3
0	10952	3389.154617780589	1
0	10962	3392.303211125548	0
0	10970	3394.96243290161	1
0	10972	3395.230896024498	2
0	10975	3396.58556775714	0
0	10978	3397.002159637174	2
0	10991	3400.537676667331	1
0	11012	3406.317805002213	3
0	11026	3410.073305852946	0
0	11034	3412.030013839251	2
0	11044	3415.587885529849	2
0	11053	3417.490719439231	3
0	11061	3420.583365858651	2
0	11072	3423.174632843353	3
0	11078	3424.860710708899	1
0	11086	3428.201077336677	1
0	11091	3428.913563187003	4
0	11097	3431.09460066841	3
0	11109	3434.812776953682	2
0	11121	3439.442842369909	1
0	11128	3440.494377172554	1
0	11149	3445.97151592537	4
0	11173	3451.588622867364	2
0	11180	3453.291224085025	0
0	11195	3457.548785937486	1
0	11205	3461.12662897982	1
0	11213	3462.751147286502	2
0	11214	3462.934375840475	0
0	11217	3463.005791436648	3
0	11219	3463.132219444973	0
0	11224	3465.928163443228	1
0	11230	3468.101411537036	4
0	11242	3473.99625144899	1
0	11250	3478.39188840054	0
0	11256	3479.394941013773	1
0	11268	3485.166911222505	3
0	11272	3485.392022609246	2
0	11287	3490.619678206277	2
0	11297	3494.846122543911	1
0	11302	3495.62309982814	2
0	11319	3501.341896642001	1
0	11331	3505.553198287147	1
0	11338	3506.353157093051	2
0	11355	3511.323969802932	2
0	11362	3512.34137466387	3
0	11372	3515.095015108931	1
0	11381	3517.903044575472	0
0	11385	3518.150010885672	4
0	11392	3520.285338265239	3
0	11402	3523.373989591143	1
0	11419	3528.534308338306	3
0	11422	3528.888678025339	2
0	11426	3530.186989499955	0
0	11432	3532.391700661507	0
0	11438	3533.681077229791	3
0	11445	3538.107316641952	2
0	11450	3538.904330007733	1
0	11465	3544.457621115727	2
0	11480	3549.538080772852	3
0	11488	3552.735743753031	2
0	11499	3555.237344951137	4
0	11502	3555.709612467325	1
0	11515	3560.404418969295	5
0	11531	3565.605220689905	1
0	11536	3567.675555273542	4
0	11545	3569.928666256253	1
0	11552	3571.037301988342	2
0	11570	3576.423288158725	0
0	11574	3576.553963444197	2
0	11590	3581.734031475616	1
0	11596	3583.550633321982	3
0	11600	3584.722413676905	1
0	11607	3586.223915551092	0
0	11614	3587.649776866894	1
0	11632	3592.748056162383	3
0	11634	3593.111048415886	0
0	11650	3597.769179759549	1
0	11651	3597.794769537287	2
0	11654	3599.183619791762	2
0	11671	3603.371881188128	3
0	11690	3608.544995085453	2
0	11694	3609.080668107143	2
0	11708	3613.774210984822	0
0	11713	3614.680504594699	1
0	11717	3616.35659747967	1
0	11722	3617.132436169193	1
0	11732	3619.478882272381	0
0	11736	3619.722377975939	2
0	11750	3625.27990259533	2
0	11766	3630.772982530531	3
0	11769	3631.683021303149	1
0	11785	3636.586198896638	3
0	11786	3636.793007987556	2
0	11790	3637.367975051287	1
0	11805	3642.189266946169	1
0	11819	3646.747988723335	0
0	11826	3647.504106476905	4
0	11828	3647.979012047522	3
0	11832	3649.312403949798	0
0	11842	3653.30413506739	1
0	11860	3659.255668705797	1
0	11861	3659.730976574242	0
0	11874	3664.406669587133	0
0	11879	3664.693210760366	1
0	11896	3670.47729367763	1
0	11898	3671.359537353272	2
0	11909	3674.156547844176	1
0	11915	3675.916277887066	0
0	11920	3676.037811749617	2
0	11922	3676.653337253725	0
0	11932	3681.157986090986	1
0	11943	3685.660919869086	0
0	11949	3686.311210972026	3
0	11958	3691.514700643953	1
0	11959	3691.686541385134	2
0	11976	3697.166690433865	2
0	11990	3702.258411177435	3
0	12007	3708.243830408669	2
0	12011	3710.066791051068	2
0	12019	3712.459395589311	1
0	12025	3713.826380705229	3
0	12028	3715.160277639403	2
0	12041	3719.106574564242	2
0	12054	3724.424015461701	1
0	12082	3730.383600054077	3
0	12093	3733.760524861051	0
0	12096	3734.207903365259	1
0	12098	3734.582966946647	2
0	12106	3735.934234802845	2
0	12124	3741.25262241182	1
0	12129	3743.071554609462	1
0	12145	3746.990141113057	2
0	12150	3748.652043229322	1
0	12152	3748.673099055304	1
0	12166	3752.135744221277	2
0	12186	3757.603684738047	3
0	12207	3763.193290991012	4
0	12224	3768.969446597741	0
0	12229	3769.165110676318	2
0	12240	3773.667711160616	1
0	12245	3774.983158931488	1
0	12249	3775.006484225161	5
0	12257	3778.185198428459	4
0	12266	3780.476947070799	5
0	12284	3786.155141066062	2
0	12296	3790.885459507703	0
0	12302	3792.072401918704	1
0	12317	3797.685545254965	3
0	12320	3798.415349567659	0
0	12330	3803.512241119054	6
0	12332	3804.586293180475	5
0	12334	3805.360299521014	2
0	12344	3809.401834316087	1
0	12358	3814.552335146816	2
0	12359	3814.554566413398	4
0	12376	3819.679178507534	1
0	12378	3820.427011334921	3
0	12397	3825.429958876922	4
0	12401	3825.954934899813	1
0	12407	3827.570760562201	1
0	12415	3829.413270353107	0
0	12419	3830.220805593069	0
0	12425	3831.342325304636	1
0	12432	3833.222935204163	3
0	12444	3837.039576013108	2
0	12449	3839.07383415592	0
0	12461	3842.902654411505	4
0	12465	3845.50177644333	3
0	12473	3848.17787628295	1
0	12474	3848.389923264159	1
0	12491	3853.677512762138	2
0	12493	3854.072119619814	1
0	12507	3858.818847947988	2
0	12524	3864.363411207917	3
0	12526	3865.00817070436	2
0	12529	3866.502055627527	0
0	12539	3869.616663742346	3
0	12544	3872.705423524141	2
0	12554	3875.359459214612	1
0	12562	3878.4783937356	2
0	12571	3880.550287662773	2
0	12585	3886.270249388181	3
0	12590	3887.955940984425	2
0	12603	3892.218949057395	3
0	12618	3898.148106540786	3
0	12621	3899.521613140942	2
0	12628	3901.261350355461	1
0	12639	3903.747338728746	2
0	12654	3909.474355241749	4
0	12670	3914.923922698712	3
0	12684	3920.452812831616	4
0	12691	3922.791745462457	3
0	12701	3925.735633291537	5
0	12705	3927.798472380267	1
0	12714	3930.628152822731	4
0	12720	3931.646155433962	1
0	12732	3935.884669475027	2
0	12741	3937.387584339594	3
0	12748	3939.478362789033	3
0	12762	3942.860344633227	2
0	12781	3948.563588196877	4
0	12793	3952.103346786933	3
0	12795	3952.401183333599	2
0	12804	3953.672542295185	3
0	12805	3953.681122203126	1
0	12828	3959.530031083384	2
0	12845	3964.448480748104	0
0	12851	3965.492561863502	4
0	12870	3971.387870795791	5
0	12871	3971.451161345588	1
0	12875	3972.419137582067	2
0	12887	3976.448725194669	6
0	12890	3977.584280990069	5
0	12901	3981.401537843519	0
0	12905	3981.612959300865	1
0	12917	3986.56297189172	1
0	12922	3986.94509417028	1
0	12936	3990.829266551065	0
0	12945	3992.65776889352	2
0	12961	3997.97174618882	2
0	12962	3998.039191784687	1
0	12977	4003.207162183482	4
0	12981	4003.557639037025	3
0	12990	4006.610478710388	3
0	13001	4009.044664319836	4
0	13006	4010.649293356689	3
0	13018	4014.225975132546	4
0	13032	4019.272780472179	4
0	13035	4020.301721240977	0
0	13044	4024.415023670997	5
0	13045	4024.532206042441	4
0	13058	4029.962219242937	5
0	13060	4031.217785055631	4
0	13070	4035.047980918082	1
0	13085	4040.371814917073	1
0	13090	4041.768526313011	0
0	13101	4045.347557825268	3
0	13105	4045.419853172962	5
0	13112	4048.914571179432	4
0	13123	4051.237574139376	4
0	13138	4057.035662765381	5
0	13139	4057.101752119371	0
0	13146	4061.13162202668	4
0	13153	4062.801411795196	1
0	13169	4067.854868072783	5
0	13172	4069.026034446199	3
0	13183	4073.350663568824	6
0	13199	4078.357564976904	1
0	13200	4078.643106904112	0
0	13210	4082.639851934742	2
0	13216	4084.123031866969	2
0	13223	4086.180715275585	5
0	13227	4087.572839284199	1
0	13236	4089.585327057633	1
0	13238	4089.908593083382	0
0	13249	4094.56858682807	0
0	13253	4094.673423546133	1
0	13267	4099.963334798347	1
0	13271	4100.836940715327	4
0	13281	4103.342053156928	0
0	13291	4105.73409108445	2
0	13305	4111.331312830559	3
0	13308	4112.136386896134	2
0	13318	4115.63307818654	1
0	13322	4116.538465739925	1
0	13343	4122.307091660796	5
0	13349	4123.68906092039	4
0	13356	4125.442718383853	1
0	13363	4127.510868508601	0
0	13367	4127.690823114243	1
0	13388	4133.64408231154	2
0	13407	4139.410622399067	5
0	13409	4139.893741304867	0
0	13412	4140.487637607381	0
0	13414	4140.590744847321	4
0	13416	4141.399817793397	1
0	13419	4143.189391773433	3
0	13426	4145.007972388993	2
0	13438	4150.46101004444	1
0	13454	4156.054292406188	1
0	13457	4156.850380276103	2
0	13475	4161.302516418509	2
0	13493	4166.730842116296	1
0	13497	4167.131671555107	2
0	13501	4167.605493309907	1
0	13519	4172.270895768189	2
0	13520	4172.778443104237	1
0	13533	4176.56257779023	1
0	13541	4177.6624720213	2
0	13552	4181.138512715464	0
0	13557	4183.177620090087	1
0	13561	4183.280527466442	1
0	13573	4187.055698402109	0
0	13580	4188.419862995157	2
0	13588	4191.877428363541	1
0	13594	4193.103236687251	0
0	13600	4194.383259649621	1
0	13618	4199.940872541861	3
0	13629	4204.461413998396	0
0	13635	4205.712650217814	2
0	13641	4209.900383787579	1
0	13646	4210.740943003213	2
0	13650	4212.069374759913	2
0	13662	4216.180801937822	3
0	13675	4221.826728657819	3
0	13689	4227.817521448712	4
0	13692	4229.126354697393	3
0	13703	4233.741586022544	1
0	13711	4237.140049603534	0
0	13714	4238.209342869581	2
0	13719	4239.631757354829	1
0	13735	4245.419437981909	4
0	13748	4250.541466208293	3
0	13753	4250.755199001171	4
0	13766	4256.569517284282	0
0	13770	4256.610333311837	5
0	13781	4262.215579153038	1
0	13788	4265.149079250872	1
0	13798	4267.973251822637	2
0	13812	4273.130427677882	3
0	13820	4276.195853648356	2
0	13828	4278.320737428264	6
0	13829	4278.408956563918	5
0	13846	4283.855270183877	3
0	13861	4289.050626830663	2
0	13864	4290.637685724537	1
0	13866	4291.176969556373	4
0	13870	4292.895809411772	3
0	13877	4294.175217036157	4
0	13880	4295.407011317669	3
0	13894	4299.89804034098	2
0	13909	4305.267588423565	1
0	13919	4309.078546938372	1
0	13925	4310.479087823303	2
0	13943	4315.948193326939	2
0	13947	4316.340470666531	2
0	13951	4317.289720066825	2
0	13970	4322.009110771818	3
0	13981	4324.720699094933	1
0	13990	4327.21655248059	3
0	14000	4330.445952750046	2
0	14009	4332.353570705746	3
0	14014	4333.719843971428	2
0	14020	4335.490692259512	1
0	14022	4336.100330544287	0
0	14024	4336.108503136315	1
0	14035	4338.257632354275	2
0	14040	4339.786220093959	2
0	14052	4343.734354789602	3
0	14054	4344.510566996756	0
0	14064	4348.902718943311	3
0	14071	4352.119665367416	2
0	14078	4354.111416695407	3
0	14086	4358.43721442006	2
0	14091	4359.165939543397	1
0	14106	4364.655931905844	3
0	14108	4364.963184684285	2
0	14111	4365.544079523886	1
0	14118	4368.242981905467	0
0	14125	4369.933095305693	4
0	14126	4370.160156261641	3
0	14138	4375.136679565302	1
0	14153	4380.97828343371	2
0	14163	4384.680424151827	0
0	14170	4386.327287167079	1
0	14182	4391.338646855439	4
0	14183	4391.509537468902	1
0	14187	4393.304001303278	0
0	14189	4393.899227178191	3
0	14197	4396.676014472033	2
0	14202	4398.481678343963	1
0	14210	4401.813514225419	2
0	14221	4407.515752350447	1
0	14229	4410.540857982939	2
0	14238	4412.722235108727	3
0	14255	4418.33339205105	4
0	14260	4420.223518902088	3
0	14271	4423.850453497145	1
0	14280	4425.681107253535	1
0	14284	4427.351412643564	0
0	14287	4427.677245364759	2
0	14294	4428.993542281447	3
0	14302	4431.652323378832	0
0	14311	4434.456434650349	1
0	14321	4438.43705125165	2
0	14328	4439.860083856855	2
0	14332	4440.667775311509	1
0	14348	4445.805490977133	1
0	14363	4450.072062364549	0
0	14365	4450.479463538973	0
0	14370	4451.343681446046	1
0	14375	4453.697441976289	1
0	14388	4457.272415813061	1
0	14407	4463.012636943955	2
0	14417	4465.674526888879	0
0	14424	4468.214116321295	0
0	14428	4468.397713501707	2
0	14440	4474.14867396909	1
0	14453	4478.557146917447	1
0	14459	4480.050281310689	2
0	14460	4480.153847124548	1
0	14468	4483.265311463156	0
0	14475	4485.732188682074	3
0	14489	4491.496881344823	1
0	14507	4497.282414736228	2
0	14521	4502.998881601265	2
0	14528	4505.271974152891	1
0	14531	4506.056697383989	2
0	14538	4508.103168173345	1
0	14542	4508.330212546515	1
0	14563	4513.712103455097	2
0	14584	4519.548448545628	2
0	14593	4522.604024940874	1
0	14603	4524.579615968748	2
0	14621	4530.003004675035	1
0	14625	4530.226461825662	2
0	14628	4531.227117552773	1
0	14638	4533.364175702562	1
0	14650	4536.112265207807	3
0	14651	4536.450925752407	0
0	14667	4541.206107416425	2
0	14670	4541.738384653351	0
0	14676	4545.375230651004	2
0	14683	4547.052039618606	1
0	14697	4552.446413979635	3
0	14702	4554.10173485137	2
0	14714	4558.273781188533	3
0	14730	4563.72051947634	2
0	14746	4569.686239967824	1
0	14747	4570.04849035375	1
0	14753	4571.510344532785	1
0	14766	4575.021195320648	2
0	14788	4580.415042618525	2
0	14793	4581.766576871513	1
0	14800	4584.008871492582	1
0	14810	4586.283806174065	4
0	14817	4587.683254814706	3
0	14830	4591.355777678548	4
0	14844	4595.240026812535	3
0	14846	4595.565860061097	0
0	14856	4597.239900203191	1
0	14857	4597.540031883637	0
0	14874	4602.786666984905	2
0	14886	4607.304459206762	0
0	14892	4608.173662509073	4
0	14895	4610.405977586401	3
0	14897	4610.855755644273	1
0	14906	4613.967410668733	4
0	14917	4619.084482421635	1
0	14932	4624.182126607981	5
0	14939	4627.167581122484	4
0	14942	4628.274115748708	0
0	14949	4629.831947453322	5
0	14953	4632.701715659818	0
0	14959	4635.139933805216	1
0	14972	4640.671948680656	2
0	14975	4643.193675289514	1
0	14980	4645.556923958241	4
0	14985	4646.016873743387	1
0	14989	4648.462661725703	3
0	14993	4649.410570619164	0
0	15002	4651.964630284116	4
0	15012	4657.069013701288	2
0	15013	4657.13147386769	3
0	15028	4662.954003961526	1
0	15029	4663.229366325193	2
0	15036	4666.159559609371	0
0	15043	4668.201622657014	3
0	15049	4671.245101929062	1
0	15051	4672.297185374426	0
0	15056	4673.278841750232	1
0	15061	4676.880359960607	2
0	15067	4678.305639734959	3
0	15081	4683.946057049559	1
0	15095	4689.002414195567	4
0	15109	4694.092011408183	2
0	15113	4695.749302952787	3
0	15127	4699.204717521557	2
0	15137	4704.110159771983	1
0	15144	4705.064553603997	2
0	15159	4710.477029395058	1
0	15175	4715.084458662666	2
0	15183	4716.150142543717	3
0	15186	4716.779585296288	1
0	15205	4721.903267608723	3
0	15209	4723.099206204296	2
0	15212	4723.420949633003	2
0	15229	4727.870446827263	3
0	15248	4733.613077268936	2
0	15249	4733.95046332083	2
0	15270	4739.407257637242	3
0	15281	4742.462357082404	0
0	15285	4744.192174119991	1
0	15291	4744.771213373868	2
0	15294	4745.620891005618	1
0	15302	4747.753801391693	1
0	15305	4749.008381835421	2
0	15311	4750.003397532506	3
0	15315	4751.507750740159	0
0	15326	4755.530742954696	4
0	15338	4761.078947048402	5
0	15349	4766.371143107769	1
0	15351	4766.852408599693	4
0	15353	4767.301332843725	0
0	15361	4771.444508258836	0
0	15365	4772.204985519639	1
0	15366	4772.774521445508	3
0	15377	4777.464997553034	1
0	15393	4782.480029410916	4
0	15394	4782.851731892095	3
0	15398	4783.84972264711	2
0	15412	4787.71798365214	3
0	15423	4792.052573512308	0
0	15429	4793.450993762818	1
0	15430	4793.495635486091	0
0	15440	4798.433774246954	2
0	15445	4798.919994466706	3
0	15457	4804.736221761211	2
0	15468	4810.400396716782	4
0	15479	4816.13949955348	1
0	15489	4820.746299593712	1
0	15495	4821.652268531267	1
0	15510	4826.787840686044	3
0	15514	4826.949027952506	4
0	15534	4832.262269938831	2
0	15535	4832.381174700572	3
0	15556	4837.444662904833	2
0	15558	4837.72888903285	1
0	15564	4839.227075504489	0
0	15570	4840.767163581798	1
0	15581	4843.378263227642	4
0	15587	4845.659093539233	0
0	15595	4848.682355348254	1
0	15600	4850.50916933117	0
0	15610	4853.883394994541	1
0	15615	4856.096117654933	0
0	15620	4857.737024593051	0
0	15624	4859.105275890791	1
0	15625	4859.178337454798	3
0	15636	4864.932399150917	1
0	15648	4869.092136776192	0
0	15653	4870.694447795862	2
0	15665	4876.203557985836	4
0	15678	4882.184744885891	1
0	15683	4884.246981236736	3
0	15695	4888.013984897175	2
0	15704	4891.79877104133	1
0	15711	4893.147857248784	1
0	15729	4898.034534195322	2
0	15733	4898.16299874452	2
0	15747	4902.964551957323	1
0	15752	4903.281388990814	3
0	15757	4904.423981537579	1
0	15760	4905.333240134176	2
0	15775	4909.266504858388	2
0	15783	4912.100848470468	1
0	15791	4913.689750362885	0
0	15797	4915.097994477023	1
0	15816	4920.524768792792	2
0	15837	4925.680163046811	2
0	15855	4931.107604130639	0
0	15859	4931.174460264622	3
0	15861	4931.542143753965	1
0	15870	4935.279807427083	1
0	15873	4936.029123182062	2
0	15877	4936.266080135015	2
0	15882	4938.256731647419	1
0	15884	4938.458994629446	1
0	15894	4941.918952389623	0
0	15898	4942.168311966817	2
0	15904	4945.970606552088	1
0	15909	4947.338893555106	2
0	15921	4952.435666825856	1
0	15923	4953.033321197962	0
0	15925	4953.168904520804	1
0	15937	4958.406970446697	1
0	15953	4964.029366484378	2
0	15958	4965.557446817519	1
0	15972	4969.554332101252	1
0	15982	4973.012956821826	0
0	15989	4975.273965078756	0
0	15993	4975.402808311628	2
0	16005	4981.015741004608	3
0	16007	4982.074138456026	2
0	16016	4986.463679067557	3
0	16024	4990.872749858305	2
0	16030	4992.10385596496	1
0	16041	4996.501400411594	0
0	16046	4997.402311581885	3
0	16058	5003.035362416412	1
0	16071	5008.109840113203	1
0	16080	5010.78079359571	0
0	16082	5010.998447586203	2
0	16092	5013.374784122686	3
0	16109	5019.319941768655	2
0	16123	5024.457432222552	3
0	16136	5029.236912804076	2
0	16141	5029.737268903059	2
0	16144	5030.908862727464	1
0	16156	5034.739003975176	1
0	16161	5036.738921733342	1
0	16166	5038.162723358254	2
0	16175	5039.76006734534	3
0	16176	5039.91121744516	0
0	16193	5045.177253595086	1
0	16201	5048.37581711763	0
0	16209	5050.588947270762	4
0	16212	5051.382573846148	0
0	16219	5054.202925551566	3
0	16226	5055.859095692865	4
0	16237	5061.528015257323	2
0	16248	5067.492970551362	5
0	16252	5069.412176488314	1
0	16261	5072.853266612857	1
0	16276	5078.360548858994	1
0	16285	5080.563176918538	0
0	16295	5083.873043828409	1
0	16304	5086.985751805247	4
0	16312	5088.875307123641	0
0	16318	5089.860740095142	2
0	16320	5090.047060471957	0
0	16333	5095.341889041939	3
0	16346	5101.126347603972	4
0	16349	5102.23922414461	3
0	16360	5106.93849006551	1
0	16378	5112.642992149104	4
0	16381	5113.946544367473	3
0	16389	5116.886875141293	3
0	16397	5118.299622029296	4
0	16414	5124.296520482746	5
0	16422	5127.278594704226	0
0	16431	5130.118129726729	6
0	16434	5131.952666478812	5
0	16443	5135.294738009569	4
0	16455	5141.14742064336	5
0	16457	5142.147737637979	4
0	16461	5144.088694719367	3
0	16469	5147.037186082217	4
0	16482	5152.961225663775	1
0	16489	5156.107443107872	0
0	16497	5158.291150821836	1
0	16507	5162.546282820635	4
0	16515	5164.131543691268	5
0	16531	5169.52102010953	2
0	16538	5171.798807922986	3
0	16544	5174.399047432582	1
0	16549	5175.207175301386	4
0	16550	5175.314205799487	3
0	16565	5180.56914851954	1
0	16572	5182.997620194799	0
0	16584	5185.709538217399	1
0	16591	5188.059405873993	4
0	16598	5189.881656730895	3
0	16606	5191.470815068574	4
0	16618	5195.297310095632	3
0	16627	5197.129728556375	2
0	16636	5199.177560556214	0
0	16647	5202.983100615206	4
0	16662	5208.278940951449	5
0	16666	5209.908303501316	4
0	16669	5210.886935537098	1
0	16671	5211.820052853668	3
0	16679	5213.551545610882	2
0	16683	5215.306749086943	2
0	16695	5218.781309968324	1
0	16705	5221.217458210768	1
0	16718	5224.556093030141	2
0	16719	5224.706776150152	0
0	16722	5225.408882179534	2
0	16739	5230.338786266043	3
0	16747	5234.266677485313	1
0	16755	5235.550848342941	4
0	16759	5237.449183059041	3
0	16775	5241.410898588595	2
0	16792	5247.282305514204	1
0	16810	5252.928823282706	3
0	16814	5253.352614579261	2
0	16824	5255.93521377933	0
0	16832	5258.2481159938	3
0	16841	5261.781195907153	1
0	16843	5261.803168075509	2
0	16850	5263.32068420923	2
0	16865	5269.117263477525	3
0	16869	5270.159294440294	1
0	16871	5270.255885670199	2
0	16884	5274.922528284598	4
0	16894	5279.11172239296	3
0	16901	5280.753254066218	2
0	16913	5285.835338079725	1
0	16919	5286.52131227357	1
0	16925	5288.606362429681	2
0	16932	5290.061128044506	0
0	16934	5290.324234373166	0
0	16940	5291.592210277912	1
0	16953	5296.333776496817	1
0	16956	5297.098964812698	0
0	16960	5297.106116472973	1
0	16975	5302.833757219833	3
0	16987	5308.130035091189	0
0	16992	5308.663548872337	1
0	17005	5312.82650128007	2
0	17011	5314.12246686313	2
0	17030	5319.977215791351	3
0	17045	5325.038101682902	2
0	17049	5326.648816091825	1
0	17059	5330.216146174815	2
0	17063	5331.785255309426	1
0	17074	5335.249848333417	3
0	17087	5339.502013259686	2
0	17093	5340.481999487846	1
0	17102	5343.265748012113	2
0	17105	5343.604925334103	0
0	17115	5346.201923153593	3
0	17120	5348.510431198521	2
0	17130	5351.213473017092	1
0	17148	5357.143474795857	1
0	17152	5357.148664986479	2
0	17161	5359.612010657906	1
0	17176	5362.988699397768	3
0	17193	5368.519791995172	2
0	17199	5369.805000343589	0
0	17210	5373.354658629166	2
0	17214	5373.587146111994	2
0	17229	5379.100881232877	3
0	17241	5384.389120433716	1
0	17245	5384.389690810346	2
0	17246	5384.71321100637	1
0	17249	5385.477163903297	2
0	17251	5385.712969625952	0
0	17257	5388.961129001346	1
0	17263	5390.029846921095	1
0	17276	5395.157823577637	1
0	17280	5395.814065427983	1
0	17285	5397.711286052826	0
0	17299	5401.594301653093	2
0	17317	5407.484280164119	1
0	17338	5413.300507826729	2
0	17359	5419.030810872091	3
0	17370	5422.887568587902	2
0	17375	5424.251118856834	1
0	17379	5424.306918600805	2
0	17383	5425.85680458089	0
0	17396	5429.689625168683	2
0	17404	5432.191689194183	1
0	17415	5434.911100986412	3
0	17422	5437.214068653411	2
0	17425	5438.943140012559	1
0	17432	5439.963273408355	1
0	17443	5443.140396705012	0
0	17454	5445.527896846177	3
0	17467	5449.984045994469	0
0	17473	5451.02370522823	1
0	17488	5457.018380587453	2
0	17506	5462.908239786046	3
0	17512	5465.164665969439	2
0	17514	5465.568790890158	2
0	17527	5468.836390787501	3
0	17529	5469.95769239578	2
0	17533	5470.854603007087	1
0	17544	5474.419933141906	1
0	17555	5478.287063225986	0
0	17563	5479.86123236711	1
0	17566	5480.957418510224	0
0	17579	5484.989459165603	3
0	17582	5486.036124686826	0
0	17594	5490.518148143308	1
0	17601	5493.590713497016	2
0	17608	5495.643865249816	3
0	17618	5499.626158400672	0
0	17625	5501.315484012708	2
0	17636	5506.692197408292	1
0	17638	5507.585120245462	1
0	17640	5507.983123717595	2
0	17654	5512.303237494312	2
0	17695	5529.371768531385	0
0	17697	5529.852005220369	1
0	17703	5533.738194031987	1
0	17719	5543.987369688574	0
0	17726	5551.540753205426	0
1	54	32.314152033882	26.386671496903
1	67	36.084385070715	13.799524275817
1	87	42.678213348147	15.236930397107
1	112	49.656237698741	37.856330863781
1	146	60.879776058484	22.968241476685
1	167	67.36351602571	7.388067885534
1	171	68.814355671753	36.247126524218
1	188	73.514398014171	30.263451661214
1	206	79.183128256584	62.350831157528
1	213	81.560588833528	27.203778145254
1	231	89.489128756918	40.626487626577
1	253	96.122091206489	30.386017438723
1	282	104.082249564235	21.958504440612
1	316	114.261640248937	26.261094570277
1	328	117.472873995665	45.82284089539
1	341	120.38693349948	10.123965829145
1	352	123.209220634655	29.64156336116
1	402	137.244159366702	21.046103550588
1	416	140.301409501703	63.187967724055
1	420	141.594022544097	42.041048650161
1	484	160.853545345942	33.478306615605
1	499	164.547285326405	43.067660368164
1	522	170.601847377376	65.515117690437
1	525	171.300790420847	32.687047455576
1	530	171.602799934798	16.98198863701
1	577	183.573054348928	50.699466059796
1	581	184.620571914476	24.490232008394
1	587	186.527225655624	37.084203422193
1	609	191.43489762465	20.078275470527
1	614	192.468647415287	26.359523727332
1	621	193.002816897929	10.831179013824
1	652	208.216814175825	64.001124856642
1	664	212.295803345739	35.786361657318
1	675	215.081186723659	5.165382977808
1	696	222.232319786558	18.233382269623
1	719	231.530065217518	4.754202543293
1	721	231.576486318955	43.925371760623
1	729	233.101536202007	18.061478592454
1	731	233.838754373249	12.869497903971
1	779	250.904306321404	57.945860425246
1	782	251.567858848834	14.181573107723
1	821	261.857552250962	63.694221085056
1	828	263.442506564661	31.410217626137
1	869	275.785783250812	21.21121026203
1	880	278.512190018545	7.425314240857
1	885	279.706346415677	36.951396812917
1	891	281.000207467933	32.265975696967
1	930	292.400119946801	15.414080763469
1	943	295.992536175528	7.948820043356
1	963	303.337257067436	38.191825762391
1	976	307.2962094309	47.231870066258
1	1002	315.817478794952	5.460282300716
1	1027	325.321923602255	26.207958955436
1	1059	336.09152162587	20.442748325411
1	1061	336.324202437763	53.933579812406
1	1069	338.826977541315	45.314346485186
1	1082	345.669473015934	41.130194698461
1	1086	347.397378842577	26.514019771479
1	1141	368.230280633197	25.40177837212
1	1156	371.660355133584	12.207589156111
1	1176	377.851295702622	51.745796855771
1	1179	378.92494998092	13.845343043678
1	1217	393.274201384509	6.228271164698
1	1219	393.942284564249	40.101210415826
1	1260	408.72220026026	77.501061778513
1	1281	414.492788100144	77.636529745764
1	1283	414.535436976231	44.079969513694
1	1311	421.125923712154	22.659453729751
1	1328	426.01394708792	16.45845197572
1	1352	432.791373479061	6.082140396466
1	1360	435.032960264938	87.166491396955
1	1380	441.407951487691	59.944560253527
1	1384	442.445528207924	21.063516870954
1	1403	449.891062507283	73.529716992631
1	1433	460.289683961423	12.586278353236
1	1435	460.409642965415	23.034150816851
1	1438	460.959642534141	2.417119650869
1	1458	471.129214410547	78.151582114744
1	1478	478.953822504842	9.432114350493
1	1481	479.743157170245	16.14676789567
1	1483	479.763329954927	75.59044724877
1	1520	491.060769864	75.654409943725
1	1539	495.676335072607	9.278825496557
1	1555	500.130798837167	19.384403903271
1	1573	506.316348182733	31.101239977638
1	1589	510.432077636705	12.72047854797
1	1602	515.760581795932	83.385962927824
1	1650	531.603130687605	28.671830577659
1	1660	535.469789549587	21.093159968149
1	1684	542.561030799514	99.907604903908
1	1723	554.161927232978	28.310062891801
1	1733	557.018563624817	9.132752212579
1	1748	562.126848869834	31.17495060933
1	1766	570.133142159312	116.98654516693
1	1786	577.604472631813	85.789851603793
1	1801	583.275192854223	41.024493611417
1	1805	583.956673959731	30.764445517211
1	1826	591.280371228455	82.500055042322
1	1842	596.217637366728	14.211236797622
1	1848	597.676010067331	77.341756509377
1	1893	612.533666489293	53.51573029568
1	1905	615.56054881924	78.764417846097
1	1935	624.364888617766	27.059222305427
1	1953	628.504621098279	58.025375269352
1	1981	636.507010662336	72.006144147942
1	1984	637.065437765208	28.093102317887
1	1992	639.020738259305	19.308285323089
1	2008	643.787513143029	56.577460910541
1	2013	644.872010875483	68.426574560807
1	2015	645.381733972569	31.320102528196
1	2028	651.047221188196	58.777547101256
1	2064	665.291176299565	35.361274807951
1	2090	673.563120475849	10.397443119552
1	2105	677.140196612682	19.377991746295
1	2109	679.588864838357	39.094809698063
1	2121	683.870317866672	80.632021702243
1	2145	691.838755655454	39.477646133752
1	2164	698.443731450005	73.568828358546
1	2172	701.977953328399	21.319544369006
1	2195	707.587071705255	72.256512964725
1	2203	710.179230688486	13.188771421904
1	2206	710.675214675025	41.590662898735
1	2261	725.722997685897	50.757530189591
1	2269	727.820724827352	25.611147151678
1	2292	734.634976131487	88.229953716391
1	2304	737.223721361024	45.585365735466
1	2322	742.021708494051	34.613079118077
1	2340	745.972587132593	22.721357127186
1	2348	749.02889729524	36.543722182746
1	2352	750.819900344126	32.946622131859
1	2393	761.676771189315	75.177294372347
1	2418	768.0858152	27.931064591627
1	2422	769.716940519517	13.717982783798
1	2461	782.091630094682	53.004406159276
1	2464	782.484803983941	31.56970791216
1	2477	785.395696887746	6.524872634094
1	2483	787.093524475117	41.205798606855
1	2513	796.922064668381	62.067651606979
1	2533	803.24574923911	35.799202967434
1	2565	814.150094386422	52.620939154643
1	2580	818.61314195872	34.5442305567
1	2599	824.418015342557	51.192313223265
1	2620	830.49741438241	24.314238366907
1	2647	837.74663506134	42.698355046917
1	2662	841.011736612186	51.885435883307
1	2684	846.752637030905	24.733857646234
1	2688	848.440930534858	20.567290870711
1	2705	852.925777335187	41.730189351367
1	2719	856.412839163677	55.600807814278
1	2722	857.357606067671	12.821686317562
1	2760	870.395617527193	31.731463167588
1	2774	874.36852796725	58.107112373924
1	2778	875.523459764548	19.456554341015
1	2781	876.679900882766	43.693904077635
1	2796	880.958780526067	30.646072835778
1	2799	881.715220455434	20.554389956063
1	2830	892.33780242782	9.943026193884
1	2837	893.892533726639	16.950824769795
1	2865	905.26323091751	11.979959493505
1	2868	906.545021915809	8.238836538747
1	2870	906.695718170379	39.981881890216
1	2900	918.237611880175	14.50580923201
1	2924	925.733497522888	16.783963332769
1	2938	932.58115238196	60.708362875393
1	2980	948.007736266238	33.198690953313
1	2982	948.102222930755	11.423427388887
1	2999	954.626579771985	66.596102713844
1	3062	976.484681613279	23.50190306199
1	3064	976.487253863478	56.165691049186
1	3106	991.407734642969	32.437097253278
1	3119	997.000778020593	32.044529250358
1	3125	998.096370451965	72.365813279407
1	3161	1010.36327454541	40.185035686708
1	3172	1013.637299288294	82.87254763441
1	3194	1021.112839939074	23.918215984712
1	3233	1034.63153688493	53.50944334897
1	3238	1035.343806290997	10.233076377536
1	3252	1041.975201586026	99.811010233591
1	3262	1045.256805620506	42.165794421104
1	3275	1050.274069078497	102.58381729503
1	3331	1072.891867566971	3.798480203259
1	3333	1073.041870372021	59.415340377367
1	3351	1079.097929425418	103.46811950241
1	3376	1087.161567788921	23.629625241854
1	3424	1101.769357507229	115.31393856264
1	3431	1103.224433396244	66.500935162882
1	3441	1106.297988413717	58.732391325873
1	3445	1106.501161604301	114.81480380205
1	3453	1108.026556838538	17.30334521737
1	3463	1111.165674886436	36.532441944817
1	3543	1133.256838462551	48.169717145853
1	3545	1133.355549652013	53.631249917787
1	3547	1133.875434658957	37.686009904137
1	3563	1137.261779982367	35.103174698076
1	3570	1139.330870397155	131.02089552837
1	3641	1158.326159854303	33.800945093971
1	3644	1159.263670465558	139.8465694621
1	3648	1159.819594807924	51.830176718534
1	3661	1163.178096177061	27.223641817229
1	3675	1166.227878652163	36.187902012955
1	3683	1168.374857102987	54.484542947961
1	3697	1172.049068936153	19.982444642117
1	3734	1180.437575299058	33.79277453711
1	3739	1181.626508802874	150.66144601465
1	3765	1187.619245699614	29.891598885187
1	3783	1193.723448378035	151.65363273979
1	3799	1199.210591607028	29.991180637384
1	3817	1204.549248986993	40.844868299899
1	3855	1214.17047011084	161.35295126564
1	3866	1217.701968511451	159.83845987904
1	3905	1226.775125543469	52.412392777039
1	3917	1229.591450582259	27.805519091431
1	3922	1230.641466336557	44.70362674631
1	3925	1231.823807761887	35.411479449713
1	3942	1238.643297382979	30.862271029617
1	3962	1245.111745088593	31.949879868885
1	3968	1245.985953103634	127.06242761167
1	3989	1252.75819647475	28.524051022015
1	3996	1254.638208471353	8.967457150456
1	4014	1261.60600751615	43.306938408406
1	4045	1271.372909013997	14.266321745817
1	4047	1271.478598750662	130.43749036663
1	4076	1279.300143929432	16.961547245504
1	4084	1281.415400650468	13.825372245045
1	4088	1282.824697324656	9.938546909134
1	4105	1288.594903693767	53.63976958068
1	4118	1292.331837704055	13.900575364822
1	4133	1299.747086661167	119.49097343813
1	4146	1304.346886706187	113.30065866967
1	4156	1307.82811195636	56.158272681057
1	4176	1313.49881124287	7.721108360217
1	4178	1313.606862886458	84.016336353377
1	4222	1326.96781133802	38.151456101679
1	4227	1327.390092747985	5.218936716905
1	4242	1333.050945628435	93.003728611628
1	4247	1333.384178905514	32.803347481879
1	4253	1335.819111566524	2.712824036831
1	4271	1342.768158991939	31.212183368277
1	4324	1363.568270483403	79.845135645125
1	4334	1366.859106836958	17.369143899879
1	4359	1376.898020740367	32.892878248589
1	4365	1379.348786783521	84.689255150151
1	4371	1380.7453482484	4.455375285121
1	4377	1381.883075971739	65.313522398588
1	4439	1405.502472185764	50.710793375503
1	4446	1407.996945661495	80.738695295762
1	4459	1411.318289455844	72.515048029252
1	4487	1418.803563913097	58.877050356937
1	4500	1421.296855839089	28.906507913606
1	4508	1422.995297618093	51.985467997493
1	4530	1429.87081671949	21.027100705078
1	4539	1431.392402272558	17.075058629155
1	4557	1437.911730073862	6.719686170577
1	4559	1438.362024962207	72.639971514234
1	4594	1450.117218345757	13.000912810562
1	4597	1450.857027843133	8.137611337474
1	4599	1451.411011461631	64.838300873287
1	4631	1465.215812863549	83.841981241943
1	4638	1468.142093490689	69.763983508682
1	4720	1494.105709792343	73.862247807433
1	4722	1494.144438126126	12.773163923994
1	4733	1497.118416307147	93.518509240006
1	4744	1498.84259340505	22.866745882553
1	4769	1505.685306005415	79.885343566305
1	4785	1510.167838864373	62.103897951188
1	4787	1510.244579761408	56.462596772356
1	4796	1512.849223705478	26.049151824557
1	4814	1518.657992605471	26.266461807187
1	4844	1526.753246251723	62.196846993868
1	4882	1539.493682961564	80.279279521551
1	4884	1539.554808178453	41.17819926655
1	4898	1544.908377020965	74.384159060073
1	4955	1562.67604723049	53.257783545763
1	4958	1563.738244320961	59.581308625168
1	4986	1570.843315243606	50.137616179301
1	4988	1570.962824093062	27.495632338919
1	5017	1579.291646865432	13.500584643103
1	5019	1579.476949306432	64.720330520991
1	5057	1588.415612061974	6.830113322474
1	5062	1589.387827693371	18.417256812218
1	5067	1591.812391887422	31.650265092731
1	5128	1609.239964558387	82.723954058826
1	5132	1610.237108820703	23.128953873997
1	5153	1615.810985518502	17.960682203875
1	5157	1616.805305111689	40.637205909473
1	5164	1618.333549153868	86.45953776349
1	5217	1631.161828900109	28.186629556239
1	5229	1634.516592218774	42.066980564268
1	5247	1639.00931874185	30.31968770234
1	5252	1640.282825105237	102.8064608873
1	5326	1657.934592023493	32.639617014445
1	5334	1659.804701735728	45.525800069325
1	5339	1661.22818259231	9.088830566147
1	5341	1661.91943789309	42.038623383624
1	5373	1671.793017211715	122.36803856503
1	5401	1679.091420010549	42.688701996931
1	5409	1680.75402889657	18.246492347216
1	5443	1689.618923287497	58.630746585907
1	5457	1692.100275716278	18.332924649585
1	5483	1701.589307510408	147.12076605868
1	5504	1706.740172557768	38.239369997059
1	5526	1712.244474017884	65.728189491791
1	5528	1712.561087713929	15.903943608402
1	5559	1722.326759061891	20.367780503234
1	5584	1732.607262319416	91.164186162405
1	5605	1740.113820781932	6.118998516119
1	5612	1743.484219279962	86.086575181114
1	5635	1752.759643017204	73.036951513851
1	5661	1759.637534362493	74.647049525284
1	5667	1760.650202260584	6.105972767341
1	5679	1764.450562776529	73.688131542641
1	5687	1765.701770873391	16.373092783732
1	5695	1768.493520229007	3.563566172379
1	5727	1778.378917300381	65.63800841361
1	5757	1786.580623581891	11.164927053151
1	5763	1787.959763744145	80.488095576873
1	5766	1788.415175740842	7.196414385925
1	5798	1797.731273191173	53.673230764813
1	5800	1798.613312994827	28.499072272329
1	5813	1802.745261297568	43.014783878352
1	5838	1811.849430030676	93.789389195618
1	5843	1813.46017174283	26.275347990683
1	5863	1820.093420994585	10.939654066112
1	5935	1841.904088973417	27.386646712549
1	5941	1843.000191960949	12.184163530358
1	5944	1843.53698481491	51.016080356085
1	5948	1844.602916468982	121.41255793662
1	5952	1845.740543887485	9.205698889914
1	5970	1852.021151341844	48.566354036911
1	6016	1867.811590673517	20.228617642423
1	6027	1869.996549147648	141.77321606316
1	6064	1882.233754128799	23.242297104676
1	6108	1894.036656744429	29.311083125068
1	6112	1894.378021394367	155.37118754024
1	6124	1898.002863754985	28.079299230596
1	6126	1898.21274997224	17.704899109667
1	6147	1904.503278997027	106.84377521882
1	6149	1904.544524518423	18.991646034992
1	6157	1907.335149416236	32.08195369947
1	6190	1918.575803046929	16.021227073273
1	6246	1936.902183590804	116.7392431522
1	6259	1941.138224118857	50.060460331852
1	6272	1944.470953396289	36.314460920869
1	6279	1946.110372307244	120.82944534393
1	6291	1949.059743195888	107.23164575885
1	6312	1955.005061667061	101.58476465347
1	6328	1960.145161167832	63.117252071967
1	6330	1961.090571148207	47.645152165441
1	6339	1963.386672324617	27.829861237551
1	6387	1978.104752202169	4.6720668989
1	6400	1980.982653886775	23.759529822037
1	6402	1981.214328236533	62.588570075464
1	6426	1988.341749086628	25.436387035415
1	6463	1998.651241375595	30.262424387732
1	6484	2005.103820698105	20.392225046411
1	6487	2005.668624867923	81.281573973835
1	6491	2006.706572380498	16.324670120257
1	6563	2033.708084423797	103.58282806073
1	6566	2033.952179926215	32.038596377474
1	6586	2039.890056501725	32.627121509634
1	6592	2042.133689782234	23.97957596893
1	6596	2043.453734606854	30.832842962001
1	6620	2050.820229783307	16.351845149767
1	6641	2059.259527388963	118.09726208123
1	6670	2068.662230980931	39.748688539139
1	6678	2072.24481591466	10.479721533834
1	6703	2078.8361439663	132.28142315173
1	6719	2083.729589639696	5.659416696987
1	6725	2084.606122117955	38.970322237582
1	6729	2085.770012420951	18.458861100138
1	6746	2093.158406560308	42.066693833329
1	6775	2103.613628005726	8.695131851244
1	6787	2107.761652847288	155.89878099435
1	6792	2109.558617669854	52.860973988424
1	6806	2113.272644239131	134.35449549311
1	6867	2128.293217988336	16.803912013886
1	6869	2128.309668015342	132.31769178983
1	6877	2130.827197137289	25.324575656327
1	6893	2133.83289218042	17.011519752908
1	6900	2136.044663145322	63.089855375582
1	6923	2143.504670805646	54.364541337475
1	6948	2151.436201746812	127.78873961373
1	6956	2154.462861759705	26.458954762784
1	6965	2156.841137642393	117.11109681649
1	6985	2167.052085728034	67.094066987162
1	7009	2177.323161791782	93.357457333948
1	7043	2192.91142169119	59.533914109814
1	7055	2197.072931939849	74.671806889699
1	7074	2205.197471737286	66.067496923387
1	7098	2214.182126722063	69.394857104166
1	7139	2224.585502432424	69.346527146173
1	7145	2225.64904189122	75.51035755978
1	7150	2226.933910211669	25.475312029131
1	7155	2227.851296485988	20.810589067059
1	7163	2229.374739740624	68.292299757127
1	7176	2234.551872457965	49.698634488629
1	7241	2251.036373574519	83.975486323702
1	7245	2252.348918790814	34.498584895744
1	7259	2256.423329092678	83.472902938606
1	7284	2263.251974659044	72.631111626283
1	7286	2263.501872357447	28.793629054212
1	7304	2268.067461351282	22.406121474806
1	7324	2274.616481220697	95.666462180086
1	7358	2285.437403829069	29.490440756779
1	7364	2287.785469856933	75.167808292088
1	7420	2305.583126942395	109.32919415971
1	7430	2309.069830483414	68.637602878157
1	7456	2315.870227986482	43.821235989454
1	7482	2323.32014719851	45.559292536579
1	7519	2333.039731135245	109.41082596022
1	7521	2333.489238542738	22.988892870023
1	7544	2338.453865776772	55.325696897927
1	7547	2339.115438633838	77.819958844461
1	7554	2340.997446913628	52.055883277097
1	7582	2348.630589541635	54.654395620925
1	7596	2352.045254765311	31.061732884961
1	7627	2360.447750236491	131.25809669111
1	7638	2362.842549757335	112.01488779159
1	7642	2364.039615970223	97.19009597425
1	7657	2367.479220651903	24.515349741905
1	7664	2369.378635223029	53.632127426802
1	7668	2370.196021471526	65.363029047035
1	7731	2385.647458565423	86.433379427065
1	7765	2394.225787515642	56.463149387976
1	7769	2395.109108650708	29.117077414992
1	7783	2398.752748774138	71.869572777306
1	7795	2402.726297542342	15.364176591513
1	7806	2404.454925298581	71.930141172726
1	7821	2408.937325755487	60.243976636908
1	7835	2412.168369245604	19.489254602817
1	7849	2416.278157137458	56.07606323611
1	7878	2426.080640649423	54.599801553411
1	7894	2430.755996208875	32.256765907401
1	7911	2436.050232447688	81.548518633472
1	7934	2443.22800021619	61.090829879979
1	7945	2445.498247163609	35.25966308476
1	7947	2445.67999343283	7.310468908981
1	7956	2448.539333066909	32.376616474712
1	7965	2450.366072734353	73.37402436789
1	8004	2461.910048884807	6.949977847283
1	8019	2466.27301056567	61.90407775692
1	8024	2466.783972288018	45.014476571
1	8035	2470.099875822665	26.713983115741
1	8046	2472.870956813801	6.565974472673
1	8078	2484.745684156894	7.369027757552
1	8093	2491.939033735195	31.459862578777
1	8095	2492.433350548034	64.904993781705
1	8114	2499.757127963125	67.04340719327
1	8134	2506.632605089807	23.287149866112
1	8136	2506.764349100296	7.100338503601
1	8141	2508.525654983824	59.356413814356
1	8174	2523.144204638201	17.980249645422
1	8193	2529.428468407133	8.584936921253
1	8218	2539.581547811512	67.77831556357
1	8254	2552.384605037982	63.76831105794
1	8266	2554.92365517083	44.734603483811
1	8319	2573.980200352494	36.699827962203
1	8335	2578.748278344633	84.148978940561
1	8341	2580.505970757917	54.485936522946
1	8358	2585.694889230535	43.101001521221
1	8372	2589.092328484634	19.669666829517
1	8388	2593.503383207365	45.650476517386
1	8421	2602.877838889137	87.041756035993
1	8436	2606.022255204965	25.174420946858
1	8449	2609.288869999117	22.623420661317
1	8458	2612.28935897967	53.822818673795
1	8473	2617.614399063166	42.449660537064
1	8490	2622.774200213724	13.698042328819
1	8521	2633.688416266232	102.00271466945
1	8527	2635.361998961773	14.580808895408
1	8529	2635.897725844637	43.325098588246
1	8540	2640.101854835521	87.168575412245
1	8547	2642.526684397483	78.134002860287
1	8580	2652.951642756697	38.068173169971
1	8609	2660.020517249941	62.063024337986
1	8617	2661.593809292302	12.872476489632
1	8633	2665.822539762945	28.209371660489
1	8659	2674.547871257411	47.828428781592
1	8680	2680.130519450407	76.214311179703
1	8684	2680.845818768488	48.922560996842
1	8696	2683.491276676537	29.412728712897
1	8720	2689.506889022073	12.729914177559
1	8740	2696.178270273147	31.142675763465
1	8770	2706.167184417255	24.27001944266
1	8788	2712.319490837632	68.831053798087
1	8791	2712.570611463158	53.08095769188
1	8816	2722.248919194566	28.44316499564
1	8873	2740.620142366619	35.334720260578
1	8875	2740.748798560001	19.60003358696
1	8878	2740.920597306798	70.131381086419
1	8919	2756.638829027071	23.661382753403
1	8937	2764.108434434865	13.807011204889
1	8944	2765.828872721289	78.008331833054
1	8969	2773.11148641689	73.769947646067
1	8971	2773.923522353052	63.210256343354
1	8973	2774.253575342356	58.354567586093
1	8975	2774.454875185273	18.69781751896
1	8984	2778.244045649069	39.309112001555
1	9008	2784.679690882451	23.27170627972
1	9014	2786.127754916783	41.786870096923
1	9016	2786.825395544056	13.803736265978
1	9049	2796.667678675968	29.305275855241
1	9052	2797.728276020033	7.830074006576
1	9057	2798.780767549876	71.754134452318
1	9064	2800.599330555994	16.632048636323
1	9089	2809.452440284077	8.33115008392
1	9106	2815.183445076813	36.89235007356
1	9130	2825.156031120687	29.55682664097
1	9144	2831.160407413032	24.745768700496
1	9149	2833.317615791227	20.964731123535
1	9184	2843.635339675353	15.572684942627
1	9201	2848.674349916748	9.344010101979
1	9208	2850.747691878349	16.940070100593
1	9214	2853.126336923686	35.641949541055
1	9263	2868.523793483388	45.975293380444
1	9289	2875.280469249468	13.648352122866
1	9295	2876.928357144936	32.221299011844
1	9302	2878.033321738826	27.748824323645
1	9314	2882.395619677261	26.725858752032
1	9324	2886.989135446957	20.355818358948
1	9358	2899.107103350223	21.38730973017
1	9410	2916.240249186521	27.309182090452
1	9417	2917.412227402788	44.782767379073
1	9432	2921.628572423011	26.77254445036
1	9443	2923.636844159105	23.482718913585
1	9460	2928.047308857201	44.549718886728
1	9498	2937.127464265681	14.844984119877
1	9500	2937.372437457904	26.248775906746
1	9515	2940.695473094122	23.582713645768
1	9543	2947.79367243801	42.241792406652
1	9547	2948.205723944237	20.094585822314
1	9566	2953.733205205178	19.985149517073
1	9579	2957.17480998137	18.391958406894
1	9644	2975.411825652349	25.858997882226
1	9647	2976.458907472085	32.534143650089
1	9650	2976.756973986513	15.9508432867
1	9657	2977.753732682438	22.835766392061
1	9661	2980.221200742408	13.865875973714
1	9690	2992.277634881088	4.637970967568
1	9712	2998.722101319464	16.519206466269
1	9729	3004.450939494767	32.705144212698
1	9737	3006.921612745386	8.468378641179
1	9749	3012.144524166709	19.489761763368
1	9788	3030.42471392441	53.633017922402
1	9804	3035.546441819521	26.081984802151
1	9836	3047.294539320049	43.408529541221
1	9878	3061.91653763794	30.466583100962
1	9884	3063.05582608166	42.936103647805
1	9886	3063.453000761919	48.948427389027
1	9944	3082.076004914011	7.127707847395
1	9946	3082.124202920123	56.48601873731
1	9948	3082.163096549573	22.740334513713
1	9981	3093.094529852972	55.733419969446
1	10000	3099.301753922252	56.425355084591
1	10018	3104.993230193386	40.392989037555
1	10043	3113.34960001556	33.066109771725
1	10099	3128.339193874973	80.318105567015
1	10125	3134.418505132778	48.851360029421
1	10127	3134.765753943008	43.815012347418
1	10144	3138.771625628227	42.270186830076
1	10155	3141.106933137752	27.97038337437
1	10164	3143.214173560265	24.087583070389
1	10179	3147.631328216635	22.797879062241
1	10188	3151.095775157565	15.626760637739
1	10197	3153.558334634526	99.799484296354
1	10213	3157.716356788532	87.791737388122
1	10219	3159.848833969446	29.522731071222
1	10225	3161.626394169408	15.349097179949
1	10243	3166.919641036425	10.01711521612
1	10255	3170.784192639869	2.352740395348
1	10303	3186.264839489714	84.252657360399
1	10319	3191.278959404099	39.918042788401
1	10354	3202.505606147924	28.464604896956
1	10364	3206.062655808751	15.024931992052
1	10369	3207.572505652553	5.455680122945
1	10382	3212.981103331317	105.30119474744
1	10402	3221.423487118795	80.7930098098
1	10404	3221.755247884784	58.981328770871
1	10453	3239.607230347815	59.807077762438
1	10471	3245.114728058458	59.75623162999
1	10489	3251.52879810962	27.21762819239
1	10496	3252.502264595825	55.633424913046
1	10522	3260.622793059098	13.855513808084
1	10555	3268.816439738845	16.532278742522
1	10557	3268.818895436012	55.800944439255
1	10562	3270.322675381321	62.698344472329
1	10585	3278.263380692109	20.837897917489
1	10595	3281.159202901534	50.929689952525
1	10612	3286.083697116932	67.262998644493
1	10678	3304.666183944441	42.024763456427
1	10680	3304.760188169319	69.2674755822
1	10696	3308.549262514572	29.486219567014
1	10703	3310.223058671459	25.746093802387
1	10732	3317.604155762701	21.995007046611
1	10754	3324.851088794647	18.297876153605
1	10758	3325.79066111974	24.682773620471
1	10771	3330.269799640759	89.157617965836
1	10774	3331.509757727734	19.87320974923
1	10797	3339.845497891891	5.782673762995
1	10806	3341.49503711518	24.645416528218
1	10849	3358.12720932183	18.278470652643
1	10852	3358.876573768802	90.553666344269
1	10873	3366.35739368795	92.956719070332
1	10887	3370.993395787897	26.06906029675
1	10904	3376.184447923094	3.53837021382
1	10934	3384.131488726244	33.927310795524
1	10940	3385.654260258655	30.332564813781
1	10962	3392.303211125548	13.770857836121
1	10972	3395.230896024498	33.93823230895
1	10975	3396.58556775714	7.430949976551
1	10978	3397.002159637174	107.10489734915
1	11026	3410.073305852946	15.110872951336
1	11044	3415.587885529849	48.72676476964
1	11061	3420.583365858651	20.04568919132
1	11078	3424.860710708899	102.24416031526
1	11086	3428.201077336677	44.596448776076
1	11097	3431.09460066841	19.064586829159
1	11121	3439.442842369909	111.23859726173
1	11180	3453.291224085025	46.973419082812
1	11205	3461.12662897982	26.313852026138
1	11214	3462.934375840475	22.439998667921
1	11217	3463.005791436648	45.515071997417
1	11219	3463.132219444973	11.543596577609
1	11224	3465.928163443228	8.379377505742
1	11250	3478.39188840054	4.39563695155
1	11268	3485.166911222505	61.992278379152
1	11297	3494.846122543911	32.094975257409
1	11331	3505.553198287147	26.158257273374
1	11355	3511.323969802932	82.410406615929
1	11372	3515.095015108931	69.123499183561
1	11381	3517.903044575472	49.801633038436
1	11392	3520.285338265239	18.943441623238
1	11422	3528.888678025339	38.268999819062
1	11426	3530.186989499955	6.812999908812
1	11432	3532.391700661507	46.999678052261
1	11445	3538.107316641952	42.484216813812
1	11488	3552.735743753031	46.38258665998
1	11502	3555.709612467325	27.175304129019
1	11536	3567.675555273542	28.771225265809
1	11545	3569.928666256253	57.587291592383
1	11570	3576.423288158725	58.273277273053
1	11596	3583.550633321982	39.093012206255
1	11600	3584.722413676905	51.041336447114
1	11607	3586.223915551092	4.489884075476
1	11634	3593.111048415886	5.461271548992
1	11651	3597.794769537287	48.256688764435
1	11654	3599.183619791762	33.578399101857
1	11690	3608.544995085453	53.307650134316
1	11708	3613.774210984822	16.005031225273
1	11717	3616.35659747967	45.319295491328
1	11722	3617.132436169193	40.578472724996
1	11732	3619.478882272381	4.798377677682
1	11769	3631.683021303149	71.278602333854
1	11786	3636.793007987556	44.044951825173
1	11790	3637.367975051287	17.645597075348
1	11819	3646.747988723335	43.376107535207
1	11828	3647.979012047522	38.898343940379
1	11832	3649.312403949798	18.539421419267
1	11861	3659.730976574242	6.426841506852
1	11874	3664.406669587133	22.217402640964
1	11898	3671.359537353272	46.079634757942
1	11909	3674.156547844176	37.570348947538
1	11915	3675.916277887066	28.412171410161
1	11922	3676.653337253725	6.176043576095
1	11943	3685.660919869086	26.405251163289
1	11959	3691.686541385134	26.993330624768
1	12011	3710.066791051068	34.028979301451
1	12019	3712.459395589311	20.944694945358
1	12028	3715.160277639403	34.002291548417
1	12093	3733.760524861051	9.33650939935
1	12096	3734.207903365259	25.96407295659
1	12098	3734.582966946647	48.271755974621
1	12129	3743.071554609462	45.904864175597
1	12150	3748.652043229322	29.54546866508
1	12152	3748.673099055304	46.414687877869
1	12224	3768.969446597741	55.143065892512
1	12240	3773.667711160616	37.733476357771
1	12245	3774.983158931488	33.730536519668
1	12257	3778.185198428459	47.801598374382
1	12296	3790.885459507703	43.895318394646
1	12320	3798.415349567659	6.342947648955
1	12332	3804.586293180475	52.450548959198
1	12334	3805.360299521014	36.195188844696
1	12359	3814.554566413398	56.950881675351
1	12378	3820.427011334921	57.233720343909
1	12401	3825.954934899813	39.799793833751
1	12407	3827.570760562201	18.168926246114
1	12415	3829.413270353107	14.860935206291
1	12419	3830.220805593069	32.535260338104
1	12432	3833.222935204163	58.216450979002
1	12449	3839.07383415592	7.731508851284
1	12465	3845.50177644333	65.024829372531
1	12474	3848.389923264159	28.710744756625
1	12493	3854.072119619814	5.894243336864
1	12526	3865.00817070436	27.968594691252
1	12529	3866.502055627527	12.824542865389
1	12544	3872.705423524141	69.193182405087
1	12562	3878.4783937356	19.659545787612
1	12590	3887.955940984425	62.525982107503
1	12621	3899.521613140942	24.16215392633
1	12628	3901.261350355461	36.897939147544
1	12691	3922.791745462457	79.889091050952
1	12705	3927.798472380267	58.181808637921
1	12714	3930.628152822731	50.077865159958
1	12732	3935.884669475027	49.614420086846
1	12748	3939.478362789033	41.330256248247
1	12793	3952.103346786933	37.179424088221
1	12795	3952.401183333599	60.182234276204
1	12805	3953.681122203126	49.93378347438
1	12845	3964.448480748104	32.802325314142
1	12871	3971.451161345588	28.590816712361
1	12875	3972.419137582067	62.944782340318
1	12890	3977.584280990069	57.131468158453
1	12901	3981.401537843519	21.871506760135
1	12917	3986.56297189172	49.175387552126
1	12936	3990.829266551065	9.2163072502
1	12962	3998.039191784687	44.366649489502
1	12977	4003.207162183482	77.471528891945
1	12990	4006.610478710388	58.046890513511
1	13006	4010.649293356689	23.704199186409
1	13035	4020.301721240977	22.329975052157
1	13045	4024.532206042441	59.039644178939
1	13060	4031.217785055631	38.560016162111
1	13090	4041.768526313011	6.720545394929
1	13101	4045.347557825268	41.789918788243
1	13112	4048.914571179432	77.526700383641
1	13139	4057.101752119371	16.729937202298
1	13146	4061.13162202668	84.682896832011
1	13172	4069.026034446199	59.981370126363
1	13200	4078.643106904112	15.841695108916
1	13210	4082.639851934742	63.367071462563
1	13223	4086.180715275585	71.954740143039
1	13227	4087.572839284199	57.610620041262
1	13238	4089.908593083382	38.671018944006
1	13249	4094.56858682807	4.983259770437
1	13271	4100.836940715327	76.42191704433
1	13281	4103.342053156928	3.378718358581
1	13308	4112.136386896134	33.77882191923
1	13318	4115.63307818654	20.959654640407
1	13349	4123.68906092039	78.269207747428
1	13356	4125.442718383853	41.319686516884
1	13363	4127.510868508601	21.776777424151
1	13409	4139.893741304867	28.562428474308
1	13412	4140.487637607381	12.796814493138
1	13414	4140.590744847321	83.55508208194
1	13416	4141.399817793397	24.861352053472
1	13419	4143.189391773433	75.33452370065
1	13457	4156.850380276103	83.499716707279
1	13493	4166.730842116296	44.4237504555
1	13501	4167.605493309907	33.961410998367
1	13520	4172.778443104237	16.724150698049
1	13533	4176.56257779023	26.10156774579
1	13552	4181.138512715464	36.130540326471
1	13557	4183.177620090087	43.76699769102
1	13573	4187.055698402109	3.775170935667
1	13588	4191.877428363541	19.606532595352
1	13594	4193.103236687251	4.683373692094
1	13629	4204.461413998396	37.329742443289
1	13641	4209.900383787579	15.517124137958
1	13650	4212.069374759913	50.766858341404
1	13692	4229.126354697393	23.413704479579
1	13711	4237.140049603534	3.39846358099
1	13714	4238.209342869581	60.546870848281
1	13748	4250.541466208293	39.80052320508
1	13766	4256.569517284282	16.937759929453
1	13788	4265.149079250872	65.208206709011
1	13820	4276.195853648356	13.980274495318
1	13829	4278.408956563918	56.582227906099
1	13864	4290.637685724537	74.456883786715
1	13866	4291.176969556373	63.359448107661
1	13870	4292.895809411772	47.476371429863
1	13880	4295.407011317669	27.433759495032
1	13919	4309.078546938372	20.027920107709
1	13943	4315.948193326939	42.817765649057
1	13951	4317.289720066825	66.534521065654
1	13981	4324.720699094933	19.453110671368
1	14000	4330.445952750046	73.835619438209
1	14014	4333.719843971428	33.821803630448
1	14020	4335.490692259512	19.150221592981
1	14022	4336.100330544287	14.091219772469
1	14024	4336.108503136315	52.253232952438
1	14040	4339.786220093959	61.465482665695
1	14054	4344.510566996756	50.335349960599
1	14071	4352.119665367416	24.903112886826
1	14086	4358.43721442006	47.958126596757
1	14108	4364.963184684285	32.609613978539
1	14111	4365.544079523886	16.641360580575
1	14118	4368.242981905467	9.07704236207
1	14126	4370.160156261641	31.902523907366
1	14163	4384.680424151827	9.543744586525
1	14183	4391.509537468902	37.398120773495
1	14187	4393.304001303278	12.325717869568
1	14189	4393.899227178191	50.164872388589
1	14202	4398.481678343963	12.154391176884
1	14229	4410.540857982939	45.884926077095
1	14260	4420.223518902088	23.547504430055
1	14280	4425.681107253535	55.748011947842
1	14284	4427.351412643564	19.835660293117
1	14287	4427.677245364759	25.86373113934
1	14302	4431.652323378832	40.313676523393
1	14321	4438.43705125165	25.714816142923
1	14332	4440.667775311509	16.817321814364
1	14363	4450.072062364549	10.211978507694
1	14365	4450.479463538973	16.023028888624
1	14375	4453.697441976289	35.364049925239
1	14417	4465.674526888879	8.402111075818
1	14424	4468.214116321295	16.870434875249
1	14453	4478.557146917447	32.751655940314
1	14460	4480.153847124548	51.160304843101
1	14468	4483.265311463156	9.116637494066
1	14528	4505.271974152891	42.259337208936
1	14531	4506.056697383989	37.658983882282
1	14538	4508.103168173345	16.606286828522
1	14593	4522.604024940874	19.605143339609
1	14621	4530.003004675035	32.720589938807
1	14628	4531.227117552773	22.896905006258
1	14638	4533.364175702562	53.313894391873
1	14651	4536.450925752407	22.73882229731
1	14670	4541.738384653351	17.158768684603
1	14676	4545.375230651004	25.826782105376
1	14702	4554.10173485137	68.369546169296
1	14747	4570.04849035375	39.822028528088
1	14753	4571.510344532785	24.458304914179
1	14793	4581.766576871513	12.080336903689
1	14800	4584.008871492582	20.288352016242
1	14817	4587.683254814706	46.477147398281
1	14844	4595.240026812535	42.7936128329
1	14846	4595.565860061097	15.150817442572
1	14857	4597.540031883637	61.42776667583
1	14886	4607.304459206762	10.064559003571
1	14895	4610.405977586401	52.132196397868
1	14897	4610.855755644273	35.834560323625
1	14939	4627.167581122484	40.883774948419
1	14942	4628.274115748708	25.487448763803
1	14953	4632.701715659818	13.617233238183
1	14975	4643.193675289514	8.053741484298
1	14980	4645.556923958241	54.201146279693
1	14989	4648.462661725703	40.28899921663
1	14993	4649.410570619164	3.393696875777
1	15013	4657.13147386769	43.164063198957
1	15029	4663.229366325193	39.047239717212
1	15036	4666.159559609371	3.205555647845
1	15049	4671.245101929062	30.573153248406
1	15051	4672.297185374426	15.228171673138
1	15061	4676.880359960607	47.048412507285
1	15113	4695.749302952787	43.784672668671
1	15137	4704.110159771983	30.831318021751
1	15175	4715.084458662666	46.882836005652
1	15186	4716.779585296288	32.833528246729
1	15209	4723.099206204296	44.793566469337
1	15212	4723.420949633003	29.32893822482
1	15249	4733.95046332083	44.948049125263
1	15281	4742.462357082404	31.985327687346
1	15285	4744.192174119991	44.987456598434
1	15294	4745.620891005618	23.717623396895
1	15302	4747.753801391693	14.140724122757
1	15305	4749.008381835421	43.943828231424
1	15315	4751.507750740159	6.736537366291
1	15351	4766.852408599693	50.702266055976
1	15353	4767.301332843725	39.430886016462
1	15361	4771.444508258836	5.073365151067
1	15366	4772.774521445508	33.367263808266
1	15394	4782.851731892095	32.848334359589
1	15398	4783.84972264711	28.318979692414
1	15423	4792.052573512308	14.587575959274
1	15430	4793.495635486091	21.290649966452
1	15440	4798.433774246954	37.354827198552
1	15489	4820.746299593712	27.295305830894
1	15510	4826.787840686044	44.307811275128
1	15535	4832.381174700572	44.663191048432
1	15558	4837.72888903285	16.076620501583
1	15564	4839.227075504489	6.964805565658
1	15570	4840.767163581798	24.627664028318
1	15587	4845.659093539233	40.922871778022
1	15600	4850.50916933117	1.826813982916
1	15615	4856.096117654933	2.212722660392
1	15620	4857.737024593051	20.292361688218
1	15625	4859.178337454798	60.258342988092
1	15648	4869.092136776192	9.986860885401
1	15683	4884.246981236736	73.846584519954
1	15704	4891.79877104133	26.866371890413
1	15729	4898.034534195322	71.085506242816
1	15747	4902.964551957323	59.586288729681
1	15757	4904.423981537579	22.239236651688
1	15760	4905.333240134176	12.185382885392
1	15783	4912.100848470468	41.406400674606
1	15791	4913.689750362885	37.486192377049
1	15855	4931.107604130639	21.841099272251
1	15861	4931.542143753965	16.444149276942
1	15870	4935.279807427083	37.116808682563
1	15873	4936.029123182062	48.015138284887
1	15882	4938.256731647419	12.576568600608
1	15884	4938.458994629446	17.934225836654
1	15894	4941.918952389623	5.652872254608
1	15904	4945.970606552088	42.689217561274
1	15923	4953.033321197962	21.85886093334
1	15925	4953.168904520804	11.000592553987
1	15958	4965.557446817519	18.218553262413
1	15982	4973.012956821826	8.983590337448
1	15989	4975.273965078756	16.866994632059
1	16007	4982.074138456026	29.63847163017
1	16024	4990.872749858305	15.469941546677
1	16041	4996.501400411594	26.947068310342
1	16080	5010.78079359571	18.67693763075
1	16082	5010.998447586203	29.982706581595
1	16136	5029.236912804076	42.773233736519
1	16144	5030.908862727464	33.506551145579
1	16161	5036.738921733342	33.70355931693
1	16166	5038.162723358254	30.052883245051
1	16176	5039.91121744516	26.536433322474
1	16201	5048.37581711763	13.636813142454
1	16212	5051.382573846148	21.645304943089
1	16219	5054.202925551566	34.882983782911
1	16252	5069.412176488314	24.234922893228
1	16285	5080.563176918538	19.035161661215
1	16304	5086.985751805247	62.528319582695
1	16312	5088.875307123641	16.022040510784
1	16320	5090.047060471957	11.686511612963
1	16349	5102.23922414461	62.47915679927
1	16381	5113.946544367473	63.357597096711
1	16389	5116.886875141293	33.013831312884
1	16422	5127.278594704226	20.340104638716
1	16434	5131.952666478812	42.09192638367
1	16457	5142.147737637979	86.288641945114
1	16461	5144.088694719367	76.595724168005
1	16489	5156.107443107872	3.146217444097
1	16507	5162.546282820635	67.204393778696
1	16538	5171.798807922986	59.155815773882
1	16544	5174.399047432582	16.107896610746
1	16550	5175.314205799487	40.019467789918
1	16572	5182.997620194799	13.476600085269
1	16591	5188.059405873993	86.933058270021
1	16598	5189.881656730895	71.582034701599
1	16618	5195.297310095632	54.149889452272
1	16636	5199.177560556214	18.608412036674
1	16666	5209.908303501316	85.61178301857
1	16669	5210.886935537098	25.177397319699
1	16671	5211.820052853668	81.701923126939
1	16683	5215.306749086943	51.175205395675
1	16705	5221.217458210768	24.087729654393
1	16719	5224.706776150152	11.15523053927
1	16722	5225.408882179534	78.371696097317
1	16747	5234.266677485313	15.485367516989
1	16759	5237.449183059041	34.466082443835
1	16814	5253.352614579261	78.145439277875
1	16824	5255.93521377933	8.652908265126
1	16841	5261.781195907153	37.225102877012
1	16843	5261.803168075509	53.52422712406
1	16869	5270.159294440294	39.820508174251
1	16871	5270.255885670199	78.785070601625
1	16894	5279.11172239296	37.700823804365
1	16913	5285.835338079725	32.906514797019
1	16925	5288.606362429681	25.285678220451
1	16932	5290.061128044506	31.813012050706
1	16934	5290.324234373166	3.802922099596
1	16953	5296.333776496817	60.782928153876
1	16956	5297.098964812698	5.506754534786
1	16987	5308.130035091189	11.023918618216
1	17005	5312.82650128007	43.709237802545
1	17049	5326.648816091825	45.895562025607
1	17063	5331.785255309426	23.121706437089
1	17087	5339.502013259686	14.463911576784
1	17102	5343.265748012113	68.343219727515
1	17105	5343.604925334103	29.482458470973
1	17120	5348.510431198521	18.294285023706
1	17148	5357.143474795857	21.89362646244
1	17161	5359.612010657906	56.778253438073
1	17199	5369.805000343589	29.323000855743
1	17210	5373.354658629166	27.152735475573
1	17241	5384.389120433716	64.411904642365
1	17246	5384.71321100637	27.564546019891
1	17249	5385.477163903297	34.263690886205
1	17251	5385.712969625952	22.724270228184
1	17257	5388.961129001346	15.373982889352
1	17276	5395.157823577637	26.638031582465
1	17285	5397.711286052826	7.681439131731
1	17370	5422.887568587902	43.786687355025
1	17375	5424.251118856834	39.861428046488
1	17383	5425.85680458089	30.042739152907
1	17404	5432.191689194183	30.59738754109
1	17422	5437.214068653411	23.913560826682
1	17425	5438.943140012559	31.45885984844
1	17443	5443.140396705012	3.177123296657
1	17467	5449.984045994469	25.677127393664
1	17512	5465.164665969439	46.133855097348
1	17514	5465.568790890158	35.879165721475
1	17529	5469.95769239578	35.046591409368
1	17533	5470.854603007087	25.32670616091
1	17555	5478.287063225986	27.263357997756
1	17566	5480.957418510224	12.121027722723
1	17582	5486.036124686826	11.61619154492
1	17601	5493.590713497016	36.572332909563
1	17618	5499.626158400672	19.764926033562
1	17638	5507.585120245462	17.066972102154
1	17640	5507.983123717595	45.074883931549
1	17695	5529.371768531385	28.056284518677
1	17697	5529.852005220369	44.862546054766
1	17703	5533.738194031987	27.045996623695
1	17719	5543.987369688574	31.684132194262
1	17726	5551.540753205426	55.89688795561

