version 3
run General-14-20240428-16:41:48-11297
attr configname General
attr datetime 20240428-16:41:48
attr datetimef 20240428-164148
attr experiment General
attr inifile omnetpp.ini
attr iterationvars $0=false
attr iterationvarsd false
attr iterationvarsf false-
attr measurement $0=false
attr network Supermarket
attr processid 11297
attr repetition 4
attr replication #4
attr resultdir results
attr runnumber 14
attr seedset 4
config network Supermarket
config repeat 10
config seed-set 4
config num-rngs 10
config **.use_random_strategy false

vector 0 Supermarket queueSizeOverTime:vector ETV
attr recordingmode vector
attr source updateQueue
attr title queueSizeOverTime
vector 1 Supermarket customerWaitingTime:vector ETV
attr interpolationmode none
attr recordingmode vector
attr source customerFinished
attr title "cust waiting time"
0	7	5.407687024679	1
0	14	10.519857759355	1
0	25	15.823770067888	1
0	27	16.580236164504	0
0	35	20.904632583375	0
0	39	21.347740117927	1
0	50	26.749465095811	1
0	65	32.419259872521	1
0	68	32.766337205658	0
0	83	37.952759166016	1
0	91	40.145226015126	0
0	103	43.351740643616	1
0	109	45.503561281949	0
0	114	46.962501304806	0
0	120	48.934565946927	1
0	122	49.672936692136	0
0	133	54.099844758866	1
0	138	55.427466912779	0
0	150	59.232189903736	1
0	165	64.472863873934	1
0	169	66.294170584412	0
0	183	69.591065114133	1
0	205	75.457560089884	2
0	212	77.840764423951	0
0	223	80.483521931573	1
0	224	80.836513109273	1
0	231	82.416897070944	0
0	241	85.48774630041	1
0	252	89.00343345094	0
0	255	90.275195338299	0
0	260	90.786856648514	1
0	266	93.238303151218	0
0	275	96.121395220051	1
0	291	101.327003069923	1
0	308	106.574044628886	0
0	312	107.150295910428	1
0	324	111.084282354571	0
0	331	112.392055594598	1
0	339	114.689148984267	0
0	350	117.599459302847	1
0	368	122.672260640424	2
0	386	127.810259159307	0
0	392	128.123449125096	1
0	412	133.687822543552	2
0	415	135.242849148347	1
0	429	139.235666704834	1
0	434	139.444876383293	2
0	438	140.679686667983	0
0	440	140.998238159347	0
0	451	144.454517461361	1
0	464	149.193424738246	0
0	469	149.802696368426	1
0	485	155.368380185218	1
0	499	159.031681876748	0
0	507	160.591460233556	1
0	522	166.170537541971	0
0	526	166.564292845318	1
0	528	166.662561683688	1
0	548	171.94920046488	2
0	554	173.586188012502	0
0	562	176.501276483295	0
0	567	177.681758833352	1
0	572	179.523930281289	1
0	577	180.845350691937	0
0	585	183.379696553807	1
0	592	186.51626758196	0
0	596	187.584123574432	0
0	600	188.814856813756	1
0	606	192.302437859355	0
0	612	194.416320134188	1
0	625	199.818048109767	1
0	641	205.139535141179	0
0	645	205.44830014743	1
0	662	210.891122626374	1
0	664	211.745461832149	0
0	667	212.02805656055	0
0	669	212.380235540797	0
0	677	216.155249018921	1
0	688	221.562542922562	1
0	697	224.697440745193	0
0	700	225.751093697968	0
0	705	226.716371102957	1
0	708	228.436933754594	0
0	715	232.419101478299	1
0	720	234.599261876428	0
0	727	238.269304129295	1
0	735	243.28072980151	0
0	739	243.370088250842	1
0	751	248.988898425829	1
0	759	252.478791821632	0
0	765	254.279367313022	1
0	774	257.540465461788	0
0	782	260.079999092734	1
0	783	260.224575336905	0
0	792	264.694206977846	0
0	796	265.194293823559	1
0	801	268.766729784548	0
0	807	270.381610600278	1
0	817	275.474141781917	0
0	821	276.128405478783	1
0	832	282.0585764891	1
0	847	287.561686626868	1
0	858	290.281873396015	0
0	866	292.616748086875	1
0	881	297.189598934841	0
0	890	298.520962515846	1
0	897	300.654503519644	0
0	907	303.813549462822	0
0	911	304.203875690233	1
0	913	305.124426396448	0
0	923	309.840307741426	1
0	938	315.213705605595	1
0	951	319.254676465062	0
0	960	320.687322194921	1
0	968	323.58549686335	0
0	978	326.266832777299	1
0	999	332.180520009482	2
0	1018	337.42697215965	0
0	1022	337.454627069644	1
0	1033	341.177714860298	1
0	1042	342.919673326425	2
0	1054	345.681398086833	0
0	1062	348.230306240963	1
0	1069	350.452358939102	0
0	1076	353.585193707375	0
0	1080	353.6254917013	1
0	1097	359.337657956407	1
0	1099	360.423749218346	0
0	1113	365.262011333369	1
0	1119	367.329744774152	0
0	1122	367.738775500094	1
0	1133	370.68924082513	1
0	1152	376.134116884787	2
0	1174	382.010911769001	2
0	1192	387.1466407564	2
0	1198	388.424617341837	0
0	1205	391.534023180838	1
0	1213	392.981772676343	1
0	1227	397.279307480901	1
0	1235	398.622773931362	2
0	1237	399.242164902038	1
0	1245	401.325960972231	0
0	1255	403.93784583523	1
0	1269	408.119921337464	0
0	1271	408.467631006614	1
0	1279	409.877485093661	1
0	1293	414.811019473011	0
0	1300	415.688548188191	1
0	1308	418.123342850595	0
0	1318	420.81481316383	1
0	1341	426.690173588693	2
0	1345	427.781404559385	0
0	1347	427.843125691289	0
0	1349	428.128150241333	0
0	1356	432.016749547329	1
0	1367	437.243017799454	1
0	1375	441.103166566814	1
0	1381	442.32433404401	1
0	1400	447.419778799639	2
0	1403	448.213034786401	0
0	1418	453.355991092046	1
0	1429	457.443567450739	0
0	1437	458.960647022586	1
0	1442	460.561483144412	1
0	1447	461.597643594491	0
0	1453	463.595925530069	0
0	1458	464.779356265209	1
0	1473	470.208038793645	1
0	1475	470.720302591684	0
0	1479	471.996333023883	0
0	1488	475.801703561564	1
0	1492	478.015231839616	0
0	1495	478.833043318592	0
0	1502	481.678054810037	1
0	1512	486.885261680699	1
0	1519	489.931006086992	0
0	1526	491.985046202085	1
0	1537	496.662290175796	0
0	1543	497.452533840436	1
0	1553	501.627774231254	0
0	1559	502.956057932695	1
0	1564	505.309597378597	0
0	1572	508.19975515688	1
0	1583	512.534193582602	0
0	1589	513.750566357516	1
0	1592	514.979799135474	0
0	1603	519.001078673873	1
0	1619	524.600214861801	1
0	1639	529.797860167224	2
0	1653	533.122185085437	0
0	1655	533.896191357172	0
0	1660	535.095945018811	0
0	1664	535.462251368213	1
0	1665	535.706956866084	1
0	1677	540.953893089436	1
0	1690	546.708413108021	1
0	1710	552.209663591815	2
0	1728	557.308668612039	2
0	1730	557.544051036242	0
0	1734	558.393938820812	0
0	1736	558.430368652455	1
0	1743	561.55316264718	1
0	1749	563.239892358428	1
0	1764	568.296497006437	1
0	1768	569.919435568043	0
0	1782	573.499791725075	1
0	1797	578.291058925098	0
0	1803	579.222131957535	1
0	1804	579.852835968722	0
0	1820	584.413711729462	1
0	1832	587.805745007472	0
0	1840	590.124803943562	1
0	1853	594.117874103716	0
0	1861	595.679466058037	1
0	1867	597.077074199451	0
0	1881	601.669299988544	1
0	1898	606.622629912224	0
0	1902	606.847642261537	1
0	1910	609.519001932236	0
0	1914	609.959697267859	0
0	1923	612.595742071282	1
0	1937	618.33364129998	1
0	1943	620.226460305047	0
0	1945	620.72705379862	0
0	1954	624.12090888736	1
0	1970	629.721018934391	1
0	1989	635.061903601747	2
0	2000	638.290874528467	0
0	2002	639.263765523447	0
0	2009	640.440784419889	1
0	2010	640.781981240959	0
0	2021	645.779127474178	1
0	2034	651.206385425294	1
0	2047	655.698091544679	0
0	2051	656.354238097791	0
0	2055	656.512803877706	1
0	2062	659.399447673585	1
0	2071	661.607310900001	1
0	2076	663.11415533093	0
0	2081	664.218726645808	0
0	2089	667.114784919426	1
0	2098	670.453231204188	0
0	2104	672.951780499775	0
0	2108	673.089809007246	1
0	2120	679.061054621126	1
0	2122	679.460021479989	0
0	2124	680.525345096832	0
0	2131	684.30306238006	1
0	2141	690.21246655821	1
0	2146	691.651450043546	0
0	2157	695.45905849035	1
0	2171	700.665424495936	1
0	2178	702.501522877837	0
0	2195	706.382888201392	1
0	2201	707.805724643522	0
0	2216	711.388527870412	1
0	2221	713.232596255141	0
0	2234	717.073236579775	1
0	2251	722.123910224998	2
0	2266	727.378979636706	1
0	2270	727.519745566884	2
0	2292	733.181912563743	2
0	2294	733.506495573327	0
0	2305	737.426583435271	1
0	2311	738.269299350215	1
0	2313	738.694651674247	0
0	2318	740.423181192136	0
0	2321	741.187985763304	1
0	2323	741.633435274711	0
0	2328	743.994341605112	1
0	2335	748.467037502213	0
0	2340	749.03374330234	1
0	2347	753.592807777459	0
0	2352	754.536436449273	1
0	2365	760.170068662616	1
0	2371	762.75709266437	0
0	2379	766.162262018772	1
0	2394	771.548016082265	1
0	2413	777.244971601761	2
0	2414	777.459210904201	1
0	2432	782.700817648091	2
0	2450	787.856642908885	2
0	2453	788.412902226557	1
0	2469	792.916756313297	2
0	2471	793.423940064968	0
0	2477	795.37739081774	1
0	2485	798.340805761051	0
0	2489	798.670873939761	1
0	2496	801.534545336037	1
0	2508	803.982620237398	1
0	2513	805.209959829695	0
0	2524	809.222618052506	1
0	2541	814.929046500011	0
0	2545	815.05911021191	1
0	2547	815.96136655356	0
0	2562	820.568307042125	1
0	2580	825.963780795926	2
0	2584	826.967035025594	0
0	2599	831.545290251732	1
0	2607	833.850309625969	0
0	2618	836.941000341209	1
0	2629	839.578878820528	1
0	2631	839.975632869991	0
0	2641	842.908857385865	1
0	2650	845.660637290919	0
0	2660	848.32078921935	1
0	2661	848.485042025572	0
0	2669	850.666057307626	0
0	2674	853.545067411968	0
0	2678	853.561502682282	1
0	2684	857.60994437803	0
0	2688	858.697940862509	1
0	2701	864.261695782658	1
0	2715	869.66826327681	1
0	2716	869.992137249215	0
0	2731	874.889638497032	1
0	2739	877.266767910801	0
0	2749	880.51442481764	1
0	2771	886.354222316997	2
0	2774	886.898375240275	0
0	2789	891.926327981291	1
0	2793	893.434768561628	0
0	2802	895.794188574074	1
0	2808	897.032864988785	1
0	2810	897.602701404252	0
0	2824	902.115819876551	1
0	2843	907.271490570627	2
0	2847	908.543010150667	0
0	2850	909.430483339588	1
0	2861	912.737859553428	1
0	2877	917.906911769651	0
0	2884	918.672390661671	1
0	2886	919.980556966974	0
0	2901	923.943409936506	1
0	2912	928.45412199665	0
0	2918	929.185552306477	1
0	2925	930.777259979749	0
0	2931	933.102821214594	0
0	2938	934.65643351735	1
0	2943	936.987495010723	0
0	2946	937.933727926346	0
0	2952	940.500100888316	1
0	2961	945.116914490476	0
0	2965	945.887930314526	1
0	2976	951.084449890539	1
0	2991	956.770418674922	1
0	3010	961.901775920768	2
0	3019	964.741640071737	0
0	3028	967.325891286838	1
0	3036	969.947617666683	1
0	3048	972.786599808145	2
0	3067	978.07935597329	2
0	3087	983.329563366953	2
0	3090	984.194614565934	0
0	3097	986.285950821592	1
0	3103	988.46740933904	1
0	3107	989.309042640967	1
0	3115	992.069757048739	0
0	3120	993.128436953766	0
0	3126	995.230284555588	1
0	3142	1001.218164958298	1
0	3146	1002.578484515548	0
0	3156	1006.117006234015	0
0	3160	1006.331975413259	1
0	3161	1006.433027278404	1
0	3174	1011.224198884919	0
0	3179	1012.150606362853	1
0	3196	1018.127871152717	1
0	3210	1022.559290349488	0
0	3217	1023.925247203796	1
0	3237	1029.534622377022	2
0	3250	1033.590883853847	1
0	3257	1035.356998400187	0
0	3261	1035.399655756312	1
0	3269	1037.706693019605	0
0	3271	1037.987200939917	0
0	3280	1040.766471779444	1
0	3296	1046.185439344966	1
0	3300	1047.192582808555	0
0	3314	1052.003424149477	1
0	3321	1054.109197000396	0
0	3333	1057.828251359756	1
0	3334	1058.901956779306	0
0	3343	1061.937045039492	0
0	3350	1063.460156997205	1
0	3362	1068.947075229143	0
0	3367	1069.305587004875	1
0	3368	1069.418663343886	0
0	3373	1071.122671314054	0
0	3380	1074.365044515585	1
0	3386	1078.014174146118	0
0	3391	1079.87095207931	1
0	3396	1082.864013405523	0
0	3402	1085.419594943528	1
0	3407	1088.520955180985	0
0	3413	1091.121718604821	1
0	3424	1097.064745526999	1
0	3437	1102.524745425448	1
0	3451	1106.553588847868	0
0	3459	1107.927996834047	1
0	3482	1113.754477384971	2
0	3483	1114.549228171942	1
0	3493	1116.863415919133	0
0	3497	1117.591470862629	0
0	3502	1118.803335301583	1
0	3517	1124.238721953244	1
0	3523	1125.812711456679	0
0	3533	1129.474239955195	1
0	3541	1131.655858866409	0
0	3552	1134.897082838234	1
0	3566	1138.899120526509	0
0	3572	1140.492318488429	1
0	3578	1142.460820814255	0
0	3592	1146.25508046919	1
0	3597	1148.00206609711	0
0	3609	1151.313226434872	1
0	3632	1157.310267663332	2
0	3641	1160.272147213927	0
0	3651	1163.232946993787	1
0	3657	1165.037164221288	0
0	3660	1165.287569977929	0
0	3663	1166.439124525761	0
0	3668	1168.600987412039	1
0	3678	1173.979379108179	1
0	3688	1177.387776945838	0
0	3694	1179.124293962963	1
0	3695	1179.425783072254	1
0	3710	1184.441454263873	1
0	3724	1188.717093833607	0
0	3726	1189.036259043384	0
0	3732	1190.070358024681	1
0	3746	1195.221300813373	1
0	3754	1197.754469834156	0
0	3759	1200.123734808182	0
0	3764	1200.69201703044	1
0	3781	1206.674937370935	1
0	3784	1207.592637282336	0
0	3799	1211.847767590781	1
0	3810	1215.711871478826	0
0	3819	1217.633281821854	1
0	3838	1222.865119679136	2
0	3861	1228.719722826736	2
0	3863	1229.434794772884	1
0	3880	1233.85373655707	2
0	3886	1236.037834626508	0
0	3898	1239.399317950014	1
0	3906	1241.899261719782	1
0	3916	1244.052613059179	0
0	3921	1244.810690975985	1
0	3924	1245.744332502483	1
0	3936	1249.09916250373	0
0	3943	1250.343858294426	1
0	3959	1254.860743073282	0
0	3965	1256.11552127032	1
0	3985	1261.806242109047	2
0	3990	1263.897897936291	0
0	4004	1267.06411808683	1
0	4011	1269.078954536587	0
0	4014	1269.435641277004	0
0	4024	1272.904819964901	1
0	4039	1278.540600260025	1
0	4040	1278.69785099931	0
0	4042	1279.120102738499	1
0	4059	1284.321028275652	1
0	4080	1290.144332003318	2
0	4089	1292.987266190818	0
0	4099	1295.287467771912	1
0	4122	1301.171709204329	2
0	4143	1306.386023019444	2
0	4151	1308.84757976292	1
0	4163	1311.520541343842	2
0	4164	1311.558908616314	1
0	4174	1314.210107614641	1
0	4185	1316.709746756828	2
0	4191	1318.524764801846	0
0	4203	1322.190099515956	1
0	4205	1322.770408666463	0
0	4218	1327.334738150941	1
0	4240	1332.877540810037	2
0	4250	1336.226497403348	1
0	4252	1336.436362222533	1
0	4261	1337.903067819312	2
0	4269	1339.958664105038	1
0	4282	1343.384971677331	1
0	4286	1343.790762832159	2
0	4289	1344.941566331193	1
0	4297	1347.137594460396	0
0	4304	1348.830474908933	1
0	4319	1352.526617160302	0
0	4326	1353.895684148189	1
0	4333	1355.613020094115	0
0	4342	1358.43214194477	0
0	4347	1359.277912649097	1
0	4349	1360.123432374672	0
0	4361	1364.799413891047	1
0	4364	1366.192911470429	0
0	4367	1367.336710250944	0
0	4373	1370.764483677925	1
0	4380	1375.356936259084	0
0	4385	1376.443921088244	1
0	4397	1381.748130384836	1
0	4411	1387.114431208933	0
0	4415	1387.458537695933	1
0	4432	1393.377088848738	1
0	4444	1396.758290677449	0
0	4453	1399.143910469025	1
0	4465	1403.294818739644	0
0	4474	1405.11822138727	1
0	4478	1406.651431060399	0
0	4484	1408.327150933215	0
0	4493	1411.043655983175	1
0	4507	1416.061201427833	1
0	4511	1416.788085422832	0
0	4521	1420.489678205227	0
0	4525	1421.115886809773	1
0	4543	1427.02687043534	1
0	4552	1429.966388907868	0
0	4562	1432.325662377992	1
0	4563	1432.621309150363	0
0	4580	1437.855434259869	1
0	4598	1443.098705125045	2
0	4611	1447.047258249022	0
0	4617	1448.383023299048	1
0	4631	1452.564143870496	0
0	4635	1453.241840316335	0
0	4639	1453.571834394479	1
0	4649	1457.799298945236	0
0	4655	1459.26324967272	1
0	4662	1462.336013568335	0
0	4669	1465.236361232124	1
0	4670	1465.315195026924	1
0	4685	1471.075810745129	1
0	4708	1477.052559979496	2
0	4732	1482.506159424552	2
0	4750	1487.583653697049	0
0	4756	1488.432396484076	1
0	4757	1488.971329513125	1
0	4774	1493.271190284288	1
0	4779	1494.000664909373	2
0	4799	1499.653279465393	2
0	4803	1500.515167631096	0
0	4813	1504.651118284326	0
0	4817	1505.490164319522	1
0	4829	1509.658059410637	1
0	4831	1510.155017417161	1
0	4837	1511.368372687374	1
0	4854	1516.690741278234	2
0	4860	1518.004105415664	0
0	4875	1522.447290186075	1
0	4895	1528.352578571069	2
0	4900	1529.192737680165	1
0	4917	1534.075551834891	2
0	4928	1538.038651159502	1
0	4932	1539.207035968083	0
0	4936	1539.610307475089	1
0	4957	1545.311797120145	2
0	4973	1550.425805011535	0
0	4975	1550.519118772472	0
0	4979	1551.05464704917	1
0	4986	1554.185214768284	1
0	4997	1556.847722633977	1
0	4999	1557.502383924906	1
0	5012	1561.313138884263	0
0	5019	1562.521915535212	1
0	5039	1568.200409050568	2
0	5041	1568.551321730252	0
0	5048	1570.619251495112	1
0	5052	1571.935932344059	0
0	5054	1571.945089952906	0
0	5059	1573.5171126253	1
0	5069	1578.879304843492	1
0	5070	1579.261324891822	0
0	5081	1583.999051274968	1
0	5098	1589.920169387947	1
0	5099	1590.188815225501	0
0	5104	1590.867764847119	0
0	5115	1595.431749726183	1
0	5121	1597.732450619576	0
0	5123	1598.308830508615	0
0	5126	1599.858869222929	0
0	5130	1600.558701539182	1
0	5137	1605.847209229835	1
0	5147	1611.754599556562	1
0	5155	1613.851187718452	0
0	5165	1617.145267753631	1
0	5181	1622.832244473977	1
0	5197	1627.940669514474	0
0	5201	1628.557859352329	0
0	5205	1628.823672631292	1
0	5212	1631.900634490887	0
0	5220	1634.196138053669	1
0	5238	1639.663843581222	1
0	5254	1644.429676868372	0
0	5260	1644.859905440129	1
0	5279	1650.856047280134	2
0	5281	1650.892327850803	0
0	5299	1656.543382478413	1
0	5302	1657.452464717558	0
0	5307	1659.266415467256	1
0	5316	1661.598352426664	1
0	5322	1663.352779484471	0
0	5333	1667.446964459495	0
0	5337	1667.510529535591	1
0	5355	1673.23908732785	1
0	5373	1679.104498296977	2
0	5382	1681.533160654714	0
0	5393	1684.950767256786	1
0	5397	1685.718721592567	0
0	5399	1685.736292230899	1
0	5403	1687.280627598406	0
0	5413	1690.439850938507	1
0	5426	1695.866737860954	1
0	5443	1700.6465706639	0
0	5450	1701.801230895799	1
0	5472	1707.707618823042	2
0	5491	1712.770719750319	2
0	5497	1714.26978388464	1
0	5501	1715.433537117208	0
0	5507	1717.857037640412	1
0	5512	1718.546235874761	1
0	5530	1723.649212984601	2
0	5538	1725.916843615941	1
0	5551	1728.786957859527	2
0	5555	1729.507539037269	1
0	5560	1731.494962289467	0
0	5569	1734.374863566132	1
0	5571	1734.941855788346	0
0	5573	1735.589709603929	0
0	5580	1739.2968497572	0
0	5585	1740.122145060682	1
0	5597	1745.551870536524	1
0	5604	1749.062154937651	0
0	5612	1750.995890788035	1
0	5617	1753.190404842723	0
0	5620	1754.33393716882	0
0	5626	1756.317754366202	1
0	5631	1759.991337408428	0
0	5637	1761.730000041425	1
0	5641	1764.153054406749	0
0	5647	1766.935426517389	1
0	5655	1772.485789620548	0
0	5659	1772.511993540683	1
0	5672	1778.339401684002	1
0	5676	1779.494551881565	0
0	5683	1782.472854378751	0
0	5688	1783.635165784274	1
0	5700	1789.225953576852	1
0	5710	1793.067197752766	0
0	5717	1794.589433417654	1
0	5730	1800.161401047137	1
0	5749	1804.868824589181	0
0	5755	1805.259298237039	1
0	5763	1807.701374595753	0
0	5767	1808.680373909067	0
0	5770	1809.970005706184	0
0	5775	1810.435497581491	1
0	5784	1815.44749641395	1
0	5799	1820.67083366541	1
0	5809	1824.382699256062	0
0	5811	1824.693973777466	0
0	5817	1826.162990477866	1
0	5831	1831.473868645261	1
0	5853	1837.295103720156	2
0	5857	1838.563909970341	0
0	5862	1840.59592847689	0
0	5871	1842.60791822616	1
0	5887	1848.210649721324	1
0	5892	1850.029621695513	0
0	5895	1850.470010601913	1
0	5905	1853.713388226693	1
0	5908	1854.864497395117	0
0	5923	1859.378462298773	1
0	5931	1861.374999564605	0
0	5946	1865.171955773839	1
0	5959	1870.358384613877	0
0	5965	1870.470067496876	1
0	5967	1871.398795181186	0
0	5982	1876.052695179357	1
0	5984	1876.483345450134	0
0	5989	1879.209774109767	0
0	5998	1881.283954180543	1
0	6001	1883.003614920543	0
0	6013	1887.1994052059	1
0	6019	1890.064388060824	0
0	6028	1892.847052262629	1
0	6039	1897.958300239639	0
0	6045	1898.534443796844	1
0	6062	1904.41514298017	1
0	6063	1904.90611710341	0
0	6079	1910.40136116417	1
0	6096	1915.946926073985	0
0	6100	1916.370894532882	1
0	6120	1921.721785713917	2
0	6136	1926.405723474106	0
0	6141	1926.732922030844	1
0	6149	1929.636620397329	0
0	6151	1929.87953089387	0
0	6159	1932.348778478567	1
0	6169	1937.079393533872	1
0	6175	1937.794177245347	1
0	6181	1940.512772669084	0
0	6190	1943.708232464267	1
0	6195	1944.815266240039	0
0	6208	1949.126244156852	1
0	6214	1951.154490997547	0
0	6226	1954.986525923011	1
0	6238	1959.198153776347	0
0	6246	1960.945863482074	1
0	6248	1961.052285000682	0
0	6265	1966.213716353287	1
0	6283	1972.015629836588	2
0	6295	1974.47192765877	0
0	6305	1977.61618867912	1
0	6309	1978.788878672289	0
0	6318	1982.121398921353	0
0	6324	1983.560243307144	1
0	6329	1986.465730491673	0
0	6334	1988.462115479512	0
0	6338	1989.001883971967	1
0	6345	1993.060337607048	1
0	6351	1994.330991671417	1
0	6367	1999.95596512104	1
0	6381	2004.313155901149	0
0	6388	2005.331964222245	1
0	6402	2009.964418225919	0
0	6409	2010.882683568863	1
0	6415	2012.775671724227	0
0	6427	2016.710378008658	1
0	6429	2017.130595466813	0
0	6446	2022.298962311117	1
0	6447	2022.825161986981	0
0	6463	2027.683994337214	1
0	6479	2032.492148518326	0
0	6485	2033.365205707025	1
0	6490	2034.416217859947	0
0	6505	2038.58304812037	1
0	6524	2043.69147815229	2
0	6529	2044.886579009584	0
0	6540	2049.038900266746	1
0	6545	2049.30494303838	1
0	6550	2051.083648112017	0
0	6556	2052.245404578277	0
0	6563	2054.655066534873	1
0	6571	2057.623511164678	0
0	6580	2060.495811361583	1
0	6593	2065.690183515424	1
0	6601	2067.964532972193	0
0	6613	2071.544216955077	1
0	6625	2075.14700664335	0
0	6627	2075.636673117519	0
0	6634	2077.19612403982	1
0	6635	2077.570658688661	0
0	6640	2080.482132681991	0
0	6645	2082.320905686353	1
0	6656	2088.007850467923	1
0	6660	2089.904481724134	0
0	6671	2093.778914814346	1
0	6686	2098.936662764285	1
0	6700	2103.239600298225	0
0	6702	2103.904666048938	0
0	6708	2104.936010684116	1
0	6722	2110.026579008667	1
0	6724	2110.671096203497	0
0	6737	2115.205237612125	1
0	6739	2115.517452906931	0
0	6748	2118.768232302273	0
0	6754	2120.400400675364	1
0	6768	2125.454490370812	1
0	6773	2126.628928686605	0
0	6789	2131.37173263705	1
0	6790	2131.816232215492	0
0	6797	2133.315567452573	0
0	6807	2136.63563619251	1
0	6816	2140.726749491407	0
0	6822	2142.245134320572	1
0	6823	2143.014809151758	0
0	6828	2145.057189401235	0
0	6835	2147.684785870366	1
0	6844	2152.914118958634	1
0	6862	2158.306520084847	1
0	6868	2160.317242215851	0
0	6880	2163.773007621287	1
0	6881	2164.355885500667	0
0	6895	2169.176024903076	0
0	6899	2169.311185870316	1
0	6914	2174.927245938216	1
0	6934	2179.95620199246	2
0	6935	2180.194718627489	1
0	6956	2185.407590182728	2
0	6959	2186.543620862529	0
0	6968	2189.035300943067	0
0	6976	2190.921082983722	1
0	6990	2196.118531750047	1
0	6999	2198.808403837259	0
0	7002	2199.671839869928	1
0	7011	2202.048107509266	1
0	7031	2207.41339743789	2
0	7035	2208.144090702406	0
0	7051	2212.780020407398	1
0	7071	2218.562637156572	0
0	7075	2218.568682026581	1
0	7085	2222.265384045077	1
0	7096	2224.35345215257	2
0	7104	2226.91418580862	0
0	7107	2227.653490110647	0
0	7113	2229.435416073769	1
0	7130	2235.319562118265	1
0	7131	2235.559530116381	1
0	7136	2236.876392289179	0
0	7147	2240.377814374163	1
0	7149	2241.056619681182	0
0	7153	2241.52270239533	0
0	7159	2244.513298636765	0
0	7164	2245.82256291527	1
0	7175	2251.033692280526	1
0	7191	2256.478453351414	1
0	7192	2257.006623803986	0
0	7195	2257.524534196823	0
0	7206	2262.33349806815	1
0	7223	2268.063870914044	1
0	7230	2270.556191068138	0
0	7243	2273.909306457728	1
0	7245	2274.533341725353	0
0	7251	2276.580049517792	0
0	7260	2279.497721189862	1
0	7265	2281.539772334622	0
0	7275	2285.343109443547	1
0	7284	2288.759396080389	0
0	7291	2290.624737685542	1
0	7307	2296.226218738123	1
0	7308	2296.335727405029	0
0	7324	2302.082267531655	1
0	7342	2307.10674719512	2
0	7349	2309.182694264567	0
0	7362	2312.937245042292	1
0	7363	2313.307158764332	0
0	7377	2318.079789712789	0
0	7382	2318.758449284589	1
0	7392	2322.400017421803	1
0	7401	2324.235640500901	1
0	7403	2325.254317891664	0
0	7422	2330.204874855462	1
0	7423	2330.461647336368	0
0	7426	2331.377263629457	0
0	7438	2335.699944901276	1
0	7456	2341.657359874338	1
0	7469	2345.678979069454	0
0	7477	2346.972116131565	1
0	7487	2349.904354545751	0
0	7495	2352.31329912203	1
0	7513	2357.436804352557	2
0	7521	2359.207644503907	0
0	7524	2360.274125797087	1
0	7535	2362.451151973331	1
0	7544	2365.248149441085	0
0	7552	2367.781614679839	1
0	7556	2368.52591376565	0
0	7570	2373.339491683986	1
0	7579	2375.692573762262	0
0	7589	2378.534572830653	1
0	7609	2383.809456376588	2
0	7615	2385.359420092539	0
0	7618	2386.053707540729	1
0	7630	2389.253376105331	1
0	7641	2392.791545057666	0
0	7651	2395.120597762983	1
0	7654	2396.101680467715	0
0	7668	2400.198451850559	1
0	7690	2405.631124629868	2
0	7695	2407.248531577872	0
0	7708	2411.340249433411	1
0	7721	2415.757579561315	1
0	7730	2417.295386863868	2
0	7732	2417.655856864987	0
0	7740	2420.512791758283	0
0	7747	2422.624753646548	1
0	7753	2424.550015136247	0
0	7763	2428.378659877456	1
0	7774	2431.713784252638	0
0	7776	2432.208074740711	0
0	7782	2434.111412414578	1
0	7789	2438.87243823206	1
0	7794	2439.115825299169	1
0	7810	2444.960885742675	1
0	7830	2450.238997984673	2
0	7853	2455.919469020791	2
0	7854	2455.97588606411	1
0	7860	2457.272475230153	0
0	7871	2461.559867627448	1
0	7875	2461.88331793807	1
0	7892	2466.260374374799	0
0	7898	2467.062101854473	1
0	7902	2469.036670894824	0
0	7914	2472.46528252563	1
0	7928	2477.124818049018	0
0	7930	2477.372273504381	0
0	7934	2477.746628087242	1
0	7940	2480.848902643654	0
0	7949	2483.382281920868	1
0	7953	2485.038886106918	0
0	7965	2489.185480199051	1
0	7974	2493.097358194989	0
0	7982	2494.860035648798	1
0	7995	2500.07459761295	0
0	7998	2500.675199410289	0
0	8002	2500.829592375779	1
0	8004	2502.42239466053	0
0	8011	2506.408775815037	1
0	8023	2511.928580073868	1
0	8040	2517.57485516299	1
0	8057	2522.691995202559	2
0	8059	2523.491480652586	1
0	8061	2523.515582635297	0
0	8075	2528.194443013282	1
0	8082	2530.502743171291	0
0	8085	2531.297132511616	0
0	8089	2532.973113948823	0
0	8094	2533.3703273721	1
0	8103	2538.485258775759	1
0	8106	2539.941283248474	0
0	8119	2544.429467312056	1
0	8135	2549.574330846309	1
0	8155	2554.728341398989	2
0	8177	2560.456788430452	2
0	8178	2560.594546809088	1
0	8181	2561.089021399378	0
0	8187	2563.746081178075	1
0	8195	2565.573457888556	1
0	8213	2571.049893158484	2
0	8216	2571.742394461875	0
0	8223	2573.998685782192	0
0	8232	2576.874290509378	1
0	8237	2579.249556473917	1
0	8239	2579.30550248641	0
0	8245	2581.521082727466	0
0	8250	2582.267861567666	1
0	8262	2588.179118614174	1
0	8276	2593.460262493692	1
0	8283	2596.293859376103	0
0	8287	2597.279136599737	0
0	8290	2598.051418262645	0
0	8295	2599.42625646968	1
0	8301	2603.480610695312	0
0	8306	2605.040656093504	1
0	8315	2610.238296948136	1
0	8331	2615.96616292302	1
0	8347	2620.939798068136	0
0	8352	2621.182491524839	1
0	8353	2621.696928289017	0
0	8367	2626.875199564495	1
0	8388	2632.332843689709	2
0	8408	2637.42026737425	2
0	8411	2638.547312707984	0
0	8426	2642.464818896023	1
0	8433	2644.732198380394	1
0	8442	2646.66736393317	0
0	8448	2647.833177897609	1
0	8449	2648.547888412134	1
0	8456	2649.7176670134	0
0	8471	2653.809542478523	1
0	8488	2659.034113476514	2
0	8512	2664.834747415963	2
0	8515	2665.384039500489	0
0	8518	2665.869653290831	1
0	8525	2668.819087925247	0
0	8527	2669.259435724112	1
0	8533	2670.40604247944	1
0	8545	2675.323212004378	0
0	8551	2676.281168884128	1
0	8566	2681.50540542672	1
0	8571	2683.066728406931	0
0	8579	2686.121079984583	0
0	8585	2687.166886579474	1
0	8588	2688.44063587917	0
0	8590	2688.524434429939	0
0	8592	2689.572547926447	0
0	8596	2692.705671453844	1
0	8603	2698.323356454955	1
0	8613	2703.827030549055	1
0	8627	2709.584156765366	1
0	8647	2714.824779750543	2
0	8655	2717.23118009697	1
0	8666	2719.966336072186	2
0	8682	2724.867958003999	0
0	8688	2725.766123000063	1
0	8693	2727.471304055301	0
0	8701	2730.185602652603	0
0	8707	2731.548830456562	1
0	8724	2736.734546885356	1
0	8729	2738.755583105253	1
0	8743	2742.157951681172	2
0	8764	2748.076013920472	1
0	8768	2748.086013743417	2
0	8770	2749.413563522156	0
0	8774	2749.913708624311	0
0	8783	2753.150112510888	1
0	8791	2756.298219066692	0
0	8798	2758.435133292103	1
0	8812	2763.542022660836	1
0	8831	2768.958827124671	2
0	8844	2772.480383208832	0
0	8847	2773.086444030858	1
0	8853	2774.441386975809	1
0	8865	2778.034211575049	0
0	8873	2780.360918859714	1
0	8879	2781.413467296159	0
0	8882	2782.39535747701	1
0	8893	2785.821349009634	1
0	8902	2789.004771230271	0
0	8910	2791.260821604631	1
0	8928	2796.748196939002	2
0	8946	2801.964304258113	0
0	8950	2802.343039583876	1
0	8967	2806.956262881165	0
0	8973	2807.801596973785	1
0	8974	2807.828261154235	0
0	8983	2811.750571399342	1
0	8990	2813.249873986929	1
0	9000	2816.872931315792	0
0	9003	2817.747509059259	0
0	9009	2818.41803412302	1
0	9017	2821.969187465959	0
0	9024	2823.743403129043	1
0	9040	2829.242931328012	1
0	9058	2834.477510989873	2
0	9059	2834.548170979014	0
0	9061	2834.605258474589	1
0	9077	2839.715549742334	1
0	9094	2844.760916422118	2
0	9095	2844.836537776857	0
0	9110	2850.123935030072	1
0	9114	2850.987392713078	0
0	9131	2855.721381606764	1
0	9136	2857.187469439577	0
0	9149	2861.245560656532	1
0	9159	2863.761694237006	0
0	9169	2866.627366394966	1
0	9175	2868.083279480223	1
0	9181	2869.743427905716	0
0	9187	2871.972667920516	0
0	9191	2872.211730558655	1
0	9196	2874.168925581148	0
0	9206	2877.765789908354	1
0	9220	2883.468940641495	1
0	9226	2885.456363791247	0
0	9239	2888.759295572058	1
0	9255	2893.644147830895	0
0	9257	2893.700883471751	0
0	9261	2893.863622258647	1
0	9278	2899.499826951182	1
0	9294	2904.203918812909	0
0	9300	2904.524819624374	1
0	9321	2910.414683768522	2
0	9333	2913.070644043848	1
0	9336	2914.428561532983	0
0	9339	2914.873055396831	0
0	9345	2916.162612057986	1
0	9352	2918.380321386383	0
0	9355	2919.195230863519	0
0	9361	2922.123832826033	1
0	9368	2926.035204141513	0
0	9373	2927.497903512787	1
0	9376	2930.054843966031	0
0	9383	2933.186614514558	1
0	9396	2938.939719104903	1
0	9413	2944.352059666064	1
0	9423	2947.633920086894	0
0	9432	2949.70395394391	1
0	9440	2951.798618543772	0
0	9443	2952.558966161445	0
0	9452	2955.028205812905	1
0	9453	2955.103587569199	0
0	9457	2957.135122830045	0
0	9463	2960.106974245278	1
0	9474	2965.194149733284	1
0	9491	2970.57411606167	1
0	9509	2975.716009826162	2
0	9528	2980.897263630289	2
0	9541	2984.912069121139	1
0	9543	2985.249068125495	1
0	9552	2986.62499201763	2
0	9571	2991.732990830434	2
0	9575	2992.750287461207	0
0	9578	2993.939658327024	1
0	9581	2994.793576328546	0
0	9590	2997.034456003453	1
0	9606	3002.2064629849	1
0	9620	3006.086000393026	1
0	9628	3007.579418494827	0
0	9633	3008.155066746981	1
0	9643	3011.052188220082	0
0	9654	3013.63413908565	1
0	9677	3019.474418146764	2
0	9683	3020.996567864548	0
0	9686	3021.780941950967	0
0	9691	3024.431214360748	1
0	9698	3025.426233818983	1
0	9701	3026.919088360266	0
0	9708	3030.11104810575	0
0	9713	3031.038837533207	1
0	9723	3036.640598016321	1
0	9726	3037.813929606808	0
0	9737	3042.425224089991	1
0	9745	3045.80753324483	0
0	9752	3047.57278026477	1
0	9770	3053.219514201158	1
0	9780	3056.750595779036	0
0	9789	3058.280747561944	1
0	9808	3064.079446734856	2
0	9831	3069.398322043936	2
0	9834	3070.205372469726	0
0	9837	3070.894016171333	0
0	9844	3074.085491157484	1
0	9848	3074.906216768543	1
0	9853	3077.350211084586	0
0	9861	3080.227475587739	1
0	9870	3084.512094023517	1
0	9872	3084.887260421407	0
0	9879	3086.145581407933	1
0	9894	3091.84813253418	1
0	9908	3096.670702189085	0
0	9915	3097.285488589661	1
0	9917	3097.79128708911	0
0	9924	3100.259440888296	0
0	9931	3102.606797381997	1
0	9948	3108.596394366812	1
0	9950	3108.710645291249	0
0	9965	3114.221436486341	1
0	9967	3114.819518201863	0
0	9981	3119.676574431587	1
0	10003	3125.63392488914	2
0	10008	3126.577362844947	1
0	10010	3126.967522214045	0
0	10019	3129.989085753091	0
0	10026	3131.489951102989	1
0	10041	3136.840143271251	1
0	10056	3141.26486156054	0
0	10063	3142.5965978119	1
0	10083	3147.786859224312	2
0	10087	3149.088841979154	0
0	10096	3152.984263988324	1
0	10100	3153.206006797956	1
0	10115	3157.519571099077	0
0	10122	3158.304369908519	1
0	10123	3158.377814128175	0
0	10125	3158.992176739725	0
0	10130	3160.869341453182	0
0	10136	3163.609502454981	1
0	10142	3167.794480485022	0
0	10147	3169.481723633589	1
0	10158	3175.213250173483	1
0	10160	3175.46220263163	0
0	10172	3181.068850292586	1
0	10182	3184.780725423125	0
0	10188	3186.45238047209	1
0	10204	3191.768043744838	1
0	10219	3195.164459551795	0
0	10228	3197.750834020548	1
0	10242	3201.297707341024	0
0	10249	3203.091653590784	1
0	10267	3208.008404174116	0
0	10272	3208.825907146553	1
0	10274	3208.882243772148	0
0	10281	3212.152691382094	0
0	10288	3213.911043075141	1
0	10289	3214.323001316277	0
0	10301	3219.11933312681	1
0	10318	3224.945166399697	1
0	10324	3226.92458691331	0
0	10338	3230.803595827189	1
0	10341	3231.787152397325	0
0	10357	3236.79205830418	1
0	10358	3237.055291693536	0
0	10376	3242.428378647654	1
0	10377	3242.482490516262	0
0	10393	3247.733795145056	1
0	10406	3252.10859284817	0
0	10412	3253.524115368719	1
0	10416	3254.882268446027	0
0	10424	3257.054597782548	0
0	10431	3258.877404954745	1
0	10446	3264.415418106823	0
0	10451	3264.521654700622	1
0	10461	3269.073377480143	0
0	10465	3269.790957958898	1
0	10476	3273.661053727493	0
0	10481	3275.042773566436	1
0	10498	3281.040998688893	1
0	10508	3283.823556084995	0
0	10518	3286.844241652632	1
0	10529	3290.022491667881	0
0	10540	3292.504947019968	1
0	10559	3298.354491424275	2
0	10565	3300.340817906655	1
0	10567	3300.811517792282	0
0	10574	3303.468577761779	0
0	10580	3304.037830444512	1
0	10598	3309.36687776143	1
0	10619	3315.178658684243	2
0	10627	3318.067090815275	0
0	10637	3321.114782615092	1
0	10647	3323.861840251477	1
0	10649	3324.080658246639	0
0	10656	3326.839049982831	0
0	10661	3326.967928376042	1
0	10662	3327.66950608801	0
0	10674	3332.849143770284	1
0	10690	3338.478303342585	1
0	10710	3343.735309192324	0
0	10714	3344.108432007481	1
0	10733	3349.186261526069	2
0	10744	3352.426038419005	1
0	10746	3352.510925076897	0
0	10752	3354.586342774325	0
0	10757	3354.6363248981	1
0	10763	3356.679835072595	0
0	10773	3360.029402502573	1
0	10778	3362.059803256176	0
0	10786	3365.807973362151	0
0	10790	3365.980294143774	1
0	10801	3371.468477796523	1
0	10814	3376.561544268385	1
0	10822	3379.476488939014	0
0	10831	3381.6123409504	1
0	10840	3384.1664994877	0
0	10849	3387.519879874301	1
0	10859	3390.19367587787	0
0	10866	3392.246647101705	0
0	10871	3392.572359598468	1
0	10886	3398.146578467444	1
0	10899	3401.924121712794	0
0	10902	3402.58786622015	0
0	10909	3404.084110321237	1
0	10914	3406.417923569088	0
0	10916	3407.361041099408	0
0	10923	3409.345669561524	1
0	10935	3414.920926104991	1
0	10945	3418.888966219959	0
0	10952	3420.172809564501	1
0	10956	3422.423499502119	0
0	10965	3425.310619145624	1
0	10982	3430.873848467359	1
0	10983	3431.398116389164	0
0	10999	3436.317308440331	1
0	11007	3439.27071831491	0
0	11010	3440.021329660543	0
0	11016	3441.872871219871	1
0	11031	3447.461286320343	1
0	11051	3452.681644591029	2
0	11057	3454.855887230943	0
0	11059	3454.966053737902	0
0	11061	3455.046060924993	0
0	11067	3458.429891149971	1
0	11079	3464.4148639189	1
0	11086	3466.630206194349	0
0	11088	3467.328047239562	1
0	11095	3470.041361441362	1
0	11111	3475.816348268642	1
0	11126	3480.27382959867	0
0	11133	3481.230149487258	1
0	11150	3486.424095905145	2
0	11156	3488.602156740956	0
0	11159	3488.860639623243	0
0	11168	3492.194199906188	1
0	11172	3493.697451786249	1
0	11183	3497.334713321869	1
0	11187	3498.226285434435	0
0	11202	3502.505015331777	1
0	11218	3507.77576820761	2
0	11239	3513.149090791345	2
0	11254	3518.059001496751	1
0	11260	3518.378702092907	2
0	11261	3519.208638906589	1
0	11280	3524.22842001821	2
0	11302	3529.588999066493	2
0	11303	3529.870192555819	1
0	11306	3530.340050191609	0
0	11322	3534.82426076009	1
0	11333	3538.094683127353	1
0	11337	3538.898787240023	0
0	11344	3540.149657984255	1
0	11359	3545.37516812374	1
0	11363	3545.441177804014	2
0	11372	3548.324764317126	0
0	11382	3551.036137578301	1
0	11403	3556.491698579155	2
0	11405	3556.863033384892	0
0	11408	3557.732862989758	1
0	11418	3561.177992322938	1
0	11424	3562.280473335171	1
0	11426	3562.582765649645	0
0	11437	3567.093785623427	0
0	11443	3568.24108710791	1
0	11455	3573.261597299707	0
0	11460	3573.40208515198	1
0	11476	3578.75373582541	1
0	11486	3581.587207164372	0
0	11495	3583.773053044677	1
0	11500	3584.773138700278	0
0	11502	3585.098648693869	0
0	11513	3589.357482876852	1
0	11514	3589.395639413142	0
0	11526	3594.727054707929	1
0	11542	3600.312510529523	1
0	11549	3602.819820547933	0
0	11551	3602.866951302385	0
0	11556	3604.347637468939	0
0	11560	3605.382759557328	1
0	11563	3606.84044666401	0
0	11569	3610.403320132511	1
0	11573	3613.202810848702	0
0	11579	3615.56712146987	1
0	11592	3621.544308137137	1
0	11598	3624.241103957045	0
0	11606	3626.931717015326	1
0	11623	3632.835754391493	1
0	11629	3635.550175387168	0
0	11640	3637.944366731669	1
0	11654	3642.14500544219	0
0	11659	3643.574210982642	0
0	11663	3643.797222330922	1
0	11668	3645.51553516438	0
0	11678	3648.85823708073	1
0	11693	3654.841952783044	1
0	11703	3657.165700203262	0
0	11713	3660.055533490132	1
0	11719	3661.637079361464	0
0	11731	3665.999654671166	1
0	11743	3668.808637083962	0
0	11747	3669.873855340983	0
0	11753	3671.488697025215	1
0	11755	3672.042365660994	0
0	11765	3676.589784359082	1
0	11778	3682.166929433342	0
0	11783	3682.556421932753	1
0	11794	3687.130119617784	0
0	11800	3688.212495874602	1
0	11815	3693.330748603901	1
0	11825	3696.53453569928	0
0	11835	3698.69714428041	1
0	11854	3703.916320624983	2
0	11861	3705.880297214481	0
0	11875	3709.181889443414	1
0	11893	3714.243348756794	2
0	11898	3715.518688432514	1
0	11916	3719.509269483144	2
0	11919	3720.337353008907	0
0	11935	3724.693100540655	1
0	11941	3726.846252953041	1
0	11953	3730.077586380521	2
0	11969	3733.970805240669	1
0	11978	3735.864849614434	2
0	11985	3738.700659781448	0
0	11997	3741.253656950535	1
0	12004	3743.623236291448	0
0	12014	3746.526644013578	1
0	12028	3751.030761705585	1
0	12031	3751.922877506343	1
0	12036	3752.109813418927	2
0	12044	3754.173786944233	0
0	12050	3756.363769386769	1
0	12059	3757.800760016999	1
0	12060	3758.406177049376	0
0	12076	3763.412678410987	1
0	12096	3768.923584777386	2
0	12115	3774.246012896522	2
0	12120	3775.616822952626	0
0	12125	3777.135929814997	1
0	12133	3779.36381724208	0
0	12137	3780.113238684823	1
0	12151	3785.306276571694	1
0	12154	3785.613868720701	1
0	12173	3790.572382089672	2
0	12176	3790.863349676004	1
0	12181	3792.503955119164	0
0	12185	3794.227540801386	0
0	12192	3796.13779101124	1
0	12211	3802.038562856838	1
0	12227	3807.188881689902	0
0	12231	3807.253690264411	1
0	12249	3812.296569304298	2
0	12252	3812.483315073174	0
0	12254	3813.789571385821	0
0	12265	3817.407261252161	1
0	12278	3822.542810903154	1
0	12287	3825.208343064752	0
0	12296	3827.668314174507	1
0	12305	3830.091761060167	1
0	12317	3833.586347568305	2
0	12339	3839.340963226966	2
0	12352	3843.979618381117	0
0	12354	3844.07077808747	1
0	12360	3844.623110380247	1
0	12377	3849.76860202033	2
0	12383	3851.282802455932	0
0	12389	3853.18288058286	1
0	12401	3855.483857425385	1
0	12412	3859.403932165578	0
0	12421	3861.206380740031	1
0	12431	3863.802859227279	0
0	12442	3866.299139768574	1
0	12451	3869.326838466445	1
0	12462	3871.420152161726	2
0	12483	3876.655127905998	2
0	12487	3877.60369732067	0
0	12489	3877.737557476376	1
0	12499	3881.535089957984	0
0	12504	3882.34148329542	1
0	12508	3883.719865287877	1
0	12521	3888.056525105135	1
0	12525	3889.413035458059	0
0	12529	3890.296238970349	0
0	12539	3893.691092924671	1
0	12557	3899.462239430044	1
0	12566	3901.844561483002	0
0	12576	3905.144766236181	1
0	12586	3908.760931522693	0
0	12594	3910.420632112763	1
0	12607	3914.740046920476	0
0	12610	3915.040274876511	0
0	12614	3915.508914560537	1
0	12615	3915.516550846854	0
0	12620	3918.58076326583	0
0	12624	3921.40704708208	0
0	12628	3921.506404995444	1
0	12635	3926.94391403067	1
0	12640	3929.806410789831	0
0	12646	3932.37097276467	1
0	12650	3934.934130551052	0
0	12658	3938.074440566815	1
0	12665	3942.915278755934	0
0	12669	3943.630209914401	1
0	12680	3949.402933379628	1
0	12696	3954.737134642659	1
0	12712	3959.504375124576	0
0	12718	3960.341083485859	1
0	12727	3962.977172563311	0
0	12730	3964.492536928848	0
0	12738	3966.230160663596	1
0	12742	3967.369514727726	0
0	12752	3971.80747995944	1
0	12765	3976.264578279682	0
0	12769	3977.287247109453	0
0	12773	3977.66359419212	1
0	12784	3983.412797017948	1
0	12796	3987.424760980175	0
0	12802	3988.706149289611	1
0	12810	3992.873943856911	0
0	12812	3992.99961922515	0
0	12817	3994.058427949895	1
0	12819	3995.050724445138	0
0	12827	3999.961019302945	1
0	12832	4002.758621256792	0
0	12838	4005.502487763523	1
0	12851	4010.933785209891	1
0	12856	4013.639208531117	0
0	12865	4016.314845746609	1
0	12879	4021.622929850819	1
0	12881	4021.957250780072	0
0	12896	4027.121023881242	1
0	12915	4032.768836678231	2
0	12926	4036.32413786044	0
0	12933	4037.923471528564	1
0	12940	4040.123070915222	0
0	12943	4040.494411095272	0
0	12951	4043.433373150409	1
0	12959	4045.797730086247	1
0	12971	4049.314059944817	1
0	12990	4055.119324679946	2
0	13010	4060.572306634154	2
0	13027	4065.51028298516	1
0	13033	4066.029335702997	2
0	13037	4067.010007697968	1
0	13046	4069.1985870588	0
0	13050	4070.669929306833	0
0	13055	4071.172475167312	1
0	13070	4076.732903377613	1
0	13083	4081.458915124989	0
0	13089	4082.187945413863	1
0	13103	4086.78811056108	0
0	13109	4088.177742663765	1
0	13111	4088.578169826527	1
0	13131	4093.470860293595	2
0	13149	4098.754017159803	2
0	13169	4104.192341449898	2
0	13171	4104.656910402347	1
0	13192	4109.423126962729	2
0	13204	4113.095250173465	0
0	13212	4114.4350083142	1
0	13214	4114.911718095998	1
0	13221	4116.726416740561	1
0	13235	4120.170394680923	2
0	13238	4121.010002767427	1
0	13257	4125.360553503264	2
0	13277	4131.09747596946	2
0	13283	4132.584667125245	0
0	13287	4133.46555335365	1
0	13297	4136.533478066553	1
0	13308	4139.922818720804	1
0	13316	4141.845164860361	2
0	13317	4142.050251126283	1
0	13334	4146.879896882218	2
0	13344	4149.254215845486	0
0	13355	4152.209536407371	1
0	13358	4153.370148997165	1
0	13375	4157.970025723097	2
0	13380	4158.869728277081	1
0	13384	4159.758459460916	1
0	13396	4163.212320245798	2
0	13401	4164.452758235623	0
0	13408	4166.471658588032	1
0	13415	4168.427696035938	1
0	13435	4173.703755251128	2
0	13457	4179.360601596065	2
0	13462	4180.808557974866	0
0	13475	4185.233007871775	1
0	13486	4189.308797830364	0
0	13488	4189.525287533292	1
0	13492	4190.801902536531	1
0	13497	4191.016588232011	1
0	13503	4192.826821692052	0
0	13505	4193.323136512537	0
0	13513	4196.918138288657	1
0	13527	4201.929349847833	1
0	13531	4202.92326759442	0
0	13543	4207.201088925122	1
0	13560	4212.312764624829	2
0	13571	4215.752671940483	0
0	13579	4217.369116076964	1
0	13582	4218.578659432821	0
0	13586	4219.328936395699	0
0	13595	4222.418691639087	1
0	13597	4223.035083542109	1
0	13613	4227.615238223688	1
0	13623	4230.035838114211	0
0	13627	4231.843121013834	0
0	13633	4232.635096225652	1
0	13648	4237.94201387651	1
0	13665	4243.066590131025	2
0	13669	4244.074772458637	1
0	13675	4245.481665522325	0
0	13681	4247.592592562197	0
0	13686	4248.100410408338	1
0	13701	4253.361482480538	1
0	13721	4258.403578144612	0
0	13725	4258.687898526198	1
0	13740	4262.920579575001	0
0	13746	4263.993239767381	1
0	13750	4265.1995284704	0
0	13760	4268.713275968443	0
0	13764	4269.445960695853	1
0	13770	4271.815813187624	0
0	13780	4274.979416497282	1
0	13786	4277.786155898123	0
0	13794	4280.715857719301	1
0	13809	4286.070043258366	1
0	13829	4291.680495360863	2
0	13831	4291.868853815014	0
0	13843	4296.773659544528	1
0	13848	4297.046315500742	1
0	13855	4299.483725461058	0
0	13866	4302.139678925272	1
0	13868	4303.138895002074	0
0	13884	4308.093306935156	1
0	13898	4312.373661176414	0
0	13905	4313.589089453217	1
0	13906	4314.133740413465	0
0	13913	4315.703831113173	0
0	13920	4319.04938918247	0
0	13924	4319.120861223895	1
0	13934	4324.18823284865	1
0	13941	4327.422350526785	0
0	13947	4329.869399239073	1
0	13962	4335.265913077279	0
0	13967	4335.788946475365	1
0	13983	4341.316056985871	1
0	13984	4341.436042554092	0
0	14002	4347.100535283328	1
0	14019	4351.780479010309	0
0	14023	4352.197777395367	1
0	14042	4358.139998951924	2
0	14048	4359.560978615303	0
0	14062	4364.029104327315	1
0	14065	4364.463510968835	0
0	14076	4368.899425817302	0
0	14080	4369.638807663226	1
0	14082	4370.191152497773	0
0	14094	4375.246548935769	1
0	14097	4376.883431420774	1
0	14109	4380.420605916994	1
0	14126	4385.872736389395	0
0	14131	4386.410546016412	1
0	14137	4388.282747266462	0
0	14146	4390.934814660808	0
0	14152	4392.130599870345	1
0	14156	4393.671076354917	0
0	14165	4397.765558363635	1
0	14176	4402.268443260923	0
0	14183	4403.478614405727	1
0	14191	4406.71898654825	0
0	14196	4409.022456702425	0
0	14200	4409.037862677125	1
0	14203	4410.383905823225	0
0	14209	4414.130750638896	1
0	14220	4419.283286145886	1
0	14235	4424.394958495393	1
0	14252	4429.564002320401	2
0	14261	4432.184971775625	1
0	14270	4434.164843439589	0
0	14274	4434.739734764907	1
0	14294	4440.515111117156	2
0	14317	4445.88571900199	2
0	14318	4446.495923370234	0
0	14337	4451.146644278195	1
0	14338	4451.531659379947	0
0	14342	4452.388240846687	1
0	14346	4453.719843265598	1
0	14352	4456.005470856207	0
0	14357	4457.005815450566	1
0	14359	4457.775015711084	0
0	14371	4462.53077869769	1
0	14376	4464.264409551861	0
0	14387	4468.361744965658	1
0	14389	4468.983114405416	0
0	14393	4470.447211337622	0
0	14401	4474.274480852995	1
0	14412	4479.812652794875	1
0	14421	4483.907830249517	0
0	14428	4485.53652862692	1
0	14445	4491.350179139522	1
0	14451	4493.104136016101	0
0	14457	4494.979676163055	0
0	14464	4496.63161109993	1
0	14465	4497.01872596214	0
0	14467	4497.093262777895	0
0	14475	4502.357467841355	1
0	14485	4507.623392298117	1
0	14499	4512.422723800756	0
0	14505	4513.33339873119	1
0	14518	4518.334989880209	1
0	14540	4524.18299967353	2
0	14545	4525.775084149207	0
0	14554	4527.972240685133	0
0	14563	4530.033359426071	1
0	14569	4532.673262463531	0
0	14577	4535.41475826944	1
0	14579	4536.122162521348	1
0	14589	4540.184277478486	0
0	14594	4540.712612955829	1
0	14611	4546.629321491577	1
0	14630	4551.742435666731	2
0	14650	4557.288627244763	2
0	14651	4557.377605898072	0
0	14663	4562.119518377931	1
0	14668	4562.602840071775	1
0	14672	4564.189343295408	0
0	14675	4564.446756610992	1
0	14690	4568.154362244762	1
0	14693	4569.513165811891	0
0	14708	4573.813205901997	1
0	14727	4579.185625767799	2
0	14732	4580.78370574524	0
0	14737	4581.972957054149	0
0	14745	4585.043145013505	1
0	14746	4585.250352456464	0
0	14748	4585.929336872182	1
0	14753	4588.525011104296	0
0	14758	4590.75418438087	1
0	14768	4596.000772192141	1
0	14786	4601.88216333906	1
0	14802	4606.603880122534	0
0	14807	4606.895904985953	1
0	14818	4610.644484155808	0
0	14826	4611.907388332764	1
0	14832	4613.689456979741	0
0	14843	4617.063757398863	1
0	14864	4622.643306380602	2
0	14879	4626.646949942453	0
0	14887	4628.629230099496	1
0	14901	4632.801940078498	1
0	14903	4633.258163899529	0
0	14908	4633.764738408847	1
0	14909	4633.89093779493	0
0	14918	4636.858644086635	0
0	14925	4639.085567431523	1
0	14941	4644.387268192832	1
0	14947	4646.014524883356	0
0	14956	4649.592182985504	0
0	14960	4649.880438448394	1
0	14965	4652.077743678934	0
0	14975	4655.389433580682	1
0	14980	4657.550346795817	0
0	14983	4658.439262498636	0
0	14989	4661.316176401217	1
0	15001	4667.011561784426	1
0	15019	4672.919082010396	1
0	15026	4675.210416915825	0
0	15037	4678.135245460084	1
0	15058	4683.353727570733	2
0	15065	4685.282742980751	0
0	15077	4688.788751338607	1
0	15099	4694.764064981135	2
0	15103	4696.170803822693	0
0	15116	4700.035328177501	1
0	15118	4700.457320128102	0
0	15121	4701.628245187454	1
0	15135	4705.269201568559	1
0	15147	4709.101204368868	0
0	15156	4711.131501869763	1
0	15157	4711.473502842471	0
0	15160	4712.321558380032	1
0	15175	4716.870727336731	1
0	15196	4722.080018700332	2
0	15204	4724.990469623938	0
0	15207	4725.390740111119	0
0	15213	4727.569059033178	1
0	15215	4728.234452515955	0
0	15227	4733.296130314002	1
0	15240	4738.451307176145	1
0	15243	4739.493625826782	0
0	15257	4743.986588252241	1
0	15260	4744.909633093163	1
0	15278	4749.425195070913	2
0	15298	4754.730038764186	2
0	15312	4758.322669078944	1
0	15316	4759.34848060156	1
0	15322	4759.812860004602	2
0	15328	4761.687522395164	0
0	15331	4762.223334193927	1
0	15340	4764.948856157715	1
0	15350	4768.601913646443	0
0	15357	4770.344322137533	1
0	15360	4770.859930131234	0
0	15374	4775.370098849291	1
0	15380	4777.146740398019	0
0	15383	4777.939594281718	0
0	15389	4780.634039625989	1
0	15401	4785.128968515201	0
0	15408	4786.281050637129	1
0	15420	4790.995383476371	0
0	15427	4792.21486788173	1
0	15434	4796.161582765051	0
0	15440	4797.339522574095	1
0	15442	4797.982671163624	0
0	15451	4802.624195929848	1
0	15456	4804.610920279983	0
0	15463	4807.709901314809	0
0	15467	4807.850042499135	1
0	15478	4813.745280873029	1
0	15497	4819.610101345692	1
0	15501	4820.517435092476	0
0	15515	4824.794204597593	1
0	15529	4829.125723701435	0
0	15531	4829.27647684258	0
0	15536	4830.043668200726	1
0	15546	4835.187713719204	0
0	15548	4835.346794294193	0
0	15552	4835.431656087049	1
0	15557	4838.110877491883	0
0	15563	4841.211278751491	1
0	15573	4846.46273701079	1
0	15592	4852.32383451727	1
0	15596	4853.489519537774	0
0	15609	4858.130285320801	1
0	15611	4858.425592700249	0
0	15613	4859.358980761956	0
0	15624	4863.296635631702	1
0	15630	4866.014489119403	0
0	15638	4868.947545898377	1
0	15647	4872.962168352559	0
0	15654	4874.465260236754	1
0	15667	4880.040828773749	1
0	15679	4883.544543641151	0
0	15687	4885.691701271336	1
0	15694	4888.203685120677	0
0	15706	4891.278146298134	1
0	15711	4892.619246112178	0
0	15718	4894.885679626369	0
0	15721	4896.083525460444	0
0	15723	4896.586302930719	0
0	15727	4897.017518255159	1
0	15734	4902.048135006333	1
0	15736	4903.213703726765	0
0	15743	4907.480700929415	1
0	15755	4913.043221298138	1
0	15757	4913.855326102113	0
0	15768	4918.940189486834	1
0	15769	4919.088433278841	0
0	15781	4924.778714762999	1
0	15795	4929.788750865728	1
0	15805	4933.191757048131	0
0	15812	4935.078249247976	1
0	15825	4938.40605870029	0
0	15835	4940.777355582452	1
0	15836	4940.911605389205	0
0	15844	4943.331606929305	0
0	15853	4946.197574209421	1
0	15867	4951.64707328123	1
0	15870	4952.324288041096	0
0	15887	4957.30975981988	1
0	15908	4962.574508483289	2
0	15919	4964.997231343063	0
0	15924	4966.294476390114	1
0	15926	4966.535903550918	0
0	15933	4968.502377968049	1
0	15947	4973.773210913642	1
0	15955	4976.10364392772	0
0	15964	4978.823212913238	1
0	15969	4980.526830599526	0
0	15982	4984.649547646754	1
0	15989	4986.757460512222	0
0	16002	4990.311931764475	1
0	16010	4992.585425590049	0
0	16020	4995.418183344184	1
0	16041	5000.72241121542	0
0	16045	5000.92626499408	1
0	16065	5006.333628311521	2
0	16068	5007.393255033764	0
0	16080	5011.607024601196	1
0	16087	5013.083382224548	0
0	16095	5016.145126903547	0
0	16101	5017.509904900101	1
0	16115	5023.161795172143	1
0	16132	5028.333739494906	2
0	16141	5031.290942647031	1
0	16147	5033.20448715263	0
0	16152	5033.660596761854	1
0	16168	5039.060912378484	1
0	16173	5039.290460778169	2
0	16183	5042.622359847883	0
0	16189	5044.30105822813	1
0	16193	5044.770562669497	1
0	16213	5050.701854080662	2
0	16224	5054.055841234283	0
0	16233	5055.711074882189	1
0	16251	5060.945232996021	1
0	16257	5061.645784031136	2
0	16260	5062.590003028864	1
0	16272	5066.220236210387	0
0	16278	5067.3938896528	1
0	16296	5072.525714273101	2
0	16307	5075.909463061139	0
0	16317	5078.507611065174	1
0	16337	5083.936607674465	2
0	16338	5084.537177369118	1
0	16341	5084.807343103111	1
0	16351	5087.606580584897	0
0	16358	5089.045204541881	1
0	16378	5094.212094623831	2
0	16398	5099.311374254527	2
0	16406	5101.808540324449	0
0	16416	5104.682686191986	1
0	16418	5105.470173901765	1
0	16425	5107.603337046811	1
0	16432	5109.135673891522	0
0	16435	5109.519683997266	0
0	16441	5110.424747388812	1
0	16444	5111.466546120242	0
0	16453	5115.546086548364	1
0	16454	5115.955918312309	0
0	16466	5121.229158240605	1
0	16482	5126.560109471671	1
0	16485	5127.379411024509	0
0	16501	5131.884119703902	1
0	16503	5132.70485364739	0
0	16506	5133.620114158025	0
0	16508	5134.215380361772	0
0	16516	5137.596394618277	1
0	16526	5142.763838571731	1
0	16543	5148.594431192383	1
0	16567	5154.451413047502	2
0	16576	5157.314811507708	1
0	16584	5158.584615496804	0
0	16590	5159.909769050779	1
0	16603	5163.835730136025	0
0	16605	5164.036713380021	0
0	16612	5165.48761315318	1
0	16629	5170.968956613915	1
0	16641	5175.86489982391	0
0	16646	5176.316928222777	1
0	16664	5181.649400924334	2
0	16673	5183.808620656492	0
0	16676	5185.048781230816	0
0	16682	5186.852835359286	1
0	16698	5192.465797740967	1
0	16701	5193.484148855324	0
0	16706	5194.495028852136	0
0	16708	5195.62906959071	1
0	16715	5198.18732177443	1
0	16723	5201.902830003297	0
0	16730	5203.435657496333	1
0	16746	5209.07373310486	1
0	16765	5214.36322418973	2
0	16785	5219.743389852463	1
0	16789	5219.926921120381	2
0	16792	5220.860624894499	0
0	16806	5225.736727759011	1
0	16816	5228.76792276837	0
0	16824	5231.171197833961	1
0	16837	5234.1307098025	0
0	16842	5235.905876461068	0
0	16846	5236.34965572064	1
0	16854	5239.307476778284	1
0	16859	5240.78228995728	0
0	16863	5241.379047589146	1
0	16869	5243.729367383408	0
0	16878	5246.844104477905	1
0	16889	5251.837839697955	0
0	16893	5251.923969698839	1
0	16907	5256.974250939677	1
0	16923	5261.726197869053	0
0	16927	5262.297445464882	1
0	16932	5263.608950654396	0
0	16946	5267.537749530983	1
0	16968	5273.112384135139	2
0	16983	5277.611457243331	0
0	16989	5278.425602653299	1
0	16997	5280.836107827376	1
0	17005	5283.069448216705	0
0	17011	5284.059412971141	1
0	17029	5289.701791792644	2
0	17050	5295.20189663442	2
0	17051	5295.561511982699	0
0	17060	5298.10140695237	0
0	17067	5300.557324901225	1
0	17083	5306.145129599377	1
0	17103	5312.045506657801	2
0	17105	5312.69617460645	0
0	17116	5316.015167147505	1
0	17121	5317.318517993207	1
0	17125	5317.511311809534	1
0	17128	5318.869406851476	0
0	17140	5322.616920517759	1
0	17159	5327.830032574713	2
0	17167	5330.582941742035	0
0	17170	5331.097613891936	1
0	17179	5333.615588459654	1
0	17189	5336.890925605086	1
0	17199	5339.100510132967	2
0	17216	5343.915684320616	0
0	17222	5344.962826769801	1
0	17235	5348.564076746701	1
0	17244	5350.158569844209	2
0	17249	5351.848633959426	0
0	17262	5355.844234443039	1
0	17274	5359.508898900125	0
0	17284	5360.997256132311	1
0	17285	5361.500214581615	0
0	17295	5365.172102573562	1
0	17301	5366.740912043492	1
0	17305	5367.753353946495	0
0	17315	5371.090482459523	0
0	17321	5372.256297031653	1
0	17323	5373.437647257002	0
0	17333	5378.254383165392	1
0	17344	5382.047457154959	0
0	17350	5383.514032225826	1
0	17354	5385.534784047052	0
0	17364	5389.196343383289	1
0	17365	5389.289032393603	0
0	17377	5394.24013658427	1
0	17392	5399.732066679283	1
0	17414	5405.122570588955	2
0	17435	5410.158795286206	2
0	17437	5410.795027808639	0
0	17454	5415.549930335724	1
0	17458	5416.250597137262	1
0	17465	5417.991905842092	1
0	17471	5419.155743545739	0
0	17480	5420.693959500411	1
0	17495	5425.276369911739	0
0	17502	5426.663921807896	1
0	17522	5432.079139015175	2
0	17544	5437.36653799366	0
0	17550	5438.038809498543	1
0	17556	5439.858315821618	1
0	17572	5443.110145778632	2
0	17573	5443.390523366051	0
0	17575	5443.604298217109	0
0	17578	5444.90596676886	0
0	17585	5449.096067251409	1
0	17597	5455.057988909077	1
0	17612	5460.471657981634	1
0	17628	5465.231860426717	1
0	17634	5465.994703418812	2
0	17653	5470.996407644827	2
0	17670	5475.894039013777	0
0	17675	5476.875119355511	1
0	17688	5480.703144485601	0
0	17690	5481.164411232693	0
0	17697	5482.135071472967	1
0	17698	5482.374427129169	1
0	17715	5487.757123403488	1
0	17725	5490.849732932405	0
0	17729	5491.590442624753	1
0	17737	5493.182748166383	1
0	17748	5496.225619326931	0
0	17757	5500.031750032565	0
0	17776	5511.33446340566	0
0	17788	5522.98522679251	0
1	27	16.580236164504	11.172549139825
1	35	20.904632583375	10.38477482402
1	68	32.766337205658	11.418597087731
1	91	40.145226015126	24.321455947238
1	109	45.503561281949	2.151820638333
1	114	46.962501304806	20.213036208995
1	122	49.672936692136	17.253676819615
1	138	55.427466912779	1.327622153913
1	169	66.294170584412	28.341411418396
1	212	77.840764423951	28.906198477024
1	224	80.836513109273	11.24544799514
1	231	82.416897070944	1.933375139371
1	252	89.00343345094	13.545873361056
1	255	90.275195338299	31.043005434563
1	266	93.238303151218	28.765439277284
1	308	106.574044628886	15.787187980372
1	324	111.084282354571	14.96288713452
1	339	114.689148984267	29.201402683857
1	386	127.810259159307	26.483256089384
1	415	135.242849148347	17.6433898455
1	429	139.235666704834	32.085370794406
1	438	140.679686667983	6.991864124431
1	440	140.998238159347	28.606182564749
1	464	149.193424738246	21.06997561315
1	499	159.031681876748	14.577164415387
1	522	166.170537541971	10.802157356753
1	528	166.662561683688	43.990301043264
1	554	173.586188012502	12.994727778946
1	562	176.501276483295	26.698580114869
1	572	179.523930281289	40.079053897996
1	577	180.845350691937	8.896150227057
1	592	186.51626758196	8.834508748608
1	596	187.584123574432	21.019830729114
1	606	192.302437859355	3.487581045599
1	641	205.139535141179	5.321487031412
1	664	211.745461832149	17.329141697961
1	667	212.02805656055	28.648360006743
1	669	212.380235540797	6.931935393367
1	697	224.697440745193	8.542191726272
1	700	225.751093697968	14.859971071594
1	708	228.436933754594	1.720562651637
1	720	234.599261876428	13.036718953866
1	735	243.28072980151	5.011425672215
1	759	252.478791821632	20.059690343333
1	774	257.540465461788	14.170377210946
1	783	260.224575336905	5.945208023883
1	792	264.694206977846	4.614207885112
1	801	268.766729784548	19.777831358719
1	817	275.474141781917	5.092531181639
1	858	290.281873396015	25.087579572456
1	881	297.189598934841	21.061193456058
1	897	300.654503519644	18.595927030544
1	907	303.813549462822	11.196801375947
1	913	305.124426396448	6.603463880602
1	951	319.254676465062	31.692989838194
1	968	323.58549686335	13.745189121924
1	1018	337.42697215965	22.213266554055
1	1033	341.177714860298	36.973839170065
1	1054	345.681398086833	8.226771017189
1	1069	350.452358939102	29.765036744181
1	1076	353.585193707375	5.354887466412
1	1099	360.423749218346	34.156916441047
1	1119	367.329744774152	13.704253072852
1	1122	367.738775500094	35.558255490612
1	1198	388.424617341837	29.08695938543
1	1205	391.534023180838	26.272011847469
1	1227	397.279307480901	54.359634154476
1	1237	399.242164902038	28.552924076908
1	1245	401.325960972231	19.31504920323
1	1269	408.119921337464	15.138148661121
1	1271	408.467631006614	32.333514121827
1	1293	414.811019473011	16.188245541649
1	1308	418.123342850595	2.434794662404
1	1345	427.781404559385	40.634763802985
1	1347	427.843125691289	17.965640597628
1	1349	428.128150241333	24.190304406103
1	1375	441.103166566814	20.288353402984
1	1403	448.213034786401	10.970016986947
1	1429	457.443567450739	25.42681790341
1	1442	460.561483144412	33.871309555719
1	1447	461.597643594491	8.241652502445
1	1453	463.595925530069	21.271591486059
1	1475	470.720302591684	11.759655569098
1	1479	471.996333023883	24.576554224244
1	1492	478.015231839616	13.235875574407
1	1495	478.833043318592	3.031339757028
1	1519	489.931006086992	19.722967293347
1	1537	496.662290175796	9.777028495097
1	1553	501.627774231254	19.949719421217
1	1564	505.309597378597	7.857063538161
1	1583	512.534193582602	9.578135649907
1	1592	514.979799135474	22.994752933389
1	1653	533.122185085437	24.922429928557
1	1655	533.896191357172	14.895112683299
1	1660	535.095945018811	10.49573015701
1	1665	535.706956866084	21.956390508568
1	1730	557.544051036242	16.590157946806
1	1734	558.393938820812	11.685525712791
1	1736	558.430368652455	28.632508485231
1	1743	561.55316264718	26.090911278967
1	1768	569.919435568043	17.709771976228
1	1797	578.291058925098	15.05116656667
1	1804	579.852835968722	11.556338962285
1	1832	587.805745007472	30.497076395433
1	1853	594.117874103716	20.618082378641
1	1867	597.077074199451	17.854942241916
1	1898	606.622629912224	4.95332992368
1	1910	609.519001932236	19.394197988674
1	1914	609.959697267859	25.545985538397
1	1943	620.226460305047	24.54699424701
1	1945	620.72705379862	13.879411537083
1	2000	638.290874528467	19.957233228487
1	2002	639.263765523447	9.542746589056
1	2010	640.781981240959	28.186239169677
1	2047	655.698091544679	9.918964070501
1	2051	656.354238097791	5.147852672497
1	2062	659.399447673585	35.278538786225
1	2076	663.11415533093	22.673370911041
1	2081	664.218726645808	7.705922768102
1	2098	670.453231204188	35.391327602441
1	2104	672.951780499775	11.344469599774
1	2122	679.460021479989	6.370212472743
1	2124	680.525345096832	13.410560177406
1	2146	691.651450043546	7.348387663486
1	2178	702.501522877837	23.440468256711
1	2201	707.805724643522	17.593258085312
1	2221	713.232596255141	12.567171759205
1	2266	727.378979636706	31.919921146356
1	2294	733.506495573327	27.123607371935
1	2305	737.426583435271	15.302673210273
1	2313	738.694651674247	11.174906107363
1	2318	740.423181192136	2.153881841921
1	2321	741.187985763304	29.799457892892
1	2323	741.633435274711	24.560198694936
1	2335	748.467037502213	4.472695897101
1	2347	753.592807777459	20.410895213716
1	2371	762.75709266437	8.220656215097
1	2414	777.459210904201	28.425467601861
1	2453	788.412902226557	22.250640207785
1	2471	793.423940064968	33.253871402352
1	2477	795.37739081774	7.520747908855
1	2485	798.340805761051	26.792789678786
1	2496	801.534545336037	24.289573734276
1	2513	805.209959829695	1.227339592297
1	2541	814.929046500011	32.22822885192
1	2547	815.96136655356	23.044610240263
1	2584	826.967035025594	28.296161085833
1	2607	833.850309625969	24.627691573463
1	2629	839.578878820528	24.519768608618
1	2631	839.975632869991	3.034632528782
1	2650	845.660637290919	25.092330248794
1	2661	848.485042025572	22.521261229646
1	2669	850.666057307626	2.345268088276
1	2674	853.545067411968	21.999777160236
1	2684	857.60994437803	14.701086992165
1	2716	869.992137249215	16.430634566933
1	2739	877.266767910801	18.568827048292
1	2774	886.898375240275	6.383950422635
1	2793	893.434768561628	23.766505284818
1	2802	895.794188574074	20.904550077042
1	2810	897.602701404252	33.341005621594
1	2847	908.543010150667	6.427190274116
1	2850	909.430483339588	23.076261022591
1	2877	917.906911769651	20.874046780866
1	2886	919.980556966974	28.054228985683
1	2912	928.45412199665	21.182631426023
1	2925	930.777259979749	18.039400426321
1	2931	933.102821214594	3.917268908117
1	2943	936.987495010723	2.331061493373
1	2946	937.933727926346	13.99031798984
1	2961	945.116914490476	26.444523828805
1	3019	964.741640071737	18.853709757211
1	3036	969.947617666683	29.447516778367
1	3090	984.194614565934	27.424195891012
1	3097	986.285950821592	35.201500931053
1	3103	988.46740933904	21.141518052202
1	3115	992.069757048739	8.740193681786
1	3120	993.128436953766	3.819394312799
1	3146	1002.578484515548	7.34819995996
1	3156	1006.117006234015	28.037650260725
1	3161	1006.433027278404	44.531251357636
1	3174	1011.224198884919	10.006033926621
1	3210	1022.559290349488	10.408683986635
1	3250	1033.590883853847	60.804284045702
1	3257	1035.356998400187	17.22912724747
1	3269	1037.706693019605	13.781445815809
1	3271	1037.987200939917	31.655225526658
1	3300	1047.192582808555	11.792927052243
1	3321	1054.109197000396	7.92375765543
1	3334	1058.901956779306	18.135484999862
1	3343	1061.937045039492	32.40242266247
1	3362	1068.947075229143	16.943651079666
1	3368	1069.418663343886	11.59041198413
1	3373	1071.122671314054	1.817084309179
1	3386	1078.014174146118	3.649129630533
1	3396	1082.864013405523	19.403856408318
1	3407	1088.520955180985	8.650003101675
1	3451	1106.553588847868	9.488843320869
1	3483	1114.549228171942	29.129633228414
1	3493	1116.863415919133	8.935419085086
1	3497	1117.591470862629	26.469752257808
1	3523	1125.812711456679	23.287966031231
1	3541	1131.655858866409	12.852523564826
1	3566	1138.899120526509	14.660398573265
1	3578	1142.460820814255	28.706343429284
1	3597	1148.00206609711	13.104983258876
1	3641	1160.272147213927	30.797907258732
1	3657	1165.037164221288	13.723937786416
1	3660	1165.287569977929	2.054622984142
1	3663	1166.439124525761	25.946806037332
1	3688	1177.387776945838	8.786789533799
1	3695	1179.425783072254	33.170702603064
1	3724	1188.717093833607	14.737714725428
1	3726	1189.036259043384	4.594804779511
1	3754	1197.754469834156	7.684111809475
1	3759	1200.123734808182	42.81346714485
1	3784	1207.592637282336	28.468343319373
1	3810	1215.711871478826	20.490570665453
1	3863	1229.434794772884	28.742777742444
1	3886	1236.037834626508	29.362897255573
1	3906	1241.899261719782	19.034142040646
1	3916	1244.052613059179	4.653295109165
1	3924	1245.744332502483	33.896564911702
1	3936	1249.09916250373	31.465880681876
1	3959	1254.860743073282	21.007006516212
1	3990	1263.897897936291	13.554039641865
1	4011	1269.078954536587	40.359231709851
1	4014	1269.435641277004	24.624950301019
1	4040	1278.69785099931	5.793031034409
1	4042	1279.120102738499	23.004581468179
1	4089	1292.987266190818	25.923148103988
1	4151	1308.84757976292	47.041337653873
1	4164	1311.558908616314	33.018308356289
1	4174	1314.210107614641	29.889079338989
1	4191	1318.524764801846	12.138741782402
1	4205	1322.770408666463	27.482940894551
1	4250	1336.226497403348	14.036397887392
1	4252	1336.436362222533	46.292030219215
1	4269	1339.958664105038	28.438122761196
1	4282	1343.384971677331	42.213262473002
1	4289	1344.941566331193	7.038498511881
1	4297	1347.137594460396	14.260053650359
1	4319	1352.526617160302	3.696142251369
1	4333	1355.613020094115	28.278281943174
1	4342	1358.43214194477	4.536457796581
1	4349	1360.123432374672	16.332669542513
1	4364	1366.192911470429	6.914998821332
1	4367	1367.336710250944	50.626963494116
1	4380	1375.356936259084	10.557522368037
1	4411	1387.114431208933	10.670510120689
1	4444	1396.758290677449	25.993806999524
1	4465	1403.294818739644	9.917729890906
1	4478	1406.651431060399	19.192893364466
1	4484	1408.327150933215	26.579020548379
1	4511	1416.788085422832	17.644174953807
1	4521	1420.489678205227	4.428476777394
1	4552	1429.966388907868	18.922732924693
1	4563	1432.621309150363	27.503087763093
1	4611	1447.047258249022	20.020387813682
1	4631	1452.564143870496	4.181120571448
1	4635	1453.241840316335	32.125953506562
1	4649	1457.799298945236	19.943864685367
1	4662	1462.336013568335	8.764179173856
1	4670	1465.315195026924	32.989532648932
1	4750	1487.583653697049	28.320404024329
1	4757	1488.971329513125	23.734968281001
1	4774	1493.271190284288	50.172485159243
1	4803	1500.515167631096	12.08277114702
1	4813	1504.651118284326	33.575307539197
1	4829	1509.658059410637	32.605499431141
1	4831	1510.155017417161	27.648857992609
1	4860	1518.004105415664	12.513941096142
1	4900	1529.192737680165	35.192072770792
1	4928	1538.038651159502	38.385371694109
1	4932	1539.207035968083	27.838663280709
1	4973	1550.425805011535	10.815497536446
1	4975	1550.519118772472	28.071828586397
1	4986	1554.185214768284	25.832636197215
1	4999	1557.502383924906	40.811642646672
1	5012	1561.313138884263	16.001341764118
1	5041	1568.551321730252	11.703599096275
1	5048	1570.619251495112	36.543699660221
1	5052	1571.935932344059	20.881285294889
1	5054	1571.945089952906	9.423174417694
1	5070	1579.261324891822	5.744212266522
1	5099	1590.188815225501	6.189763950533
1	5104	1590.867764847119	22.667355796551
1	5121	1597.732450619576	7.812281231629
1	5123	1598.308830508615	2.877080782432
1	5126	1599.858869222929	20.979564379437
1	5155	1613.851187718452	13.29248617927
1	5197	1627.940669514474	16.186069957912
1	5201	1628.557859352329	22.710650122494
1	5212	1631.900634490887	14.755366737256
1	5254	1644.429676868372	21.597432394395
1	5281	1650.892327850803	22.068655219511
1	5302	1657.452464717558	17.788621136336
1	5307	1659.266415467256	25.070277413587
1	5322	1663.352779484471	18.492874044342
1	5333	1667.446964459495	5.848612032831
1	5382	1681.533160654714	24.989778176301
1	5397	1685.718721592567	12.479634264717
1	5399	1685.736292230899	34.880244950765
1	5403	1687.280627598406	19.770098062815
1	5443	1700.6465706639	4.779832802946
1	5497	1714.26978388464	35.165285587663
1	5501	1715.433537117208	24.993686178701
1	5507	1717.857037640412	32.906270383626
1	5538	1725.916843615941	18.209224792899
1	5555	1729.507539037269	5.858326052668
1	5560	1731.494962289467	2.70800442994
1	5571	1734.941855788346	33.140624892547
1	5573	1735.589709603929	22.81898985361
1	5580	1739.2968497572	20.750613882439
1	5604	1749.062154937651	14.687291371519
1	5617	1753.190404842723	13.068259782041
1	5620	1754.33393716882	3.338046380785
1	5631	1759.991337408428	3.673583042226
1	5641	1764.153054406749	2.423054365324
1	5655	1772.485789620548	26.933919084024
1	5676	1779.494551881565	12.559125364176
1	5683	1782.472854378751	9.960860838068
1	5710	1793.067197752766	9.432031968492
1	5749	1804.868824589181	4.707423542044
1	5763	1807.701374595753	29.361972911751
1	5767	1808.680373909067	19.454420332215
1	5770	1809.970005706184	4.710707469145
1	5809	1824.382699256062	29.793265838408
1	5811	1824.693973777466	9.246477363516
1	5857	1838.563909970341	7.09004132508
1	5862	1840.59592847689	30.160430895399
1	5892	1850.029621695513	29.358788030103
1	5895	1850.470010601913	24.307020124047
1	5908	1854.864497395117	12.256579168957
1	5931	1861.374999564605	24.079895844449
1	5959	1870.358384613877	22.147734892553
1	5967	1871.398795181186	12.020332882413
1	5984	1876.483345450134	11.311389676295
1	5989	1879.209774109767	8.739706612891
1	6001	1883.003614920543	29.29022669385
1	6019	1890.064388060824	2.864982854924
1	6039	1897.958300239639	21.905605060282
1	6063	1904.90611710341	23.622162922867
1	6096	1915.946926073985	11.531783093815
1	6136	1926.405723474106	33.558671211477
1	6149	1929.636620397329	31.102176600485
1	6151	1929.87953089387	3.146608863026
1	6169	1937.079393533872	26.678032369702
1	6181	1940.512772669084	24.141878136202
1	6195	1944.815266240039	12.466487761472
1	6214	1951.154490997547	13.3603137522
1	6238	1959.198153776347	15.48992131208
1	6248	1961.052285000682	39.330499286765
1	6295	1974.47192765877	25.345683501918
1	6309	1978.788878672289	23.802352749278
1	6318	1982.121398921353	21.175535439279
1	6329	1986.465730491673	2.905487184529
1	6334	1988.462115479512	10.845926800392
1	6345	1993.060337607048	26.846621253761
1	6381	2004.313155901149	4.357190780109
1	6402	2009.964418225919	37.948788389331
1	6415	2012.775671724227	7.443707501982
1	6429	2017.130595466813	28.128711494846
1	6447	2022.825161986981	28.494170315564
1	6479	2032.492148518326	4.808154181112
1	6490	2034.416217859947	23.533534291084
1	6529	2044.886579009584	28.176201000926
1	6540	2049.038900266746	10.455852146376
1	6550	2051.083648112017	17.718442404992
1	6556	2052.245404578277	29.94644226716
1	6571	2057.623511164678	13.932033012388
1	6601	2067.964532972193	7.46872161061
1	6625	2075.14700664335	25.84206360497
1	6627	2075.636673117519	9.946489602095
1	6635	2077.570658688661	22.915592153788
1	6640	2080.482132681991	3.286008642171
1	6660	2089.904481724134	18.360264769057
1	6700	2103.239600298225	20.918694611872
1	6702	2103.904666048938	10.125751234592
1	6724	2110.671096203497	22.663245735574
1	6739	2115.517452906931	10.581442222815
1	6748	2118.768232302273	8.741653293606
1	6773	2126.628928686605	27.69226592232
1	6790	2131.816232215492	11.415831540128
1	6797	2133.315567452573	1.943834815523
1	6816	2140.726749491407	15.272259120595
1	6823	2143.014809151758	27.809571539633
1	6828	2145.057189401235	8.421553208725
1	6868	2160.317242215851	18.072107895279
1	6881	2164.355885500667	6.04936541582
1	6895	2169.176024903076	16.261905944442
1	6935	2180.194718627489	32.509932757123
1	6959	2186.543620862529	17.232434992213
1	6968	2189.035300943067	25.26229332178
1	6999	2198.808403837259	7.887320853537
1	7002	2199.671839869928	19.715637877468
1	7035	2208.144090702406	33.21684476419
1	7071	2218.562637156572	16.514529647306
1	7085	2222.265384045077	36.857793862349
1	7104	2226.91418580862	8.345503782039
1	7107	2227.653490110647	31.5349583606
1	7131	2235.559530116381	28.146132678491
1	7136	2236.876392289179	7.44097621541
1	7149	2241.056619681182	28.276599273784
1	7153	2241.52270239533	17.16925024276
1	7159	2244.513298636765	9.1937365185
1	7192	2257.006623803986	16.628809429823
1	7195	2257.524534196823	6.490841916297
1	7230	2270.556191068138	8.222692999988
1	7245	2274.533341725353	18.054888373939
1	7251	2276.580049517792	30.757486602522
1	7265	2281.539772334622	13.475901420578
1	7284	2288.759396080389	14.850089622661
1	7308	2296.335727405029	16.838006215167
1	7349	2309.182694264567	18.557956579025
1	7363	2313.307158764332	27.964049320785
1	7377	2318.079789712789	21.853570974666
1	7392	2322.400017421803	20.317749890148
1	7403	2325.254317891664	12.317072849372
1	7423	2330.461647336368	6.226006835467
1	7426	2331.377263629457	12.618814344868
1	7469	2345.678979069454	38.572231874334
1	7487	2349.904354545751	19.699479690289
1	7521	2359.207644503907	17.550284629569
1	7524	2360.274125797087	13.302009665522
1	7544	2365.248149441085	2.796997467754
1	7556	2368.52591376565	32.825968864374
1	7579	2375.692573762262	7.910959082423
1	7615	2385.359420092539	33.046120970509
1	7618	2386.053707540729	28.616903188172
1	7641	2392.791545057666	14.256972227013
1	7654	2396.101680467715	22.762188783729
1	7695	2407.248531577872	12.127933814889
1	7721	2415.757579561315	31.948123184727
1	7732	2417.655856864987	28.402480759656
1	7740	2420.512791758283	20.314339907724
1	7753	2424.550015136247	13.209765702836
1	7774	2431.713784252638	9.08903060609
1	7776	2432.208074740711	3.829414863255
1	7789	2438.87243823206	33.241313602192
1	7854	2455.97588606411	38.680499200242
1	7860	2457.272475230153	18.156649930984
1	7871	2461.559867627448	27.44845521287
1	7892	2466.260374374799	10.340905354008
1	7902	2469.036670894824	24.075785152149
1	7928	2477.124818049018	10.062716194545
1	7930	2477.372273504381	15.488955566311
1	7940	2480.848902643654	30.609904658981
1	7953	2485.038886106918	1.65660418605
1	7974	2493.097358194989	20.632075669359
1	7995	2500.07459761295	10.889117413899
1	7998	2500.675199410289	22.928571323047
1	8004	2502.42239466053	7.562359011732
1	8059	2523.491480652586	22.661888276807
1	8061	2523.515582635297	11.587002561429
1	8082	2530.502743171291	2.308300158009
1	8085	2531.297132511616	13.722277348626
1	8089	2532.973113948823	10.281118746264
1	8106	2539.941283248474	33.532507433437
1	8178	2560.594546809088	27.224219436988
1	8181	2561.089021399378	22.603762623619
1	8187	2563.746081178075	19.316613866019
1	8216	2571.742394461875	6.168936573319
1	8223	2573.998685782192	13.54189735174
1	8237	2579.249556473917	24.521215074928
1	8239	2579.30550248641	29.731171640101
1	8245	2581.521082727466	4.646792218088
1	8283	2596.293859376103	8.114740761929
1	8287	2597.279136599737	3.818874106045
1	8290	2598.051418262645	27.001525104161
1	8301	2603.480610695312	21.212749127646
1	8347	2620.939798068136	15.899141974632
1	8353	2621.696928289017	22.270671819337
1	8411	2638.547312707984	28.309015759848
1	8433	2644.732198380394	17.856998815899
1	8442	2646.66736393317	30.70120101015
1	8449	2648.547888412134	27.365396887295
1	8456	2649.7176670134	12.29739963915
1	8515	2665.384039500489	17.55086160288
1	8518	2665.869653290831	12.060110812308
1	8525	2668.819087925247	26.354269029224
1	8527	2669.259435724112	36.926592034403
1	8545	2675.323212004378	10.488464588415
1	8571	2683.066728406931	12.660685927491
1	8579	2686.121079984583	4.615674557863
1	8588	2688.44063587917	29.406522402656
1	8590	2688.524434429939	12.243265545811
1	8592	2689.572547926447	2.405661346973
1	8655	2717.23118009697	24.525508643126
1	8682	2724.867958003999	15.283801238633
1	8693	2727.471304055301	23.644273506246
1	8701	2730.185602652603	31.862246197648
1	8729	2738.755583105253	23.93080335471
1	8764	2748.076013920472	28.109677848286
1	8770	2749.413563522156	17.864733065594
1	8774	2749.913708624311	24.147585624248
1	8791	2756.298219066692	3.148106555804
1	8844	2772.480383208832	35.745836323476
1	8847	2773.086444030858	30.928492349686
1	8865	2778.034211575049	3.59282459924
1	8879	2781.413467296159	33.327453552742
1	8882	2782.39535747701	23.960224184907
1	8902	2789.004771230271	25.462748569435
1	8946	2801.964304258113	21.603385398399
1	8967	2806.956262881165	15.695441276534
1	8974	2807.828261154235	38.869434029564
1	8983	2811.750571399342	25.929222389708
1	9000	2816.872931315792	3.623057328863
1	9003	2817.747509059259	15.404469475383
1	9017	2821.969187465959	25.220990526957
1	9059	2834.548170979014	26.746574005229
1	9061	2834.605258474589	10.861855345546
1	9095	2844.836537776857	26.418503653837
1	9114	2850.987392713078	11.271842970744
1	9136	2857.187469439577	27.944538111565
1	9159	2863.761694237006	2.516133580474
1	9175	2868.083279480223	33.60576849035
1	9181	2869.743427905716	24.982511483598
1	9187	2871.972667920516	16.251286313752
1	9196	2874.168925581148	24.044990551076
1	9226	2885.456363791247	13.244633232592
1	9255	2893.644147830895	27.016781435929
1	9257	2893.700883471751	15.935093563397
1	9294	2904.203918812909	15.444623240851
1	9333	2913.070644043848	8.545824419474
1	9336	2914.428561532983	20.564939274336
1	9339	2914.873055396831	31.404114755336
1	9352	2918.380321386383	2.217709328397
1	9355	2919.195230863519	19.695403912337
1	9368	2926.035204141513	3.91137131548
1	9376	2930.054843966031	19.640160197509
1	9423	2947.633920086894	8.694200981991
1	9440	2951.798618543772	2.094664599862
1	9443	2952.558966161445	25.061062648658
1	9453	2955.103587569199	21.916973054641
1	9457	2957.135122830045	12.783063163981
1	9541	2984.912069121139	24.805094875861
1	9543	2985.249068125495	30.22086231259
1	9575	2992.750287461207	22.176171399537
1	9578	2993.939658327024	13.042394696735
1	9581	2994.793576328546	29.599426595262
1	9620	3006.086000393026	30.369990566864
1	9628	3007.579418494827	10.544962491374
1	9643	3011.052188220082	24.427196202452
1	9683	3020.996567864548	29.263577034114
1	9686	3021.780941950967	13.625875203986
1	9691	3024.431214360748	10.797075275098
1	9701	3026.919088360266	24.712625375366
1	9708	3030.11104810575	4.684814286767
1	9726	3037.813929606808	6.775092073601
1	9745	3045.80753324483	9.166935228509
1	9780	3056.750595779036	37.276177632272
1	9834	3070.205372469726	16.985858268568
1	9837	3070.894016171333	23.321235906563
1	9844	3074.085491157484	31.660267067493
1	9853	3077.350211084586	7.95188904065
1	9870	3084.512094023517	26.231346461573
1	9872	3084.887260421407	9.981043652864
1	9908	3096.670702189085	10.525120781152
1	9917	3097.79128708911	17.563811501371
1	9924	3100.259440888296	8.411308354116
1	9950	3108.710645291249	6.103847909252
1	9967	3114.819518201863	50.740071467007
1	10008	3126.577362844947	6.90078841336
1	10010	3126.967522214045	18.371127847233
1	10019	3129.989085753091	32.70359716343
1	10056	3141.26486156054	27.043425074199
1	10087	3149.088841979154	17.598890876165
1	10096	3152.984263988324	27.350339099184
1	10115	3157.519571099077	9.732711874765
1	10123	3158.377814128175	5.171807330219
1	10125	3158.992176739725	16.395578927825
1	10130	3160.869341453182	2.564971544663
1	10142	3167.794480485022	30.954337213771
1	10160	3175.46220263163	11.852700176649
1	10182	3184.780725423125	15.299001789536
1	10219	3195.164459551795	19.951209378312
1	10242	3201.297707341024	3.546873320476
1	10267	3208.008404174116	21.556023702026
1	10274	3208.882243772148	27.813393479562
1	10281	3212.152691382094	3.326784235541
1	10289	3214.323001316277	22.554957571439
1	10324	3226.92458691331	13.013543838169
1	10341	3231.787152397325	28.695498806541
1	10358	3237.055291693536	17.935958566726
1	10377	3242.482490516262	5.690432212082
1	10406	3252.10859284817	9.680214200516
1	10416	3254.882268446027	29.93710204633
1	10424	3257.054597782548	26.251001955359
1	10446	3264.415418106823	16.681622961767
1	10461	3269.073377480143	4.551722779521
1	10476	3273.661053727493	20.136938358774
1	10508	3283.823556084995	2.782557396102
1	10529	3290.022491667881	31.145086713136
1	10565	3300.340817906655	7.835870886687
1	10567	3300.811517792282	25.768744225846
1	10574	3303.468577761779	33.677619802881
1	10627	3318.067090815275	31.222849162643
1	10647	3323.861840251477	25.507348827202
1	10649	3324.080658246639	14.713780485209
1	10656	3326.839049982831	5.724267367739
1	10662	3327.66950608801	23.631675643498
1	10710	3343.735309192324	28.556650508081
1	10744	3352.426038419005	8.317606411524
1	10746	3352.510925076897	25.542996700855
1	10752	3354.586342774325	21.737199004041
1	10763	3356.679835072595	7.493573546526
1	10778	3362.059803256176	23.581499913591
1	10786	3365.807973362151	11.171648464051
1	10822	3379.476488939014	2.914944670629
1	10840	3384.1664994877	24.137096985127
1	10859	3390.19367587787	24.213381734096
1	10866	3392.246647101705	4.726767227404
1	10899	3401.924121712794	3.77754324535
1	10902	3402.58786622015	31.119388423627
1	10914	3406.417923569088	24.805582618688
1	10916	3407.361041099408	14.78868150094
1	10945	3418.888966219959	14.804855898722
1	10956	3422.423499502119	7.502573397128
1	10983	3431.398116389164	11.225306824663
1	11007	3439.27071831491	29.925048753386
1	11010	3440.021329660543	3.704021220212
1	11057	3454.855887230943	29.545268085319
1	11059	3454.966053737902	24.092205270543
1	11061	3455.046060924993	7.58477460465
1	11086	3466.630206194349	2.215342275449
1	11088	3467.328047239562	25.455176019691
1	11126	3480.27382959867	4.457481330028
1	11156	3488.602156740956	30.172265590985
1	11159	3488.860639623243	18.819278181881
1	11172	3493.697451786249	41.01580719522
1	11187	3498.226285434435	16.996135947177
1	11254	3518.059001496751	25.864801590563
1	11261	3519.208638906589	32.784543001444
1	11303	3529.870192555819	32.53547923395
1	11306	3530.340050191609	27.835034859832
1	11333	3538.094683127353	24.945592336008
1	11337	3538.898787240023	4.074526479933
1	11359	3545.37516812374	37.59939991613
1	11372	3548.324764317126	8.175106332871
1	11405	3556.863033384892	27.274034318399
1	11408	3557.732862989758	33.504442971548
1	11418	3561.177992322938	42.799290230031
1	11426	3562.582765649645	6.09106707049
1	11437	3567.093785623427	16.057648045126
1	11455	3573.261597299707	10.981123964536
1	11486	3581.587207164372	13.346120056462
1	11500	3584.773138700278	11.371053548298
1	11502	3585.098648693869	39.657470889855
1	11514	3589.395639413142	10.641903587732
1	11549	3602.819820547933	13.462337671081
1	11551	3602.866951302385	19.093898257708
1	11556	3604.347637468939	9.62058276101
1	11563	3606.84044666401	1.457687106682
1	11573	3613.202810848702	2.799490716191
1	11598	3624.241103957045	23.928593427522
1	11629	3635.550175387168	19.983053917298
1	11654	3642.14500544219	15.213288426864
1	11659	3643.574210982642	10.738456591149
1	11668	3645.51553516438	23.971227027243
1	11703	3657.165700203262	2.323747420218
1	11719	3661.637079361464	23.692712629795
1	11743	3668.808637083962	8.75310359383
1	11747	3669.873855340983	26.076633010061
1	11755	3672.042365660994	23.184128580264
1	11778	3682.166929433342	5.57714507426
1	11794	3687.130119617784	15.641422592569
1	11825	3696.53453569928	30.534881028114
1	11861	3705.880297214481	17.667801339879
1	11898	3715.518688432514	32.962266499761
1	11919	3720.337353008907	27.006604405006
1	11941	3726.846252953041	28.149108672631
1	11969	3733.970805240669	19.727456483875
1	11985	3738.700659781448	29.518770338034
1	12004	3743.623236291448	2.369579340913
1	12028	3751.030761705585	47.114441080602
1	12031	3751.922877506343	32.413608023199
1	12044	3754.173786944233	29.480686403578
1	12050	3756.363769386769	26.286183006248
1	12060	3758.406177049376	11.879533035798
1	12120	3775.616822952626	17.816062935627
1	12125	3777.135929814997	41.271080200563
1	12133	3779.36381724208	15.951138831093
1	12154	3785.613868720701	33.504055301774
1	12176	3790.863349676004	21.939764898618
1	12181	3792.503955119164	12.390716434341
1	12185	3794.227540801386	19.981527904864
1	12227	3807.188881689902	16.61649960023
1	12252	3812.483315073174	27.17703850148
1	12254	3813.789571385821	11.751008528983
1	12287	3825.208343064752	29.070552053512
1	12305	3830.091761060167	22.838070795756
1	12352	3843.979618381117	21.436807477963
1	12354	3844.07077808747	31.774208783172
1	12383	3851.282802455932	33.875541203771
1	12389	3853.18288058286	25.514566408353
1	12412	3859.403932165578	14.780821785331
1	12431	3863.802859227279	24.461896000313
1	12451	3869.326838466445	35.74049089814
1	12487	3877.60369732067	16.397316580639
1	12489	3877.737557476376	27.968955456046
1	12499	3881.535089957984	26.051232532599
1	12508	3883.719865287877	17.420725519303
1	12525	3889.413035458059	17.992883296333
1	12529	3890.296238970349	13.641111064351
1	12566	3901.844561483002	19.503078187582
1	12586	3908.760931522693	3.616165286512
1	12607	3914.740046920476	21.048953995805
1	12610	3915.040274876511	4.619642763748
1	12615	3915.516550846854	16.05431141681
1	12620	3918.58076326583	30.524238160695
1	12624	3921.40704708208	5.898132521543
1	12640	3929.806410789831	2.862496759161
1	12650	3934.934130551052	2.563157786382
1	12665	3942.915278755934	21.40887376049
1	12712	3959.504375124576	21.429934557761
1	12727	3962.977172563311	13.574239183683
1	12730	3964.492536928848	20.862327014447
1	12742	3967.369514727726	7.028431241867
1	12765	3976.264578279682	21.527443637023
1	12769	3977.287247109453	5.479767150013
1	12796	3987.424760980175	4.011963962227
1	12810	3992.873943856911	4.1677945673
1	12812	3992.99961922515	26.769458561554
1	12819	3995.050724445138	17.387130253018
1	12832	4002.758621256792	8.700193306897
1	12856	4013.639208531117	8.136720767594
1	12881	4021.957250780072	21.996231477127
1	12926	4036.32413786044	25.390352650549
1	12940	4040.123070915222	13.00204703398
1	12943	4040.494411095272	18.871481244453
1	12959	4045.797730086247	29.482884339638
1	13027	4065.51028298516	32.741446306929
1	13037	4067.010007697968	23.576634547559
1	13046	4069.1985870588	31.275115530236
1	13050	4070.669929306833	10.097622672679
1	13083	4081.458915124989	32.144855180172
1	13103	4086.78811056108	10.055207183467
1	13111	4088.578169826527	33.458845146581
1	13171	4104.656910402347	33.484435235035
1	13204	4113.095250173465	30.907304759602
1	13214	4114.911718095998	26.733975432233
1	13221	4116.726416740561	17.972399580758
1	13238	4121.010002767427	54.98066706443
1	13283	4132.584667125245	18.149658811045
1	13287	4133.46555335365	24.042426390921
1	13308	4139.922818720804	35.730477270906
1	13317	4142.050251126283	48.579390832688
1	13344	4149.254215845486	12.720737778933
1	13358	4153.370148997165	33.199754316242
1	13380	4158.869728277081	33.509174773817
1	13384	4159.758459460916	17.913294600555
1	13401	4164.452758235623	33.355282266163
1	13408	4166.471658588032	19.591761705814
1	13462	4180.808557974866	28.599021567495
1	13486	4189.308797830364	4.075789958589
1	13488	4189.525287533292	31.555261810195
1	13492	4190.801902536531	27.589582290733
1	13503	4192.826821692052	24.399125656114
1	13505	4193.323136512537	13.962534916472
1	13531	4202.92326759442	6.005129305763
1	13571	4215.752671940483	13.82332209265
1	13582	4218.578659432821	11.377570507699
1	13586	4219.328936395699	28.312348163688
1	13597	4223.035083542109	49.331328290981
1	13623	4230.035838114211	2.420599890523
1	13627	4231.843121013834	19.530356389005
1	13669	4244.074772458637	11.439676232985
1	13675	4245.481665522325	28.112549445361
1	13681	4247.592592562197	25.17390092311
1	13721	4258.403578144612	5.042095664074
1	13740	4262.920579575001	19.853989443976
1	13750	4265.1995284704	27.25751459389
1	13760	4268.713275968443	10.025377442245
1	13770	4271.815813187624	7.822573420243
1	13786	4277.786155898123	29.685745489785
1	13831	4291.868853815014	22.422893119161
1	13843	4296.773659544528	21.794243047246
1	13855	4299.483725461058	18.767867741757
1	13868	4303.138895002074	6.092579501332
1	13898	4312.373661176414	20.693165815551
1	13906	4314.133740413465	6.040433478309
1	13913	4315.703831113173	29.633787854807
1	13920	4319.04938918247	16.909710257198
1	13941	4327.422350526785	13.833261073568
1	13962	4335.265913077279	11.077680228629
1	13984	4341.436042554092	22.315181330197
1	14019	4351.780479010309	21.911079771236
1	14048	4359.560978615303	12.460443331975
1	14065	4364.463510968835	28.67456449347
1	14076	4368.899425817302	4.870321489987
1	14082	4370.191152497773	28.875095511902
1	14097	4376.883431420774	24.685654025407
1	14126	4385.872736389395	27.732737437471
1	14137	4388.282747266462	18.643939603236
1	14146	4390.934814660808	10.514208743814
1	14156	4393.671076354917	18.424527419148
1	14176	4402.268443260923	15.857897244511
1	14191	4406.71898654825	14.588386677905
1	14196	4409.022456702425	5.543842296698
1	14203	4410.383905823225	12.61834745959
1	14261	4432.184971775625	23.1471090985
1	14270	4434.164843439589	20.034092800693
1	14318	4446.495923370234	27.212637224348
1	14338	4451.531659379947	27.136700884554
1	14342	4452.388240846687	22.824238526286
1	14346	4453.719843265598	18.980108500691
1	14352	4456.005470856207	4.858826578012
1	14359	4457.775015711084	17.259904593928
1	14376	4464.264409551861	1.733630854171
1	14389	4468.983114405416	11.97729895485
1	14393	4470.447211337622	24.561492335632
1	14421	4483.907830249517	4.095177454642
1	14451	4493.104136016101	24.742391050443
1	14457	4494.979676163055	3.629497023533
1	14465	4497.01872596214	22.744245109145
1	14467	4497.093262777895	11.556734150975
1	14499	4512.422723800756	15.791112700826
1	14545	4525.775084149207	23.417616307852
1	14554	4527.972240685133	9.637250804924
1	14569	4532.673262463531	25.049870165414
1	14579	4536.122162521348	22.788763790158
1	14589	4540.184277478486	4.769519209046
1	14651	4557.377605898072	16.664992942243
1	14663	4562.119518377931	37.936518704401
1	14672	4564.189343295408	1.586503223633
1	14675	4564.446756610992	34.413397184921
1	14693	4569.513165811891	22.883844320314
1	14732	4580.78370574524	6.970499843243
1	14737	4581.972957054149	24.684329809386
1	14746	4585.250352456464	17.095990211702
1	14748	4585.929336872182	34.186901205451
1	14753	4588.525011104296	9.339385336497
1	14802	4606.603880122534	21.560735109029
1	14818	4610.644484155808	19.890299774938
1	14832	4613.689456979741	17.6886847876
1	14879	4626.646949942453	19.7510449565
1	14901	4632.801940078498	20.894551745734
1	14903	4633.258163899529	31.376000560469
1	14909	4633.89093779493	5.261707695434
1	14918	4636.858644086635	14.215337706033
1	14947	4646.014524883356	28.950767484493
1	14956	4649.592182985504	10.506615553981
1	14965	4652.077743678934	18.313005270087
1	14980	4657.550346795817	2.160913215135
1	14983	4658.439262498636	14.051994305804
1	15026	4675.210416915825	25.329978467431
1	15065	4685.282742980751	23.966566579534
1	15103	4696.170803822693	29.159242038267
1	15118	4700.457320128102	27.538238117706
1	15121	4701.628245187454	12.839493848847
1	15147	4709.101204368868	9.065876191367
1	15157	4711.473502842471	16.709437861336
1	15160	4712.321558380032	34.186312919948
1	15204	4724.990469623938	19.721268055379
1	15207	4725.390740111119	14.259238241356
1	15215	4728.234452515955	11.363725179224
1	15243	4739.493625826782	11.924566793604
1	15260	4744.909633093163	61.55590552243
1	15312	4758.322669078944	36.242650378612
1	15316	4759.34848060156	26.052350287558
1	15328	4761.687522395164	17.700934142923
1	15331	4762.223334193927	12.798139123014
1	15350	4768.601913646443	30.150606470298
1	15360	4770.859930131234	11.047070126632
1	15380	4777.146740398019	6.802418260486
1	15383	4777.939594281718	23.209555517532
1	15401	4785.128968515201	20.180112357486
1	15420	4790.995383476371	10.361343850382
1	15434	4796.161582765051	20.79148391576
1	15442	4797.982671163624	11.701620526495
1	15456	4804.610920279983	12.396052398253
1	15463	4807.709901314809	10.370378740714
1	15501	4820.517435092476	17.893239162628
1	15529	4829.125723701435	4.331519103842
1	15531	4829.27647684258	15.531195969551
1	15546	4835.187713719204	5.144045518478
1	15548	4835.346794294193	15.736692948501
1	15557	4838.110877491883	30.260834992748
1	15596	4853.489519537774	18.057863450725
1	15611	4858.425592700249	6.101758182979
1	15613	4859.358980761956	18.147702010465
1	15630	4866.014489119403	19.551752108613
1	15647	4872.962168352559	14.831883031758
1	15679	4883.544543641151	3.503714867402
1	15694	4888.203685120677	2.511983849341
1	15711	4892.619246112178	18.153985875424
1	15718	4894.885679626369	25.938133727992
1	15721	4896.083525460444	4.80537916231
1	15723	4896.586302930719	33.289667299017
1	15736	4903.213703726765	6.196185471606
1	15757	4913.855326102113	6.374625172698
1	15769	4919.088433278841	17.040298272508
1	15805	4933.191757048131	8.413042285132
1	15825	4938.40605870029	25.362837402152
1	15836	4940.911605389205	21.971415902371
1	15844	4943.331606929305	8.253357681329
1	15870	4952.324288041096	22.535537175368
1	15919	4964.997231343063	13.350158061833
1	15924	4966.294476390114	20.096902180693
1	15926	4966.535903550918	25.758547968466
1	15955	4976.10364392772	13.529135444431
1	15969	4980.526830599526	23.217070779646
1	15989	4986.757460512222	18.255082544173
1	16010	4992.585425590049	18.812214676407
1	16041	5000.72241121542	21.899198302182
1	16068	5007.393255033764	11.97507168958
1	16087	5013.083382224548	28.433834577794
1	16095	5016.145126903547	25.833195139072
1	16141	5031.290942647031	30.364677652951
1	16147	5033.20448715263	21.597462551434
1	16168	5039.060912378484	21.551007478383
1	16183	5042.622359847883	19.46056467574
1	16189	5044.30105822813	37.967429916609
1	16224	5054.055841234283	20.395244472429
1	16251	5060.945232996021	21.654772217852
1	16260	5062.590003028864	11.888148948202
1	16272	5066.220236210387	37.886496715481
1	16307	5075.909463061139	31.138900391642
1	16338	5084.537177369118	17.143287716318
1	16341	5084.807343103111	23.161559071975
1	16351	5087.606580584897	31.895505702708
1	16406	5101.808540324449	23.300929259275
1	16418	5105.470173901765	32.944459628664
1	16425	5107.603337046811	23.666729372346
1	16432	5109.135673891522	20.090469349641
1	16435	5109.519683997266	15.307589373435
1	16444	5111.466546120242	12.155171865715
1	16454	5115.955918312309	5.531170923497
1	16485	5127.379411024509	6.150252783904
1	16503	5132.70485364739	28.022167455404
1	16506	5133.620114158025	7.060004686354
1	16508	5134.215380361772	18.669293813408
1	16576	5157.314811507708	25.430691803806
1	16584	5158.584615496804	9.990184304421
1	16603	5163.835730136025	9.384317088523
1	16605	5164.036713380021	26.440318761744
1	16641	5175.86489982391	33.101061252179
1	16673	5183.808620656492	23.898851605713
1	16676	5185.048781230816	14.079824616901
1	16701	5193.484148855324	17.167220632547
1	16706	5194.495028852136	2.029231111169
1	16708	5195.62906959071	30.14145643753
1	16723	5201.902830003297	3.715508228867
1	16785	5219.743389852463	38.093988928129
1	16792	5220.860624894499	34.007789535213
1	16816	5228.76792276837	19.69418966351
1	16837	5234.1307098025	30.695052306167
1	16842	5235.905876461068	10.169148702057
1	16854	5239.307476778284	24.944252588554
1	16859	5240.78228995728	9.611092123319
1	16869	5243.729367383408	23.802446263027
1	16889	5251.837839697955	15.488183977315
1	16923	5261.726197869053	9.802228170214
1	16932	5263.608950654396	22.22990306525
1	16983	5277.611457243331	20.637206303654
1	16997	5280.836107827376	33.992003349471
1	17005	5283.069448216705	20.772002751823
1	17051	5295.561511982699	28.023762451716
1	17060	5298.10140695237	19.675804299071
1	17105	5312.69617460645	6.551045007073
1	17116	5316.015167147505	31.955754176364
1	17121	5317.318517993207	44.206133858068
1	17128	5318.869406851476	23.667510217056
1	17167	5330.582941742035	7.966021224276
1	17170	5331.097613891936	30.540288990711
1	17189	5336.890925605086	47.189133812442
1	17216	5343.915684320616	26.404372511082
1	17235	5348.564076746701	20.734044171988
1	17249	5351.848633959426	39.803127301625
1	17274	5359.508898900125	14.546072130324
1	17285	5361.500214581615	27.884626121961
1	17295	5365.172102573562	26.071592440595
1	17305	5367.753353946495	11.909119503456
1	17315	5371.090482459523	10.093226327212
1	17323	5373.437647257002	6.69673521351
1	17344	5382.047457154959	9.791160123306
1	17354	5385.534784047052	35.376214202843
1	17365	5389.289032393603	11.034649228211
1	17437	5410.795027808639	27.280995582813
1	17458	5416.250597137262	22.010460552992
1	17465	5417.991905842092	28.795562458803
1	17471	5419.155743545739	19.423676866456
1	17495	5425.276369911739	9.726439576015
1	17544	5437.36653799366	10.702616185764
1	17556	5439.858315821618	34.735745232663
1	17573	5443.390523366051	22.69656386564
1	17575	5443.604298217109	5.565488718566
1	17578	5444.90596676886	34.747171482654
1	17628	5465.231860426717	33.152721411542
1	17670	5475.894039013777	15.422381032143
1	17688	5480.703144485601	25.645155576524
1	17690	5481.164411232693	4.289291877182
1	17698	5482.374427129169	33.27835987776
1	17725	5490.849732932405	8.714661459438
1	17729	5491.590442624753	48.480296846121
1	17748	5496.225619326931	25.229211682104
1	17757	5500.031750032565	12.274626629077
1	17776	5511.33446340566	18.151715239277
1	17788	5522.98522679251	56.990523373698

