version 3
run General-6-20240430-20:30:43-5479
attr configname General
attr datetime 20240430-20:30:43
attr datetimef 20240430-203043
attr experiment General
attr inifile omnetpp.ini
attr iterationvars $0=true
attr iterationvarsd true
attr iterationvarsf true-
attr measurement $0=true
attr network Supermarket
attr processid 5479
attr repetition 6
attr replication #6
attr resultdir results
attr runnumber 6
attr seedset 6
config network Supermarket
config repeat 10
config num-rngs 10
config **.use_random_strategy true

vector 0 Supermarket queueSizeOverTime:vector ETV
attr recordingmode vector
attr source updateQueue
attr title queueSizeOverTime
vector 1 Supermarket customerWaitingTime:vector ETV
attr interpolationmode none
attr recordingmode vector
attr source customerFinished
attr title "cust waiting time"
0	7	5.218645046931	1
0	16	10.993296351051	1
0	27	16.316479026806	1
0	38	20.555667197565	0
0	44	22.05755218654	2
0	52	27.40889577975	1
0	56	27.45580614172	1
0	59	29.132450048581	0
0	65	32.131823120056	0
0	70	33.386829440716	1
0	79	38.557195039933	1
0	89	43.024628398591	0
0	95	44.420140430333	1
0	112	50.294581991156	2
0	113	50.537038501934	1
0	117	51.476677407976	0
0	122	53.260256399401	0
0	128	56.287041219884	1
0	139	61.728591052351	2
0	140	62.323671296473	0
0	147	67.015211560066	1
0	156	72.058288461297	2
0	168	77.694350997453	3
0	170	78.98627694906	1
0	173	80.448609844551	0
0	179	82.774784087903	1
0	188	87.915366656847	4
0	199	93.20838490897	2
0	200	94.736030271977	1
0	209	99.158514181153	2
0	217	104.477438335306	3
0	222	105.117900072598	1
0	227	107.044435488643	1
0	239	110.482492261334	1
0	248	113.689585007726	2
0	263	116.470505662729	2
0	277	120.648665002666	1
0	285	122.24016346736	2
0	294	124.619147842867	1
0	302	126.354230522643	1
0	309	127.280092730654	2
0	330	133.169384752402	2
0	349	138.180970295567	2
0	354	139.79469788936	1
0	356	140.343604263736	1
0	358	140.563848266259	0
0	369	143.832907603124	2
0	381	147.836619928016	1
0	388	149.277513488896	1
0	410	155.04143201979	3
0	418	157.108655771591	0
0	426	159.729027863244	2
0	432	160.900995981182	2
0	446	165.656685798199	0
0	451	166.331863892964	3
0	454	168.422447941735	2
0	464	171.732849588153	3
0	478	177.057187919972	4
0	487	182.020660484679	3
0	491	182.380517429906	4
0	494	184.783458677471	1
0	503	188.020353794797	1
0	518	193.33466174407	2
0	519	193.386983954932	1
0	536	199.172752201558	5
0	542	202.100451149632	4
0	552	204.709865286249	5
0	568	210.117905873108	1
0	588	215.589838429355	2
0	596	217.418948877373	0
0	598	217.973948401051	0
0	607	221.316857378232	1
0	610	222.909483514494	1
0	619	226.579643787472	4
0	625	227.042928179028	5
0	639	232.43560745474	2
0	654	238.284388488392	1
0	655	238.445394109003	0
0	669	243.519194699242	0
0	673	243.67094967654	1
0	689	249.118737730896	2
0	692	249.876443611927	4
0	703	253.362416395688	1
0	709	254.361528640613	2
0	722	259.272014351097	1
0	727	260.01323671313	1
0	745	265.016654316802	5
0	748	266.16058898205	4
0	767	270.643989257049	2
0	785	275.917592199985	2
0	794	278.232922612341	3
0	797	278.400875689815	1
0	799	279.118033470702	1
0	808	281.720455812756	2
0	820	284.905798925902	0
0	830	287.046038987581	3
0	836	289.293470923328	2
0	838	289.837719493196	2
0	843	291.172193640732	1
0	846	292.038550696454	1
0	851	292.820968059125	2
0	866	298.532465755242	3
0	870	300.297441905365	1
0	883	304.132458172507	2
0	896	309.547130179127	3
0	901	311.023214992486	2
0	906	312.318597663312	0
0	914	315.360930606724	4
0	915	315.68274998176	1
0	925	320.20266612771	3
0	929	320.757687650156	2
0	941	326.584838629002	4
0	954	332.077558644349	5
0	964	337.262537936913	3
0	973	340.75333424693	4
0	975	341.857589672436	2
0	980	342.430891160155	1
0	997	347.596640449018	3
0	1010	353.055448363888	3
0	1014	353.141766697868	2
0	1023	357.826846382585	2
0	1030	359.11480198335	1
0	1047	364.326000903734	3
0	1057	367.705982565994	2
0	1065	369.549338044832	3
0	1083	374.954964357544	2
0	1088	375.155126776547	3
0	1096	377.551377171068	0
0	1100	378.450269275576	2
0	1108	380.3794793766	4
0	1110	381.289417536463	1
0	1112	381.308799085795	3
0	1126	386.185366208666	4
0	1138	391.311732818612	3
0	1145	392.018657439855	4
0	1157	397.296403276968	5
0	1160	397.519899494132	0
0	1164	399.658324006952	4
0	1173	403.068292749814	5
0	1177	405.914618236477	1
0	1183	408.678347335662	0
0	1188	408.977498808178	6
0	1194	414.610029926292	1
0	1203	420.372403330171	0
0	1207	420.58539821813	7
0	1210	423.52028774401	6
0	1215	426.397789436161	1
0	1228	431.696356793401	7
0	1239	437.256995489822	8
0	1251	443.110376313563	1
0	1252	443.54827297212	7
0	1269	448.674716916402	2
0	1277	452.086999738473	0
0	1283	453.744131201181	1
0	1296	459.400139105275	1
0	1298	459.51911255136	6
0	1302	459.591692270014	2
0	1317	465.030313071796	1
0	1330	470.038973642514	0
0	1333	470.415880724673	0
0	1337	470.765956426041	1
0	1353	476.104479006493	7
0	1367	481.328378384236	1
0	1370	482.104632498007	6
0	1383	485.682657146709	1
0	1391	486.953215877061	7
0	1408	491.896707892769	0
0	1412	492.088387781522	8
0	1413	492.35372799694	7
0	1424	497.079160908478	6
0	1426	497.152729117547	0
0	1430	497.541871534894	7
0	1433	500.020291150896	0
0	1440	503.26996375993	1
0	1445	506.494211284452	6
0	1451	508.494004716166	1
0	1470	514.372965922813	1
0	1472	515.36012461922	5
0	1489	519.386282061693	6
0	1492	519.733361283552	0
0	1506	525.088753218298	2
0	1510	526.146857221961	1
0	1513	527.970139903016	0
0	1519	530.518651907217	0
0	1524	530.937619362493	7
0	1531	536.196790282615	1
0	1542	542.022145961412	1
0	1544	542.210980036073	6
0	1555	546.467558298144	0
0	1559	547.123722490515	5
0	1564	547.707319934387	2
0	1574	552.836575811962	1
0	1592	558.540314854356	3
0	1594	559.075941142743	0
0	1596	559.666065074048	4
0	1606	563.895196442726	1
0	1608	564.667568787583	2
0	1622	569.372120408342	3
0	1637	574.518682117575	2
0	1652	580.330852367451	1
0	1653	580.621650458196	2
0	1673	585.990332373652	2
0	1679	587.474197806801	3
0	1682	588.360292913045	1
0	1695	591.24519769475	3
0	1706	594.321146978774	2
0	1717	596.563987331233	3
0	1734	601.705453296893	2
0	1739	602.034002686386	3
0	1742	603.080874168323	2
0	1759	607.922881214415	3
0	1764	609.836560154914	2
0	1781	613.487707345049	3
0	1784	614.619045431497	0
0	1796	618.567110813224	4
0	1801	619.89127829531	2
0	1815	624.115113191075	3
0	1826	629.150102491492	5
0	1831	630.20089555252	1
0	1835	631.812321803767	4
0	1840	633.245324104801	2
0	1848	635.122159645196	2
0	1850	635.134287480615	3
0	1856	637.058946640111	1
0	1858	637.842889469346	0
0	1867	640.225659735968	3
0	1878	645.457766975743	4
0	1879	645.51278557769	3
0	1882	646.584925635261	2
0	1893	650.654970112956	3
0	1898	654.506375682309	2
0	1905	656.217167816126	1
0	1923	662.111118364847	2
0	1926	662.861332458445	1
0	1935	666.416702704162	2
0	1940	667.333831095836	1
0	1956	672.745929932455	3
0	1974	677.861868956592	3
0	1975	677.948360379668	0
0	1991	683.823024715064	4
0	1992	683.832519861405	0
0	2004	689.046397068305	1
0	2007	689.866079121015	3
0	2010	690.407940311359	2
0	2021	694.234129579039	1
0	2028	695.80587153999	2
0	2045	700.142667253734	3
0	2056	703.207954003251	1
0	2064	705.672444979552	0
0	2069	706.111350829247	4
0	2084	711.568417448084	2
0	2085	712.498908102862	0
0	2094	716.756460548847	1
0	2098	717.180351812159	1
0	2102	719.039666877828	3
0	2114	722.438076917314	1
0	2123	725.120995922945	0
0	2132	727.509083609329	2
0	2150	733.270162893459	2
0	2163	738.898705235685	1
0	2167	739.269232212798	1
0	2181	743.813108214294	2
0	2183	744.018682922003	1
0	2188	744.3346671639	2
0	2212	750.068601687438	3
0	2231	755.904305251082	2
0	2240	758.563381945714	1
0	2242	758.622983437846	1
0	2252	761.171045296359	2
0	2256	762.144945211712	2
0	2259	762.928539944463	1
0	2274	767.145475435768	2
0	2292	772.185527038992	2
0	2294	772.899817033321	1
0	2300	774.34901723382	0
0	2311	777.401220179162	1
0	2328	782.315681384529	1
0	2334	782.557608094298	3
0	2338	784.184250901222	2
0	2354	787.874100107466	2
0	2356	788.699149418624	0
0	2360	788.815019581349	0
0	2370	792.984498430741	3
0	2381	798.891091280616	1
0	2398	804.409636859781	1
0	2401	805.33002747083	0
0	2406	807.133609118288	1
0	2413	809.475520812091	2
0	2417	809.758460783864	2
0	2427	814.590069046011	1
0	2434	815.756262101697	1
0	2444	818.663837905157	1
0	2457	821.145476094678	2
0	2474	826.5114829652	0
0	2478	826.577868614577	2
0	2483	829.452987407916	1
0	2488	831.097447289502	0
0	2495	832.209767428458	3
0	2502	837.802494230564	0
0	2507	838.09235746227	1
0	2519	843.440181352662	1
0	2527	847.240278788257	2
0	2530	847.804843825404	0
0	2532	847.835446203008	1
0	2537	848.953528048934	1
0	2543	851.272041161774	0
0	2553	854.884160079525	1
0	2557	856.798842424641	0
0	2568	860.48993020877	2
0	2579	865.730069232404	1
0	2598	871.466226724673	1
0	2599	871.662769742542	1
0	2622	877.196014639454	2
0	2623	877.21144446975	0
0	2640	882.372413086237	3
0	2658	888.339571170972	4
0	2673	894.03105233493	2
0	2678	895.559095600268	0
0	2682	897.702356031046	1
0	2684	897.885374111939	3
0	2689	899.302813704821	1
0	2709	905.179559511362	1
0	2728	910.338053032985	2
0	2736	912.952992936944	1
0	2750	916.130333772624	2
0	2759	918.763317772073	2
0	2763	919.779141960665	0
0	2772	921.463853274003	3
0	2776	923.105963894747	0
0	2787	926.76596601633	3
0	2795	931.866980286434	2
0	2799	931.910691851048	3
0	2811	937.719070750052	1
0	2813	938.631564905404	2
0	2821	942.041761442435	2
0	2823	942.144982975904	0
0	2829	943.396205746798	3
0	2841	949.355411467372	1
0	2857	954.586372006681	4
0	2867	959.140422845846	1
0	2871	959.673211152662	2
0	2878	962.068819179898	3
0	2880	962.072282827581	0
0	2889	964.799064038085	1
0	2892	965.695331270923	2
0	2906	970.423105050573	2
0	2919	975.629917594833	3
0	2935	980.771317207483	3
0	2938	982.13804711075	2
0	2950	985.954098784128	4
0	2956	988.612243853155	1
0	2959	989.818691022463	1
0	2969	991.446646517139	1
0	2991	997.134954196863	2
0	2994	998.15002784377	3
0	3014	1003.033971833993	3
0	3020	1004.428909683831	0
0	3035	1008.680145255519	4
0	3046	1012.981607911179	0
0	3052	1014.559252870964	1
0	3058	1017.460735184602	2
0	3066	1019.762714368869	3
0	3070	1020.192598986436	1
0	3081	1023.581943770167	2
0	3091	1026.066754277326	2
0	3109	1031.322087260658	2
0	3130	1036.472000832666	3
0	3151	1041.671200070294	3
0	3155	1043.010569919945	2
0	3157	1043.505686994057	1
0	3159	1043.883528532458	2
0	3173	1046.800172463755	3
0	3194	1052.359194962771	3
0	3200	1054.254007878827	0
0	3204	1055.716791559705	2
0	3214	1057.465980014528	3
0	3219	1059.845011247319	2
0	3221	1060.130223313459	2
0	3225	1060.914513453373	1
0	3235	1063.370294102465	2
0	3251	1068.374447861451	3
0	3256	1070.244698958004	1
0	3259	1070.513469797554	2
0	3265	1072.77597182651	1
0	3270	1074.066678706554	3
0	3286	1079.325278060508	2
0	3295	1083.756887739402	0
0	3300	1084.358519272876	3
0	3302	1085.328705108372	2
0	3314	1089.546482412607	1
0	3321	1092.723218436582	1
0	3330	1094.814537860217	4
0	3344	1100.077920220091	1
0	3354	1102.52048011089	3
0	3364	1105.427434755719	2
0	3370	1106.897426341075	2
0	3378	1108.852425884451	0
0	3386	1110.717701262791	2
0	3399	1116.083627577635	3
0	3405	1118.10550270823	2
0	3408	1118.975781018028	1
0	3414	1120.664132864794	0
0	3418	1121.111457850548	3
0	3427	1126.244493083094	3
0	3429	1126.748959068089	2
0	3437	1130.755127173031	2
0	3441	1131.387372168709	1
0	3454	1136.661701033936	1
0	3459	1136.884406748224	2
0	3465	1139.078638355826	0
0	3472	1142.357639968393	1
0	3476	1142.454211457629	2
0	3478	1143.267791374701	1
0	3480	1144.452963782122	1
0	3490	1148.221098226259	2
0	3502	1153.569767992242	3
0	3505	1154.733366337718	2
0	3515	1158.716598764757	1
0	3530	1164.228268977484	3
0	3537	1166.793782288092	0
0	3545	1169.888796917159	1
0	3561	1175.866819038052	2
0	3568	1178.310064997756	2
0	3579	1181.725256107278	3
0	3584	1183.773142990652	1
0	3593	1186.99308996973	0
0	3597	1187.02970574563	1
0	3607	1191.144130454861	0
0	3613	1192.190252303142	1
0	3615	1193.672572953157	0
0	3622	1196.259216650039	2
0	3625	1197.32828392903	0
0	3629	1197.520896705562	3
0	3630	1198.35940460523	2
0	3639	1203.246435469245	3
0	3647	1208.656593666408	1
0	3658	1214.259810686806	1
0	3670	1218.324078532169	2
0	3674	1219.378161601369	0
0	3678	1219.539758096212	1
0	3693	1224.720935138404	2
0	3712	1230.713950550412	3
0	3719	1233.361323284914	1
0	3723	1235.237685077005	0
0	3729	1236.388601811365	2
0	3740	1242.053744250438	4
0	3744	1244.291310368221	1
0	3748	1246.359470082679	0
0	3753	1247.86187434359	1
0	3756	1249.855870993111	3
0	3765	1253.499770107907	1
0	3772	1255.978515518709	0
0	3774	1256.640541401228	2
0	3782	1259.401811627201	1
0	3795	1265.244086507005	1
0	3813	1270.560867420626	2
0	3827	1274.460283140764	0
0	3835	1275.671741680005	3
0	3841	1277.999308052004	2
0	3847	1280.182916749967	1
0	3854	1281.141242391658	2
0	3855	1282.008563926324	0
0	3864	1286.221478994465	3
0	3876	1291.95569574716	4
0	3887	1297.473985853134	3
0	3898	1302.885749507224	1
0	3909	1307.700919807422	3
0	3915	1308.549226546421	4
0	3920	1310.903971384625	2
0	3924	1312.290734948817	0
0	3931	1313.854060625186	1
0	3938	1316.430286953222	1
0	3940	1316.550060639623	3
0	3949	1319.158017495874	4
0	3957	1321.85590056446	0
0	3966	1325.02700518234	5
0	3978	1330.953361358953	1
0	3985	1334.274720718962	0
0	3987	1334.644933968779	0
0	3993	1336.658106490731	6
0	3996	1339.36928463704	5
0	4002	1342.373328459676	6
0	4010	1347.715207823546	7
0	4017	1353.080571988126	1
0	4027	1358.565622363699	2
0	4033	1362.257791156184	6
0	4041	1364.55484476033	1
0	4044	1365.516199620443	5
0	4050	1367.385308194667	0
0	4058	1369.906112154474	6
0	4072	1375.324882297072	1
0	4080	1379.139256587946	1
0	4088	1381.134004703717	2
0	4097	1385.083217823299	5
0	4105	1386.604143888218	2
0	4122	1392.247852040682	6
0	4137	1397.633316036774	7
0	4138	1398.370633235315	1
0	4151	1403.147259070765	3
0	4160	1405.980166634306	2
0	4165	1407.892918180671	0
0	4169	1408.606016590021	8
0	4175	1412.017407684824	7
0	4182	1414.259916349541	3
0	4193	1420.17805549851	1
0	4204	1424.237438473263	0
0	4211	1426.010495750227	1
0	4219	1429.9117109609	2
0	4228	1431.902896417066	3
0	4244	1437.625844067655	2
0	4245	1437.864817318395	6
0	4249	1438.783364638575	5
0	4261	1442.86581122828	4
0	4272	1446.83143958309	1
0	4275	1447.837522890877	3
0	4279	1448.108366045396	2
0	4294	1453.764367830933	4
0	4297	1454.768632268538	4
0	4301	1455.377227737794	3
0	4312	1459.507758793647	1
0	4322	1462.458771399797	1
0	4332	1464.513814588303	5
0	4352	1469.60013508144	2
0	4373	1474.967748917632	6
0	4374	1475.186802713891	0
0	4391	1480.836741233936	1
0	4402	1484.143383378284	5
0	4406	1484.852653039379	2
0	4412	1485.837667570675	2
0	4416	1486.891713645301	1
0	4424	1489.253792184631	1
0	4428	1490.103119772735	1
0	4434	1491.218460897675	6
0	4435	1491.337613676667	0
0	4440	1492.294700378325	5
0	4442	1492.625380130128	0
0	4453	1496.859986937365	6
0	4462	1500.992137235001	0
0	4466	1501.951451735331	1
0	4475	1506.757716359795	0
0	4480	1507.224258724127	1
0	4493	1512.31628710869	7
0	4503	1516.979464580415	0
0	4505	1517.405483598244	6
0	4509	1517.796969887561	1
0	4520	1523.058834455668	1
0	4533	1528.188914189341	1
0	4535	1528.543774807119	0
0	4543	1531.146043491788	5
0	4551	1533.380315135459	1
0	4554	1534.640196471002	0
0	4559	1535.649173175339	4
0	4569	1538.618517585325	5
0	4582	1543.884858654805	2
0	4589	1546.607646008364	1
0	4600	1549.127217140973	2
0	4601	1549.364657932664	4
0	4616	1554.764922125956	5
0	4626	1558.323472843499	1
0	4634	1559.911758556256	6
0	4646	1564.890252101227	0
0	4652	1565.40930738928	7
0	4655	1566.822102541912	0
0	4662	1570.829377199283	1
0	4673	1576.676987619365	8
0	4682	1581.999339441189	7
0	4686	1582.527628634816	2
0	4696	1587.67245002486	8
0	4697	1587.779614182881	1
0	4710	1593.572199699461	1
0	4720	1597.775703766376	0
0	4724	1598.592482293017	1
0	4742	1604.389926975818	9
0	4757	1610.258858665466	0
0	4761	1610.33807439333	10
0	4772	1615.814399252871	1
0	4779	1618.847723681715	9
0	4790	1621.680032778291	1
0	4793	1623.152738831125	8
0	4803	1626.404140427352	0
0	4809	1626.894418462172	9
0	4820	1631.371884180575	0
0	4825	1632.382080777541	1
0	4840	1637.714221796014	1
0	4847	1640.319838101733	0
0	4859	1643.38957915012	1
0	4876	1648.944506698514	10
0	4881	1650.087005448986	0
0	4883	1650.434436384824	9
0	4897	1654.797623538172	2
0	4900	1655.751890780748	1
0	4914	1660.40432265144	2
0	4922	1663.504776039621	1
0	4931	1666.261535591438	1
0	4950	1671.898357831292	8
0	4954	1672.121298263074	2
0	4971	1677.25266965408	2
0	4976	1678.377453304006	0
0	4989	1682.48215039842	1
0	5001	1685.440520927776	7
0	5005	1686.646752435707	1
0	5010	1687.465382507066	1
0	5014	1687.985830537502	2
0	5034	1693.517043133492	3
0	5055	1699.501229421229	8
0	5071	1704.780965417617	4
0	5072	1704.83106717001	0
0	5082	1709.246286770437	0
0	5087	1710.375925832654	1
0	5096	1713.650787418826	7
0	5106	1716.334362161106	8
0	5121	1721.680746184422	9
0	5123	1722.292178251078	3
0	5139	1727.512890329112	2
0	5146	1730.310917635793	2
0	5152	1732.117281236212	1
0	5156	1732.570418751326	1
0	5175	1738.308214531739	2
0	5188	1742.010437172725	8
0	5196	1743.400205066421	3
0	5220	1749.317935325432	4
0	5231	1753.230211985287	1
0	5240	1755.207961634959	2
0	5242	1756.112952367516	3
0	5261	1760.965302276884	3
0	5274	1764.207782808803	2
0	5284	1766.476862290867	2
0	5295	1769.278897447158	2
0	5306	1771.949768575367	3
0	5308	1772.597111264017	7
0	5325	1777.110820378868	4
0	5337	1780.73833148961	1
0	5344	1782.309670474606	3
0	5347	1782.949990740384	2
0	5368	1788.209712661563	5
0	5372	1789.024915097627	4
0	5381	1791.050118523993	0
0	5384	1791.556368227471	6
0	5392	1793.68161730584	1
0	5416	1799.349994461278	3
0	5427	1802.567496558301	3
0	5439	1805.062901348101	4
0	5446	1806.699591545611	2
0	5462	1810.460230255026	5
0	5469	1812.310074900388	0
0	5480	1815.662332535481	1
0	5493	1820.289162149772	5
0	5498	1820.746761045411	2
0	5505	1822.951884775412	1
0	5515	1825.616693732559	4
0	5521	1826.167954378754	6
0	5523	1827.064906815768	5
0	5538	1831.198045817196	5
0	5549	1834.121911371939	4
0	5558	1836.212273743694	6
0	5560	1836.584344187163	1
0	5575	1840.546795032912	0
0	5582	1841.438493961693	1
0	5584	1841.842117778838	3
0	5604	1846.758721349287	7
0	5613	1848.960404689645	0
0	5625	1852.707759318399	1
0	5629	1854.127217775098	6
0	5645	1857.948217723277	2
0	5648	1858.742223782346	2
0	5655	1860.424853807306	1
0	5667	1863.508836585088	7
0	5683	1867.998824666942	0
0	5689	1868.805671155909	8
0	5703	1873.822449679244	2
0	5712	1878.173013598185	1
0	5721	1879.818489231625	2
0	5724	1880.790403362948	7
0	5726	1881.34116292081	1
0	5739	1885.081733764838	1
0	5746	1887.566134742691	0
0	5748	1887.592301623083	6
0	5759	1890.228206902267	2
0	5760	1890.673457186322	5
0	5769	1893.625727265831	1
0	5779	1895.800534428786	2
0	5786	1899.039591917411	1
0	5794	1901.149718909282	6
0	5800	1903.659325512814	1
0	5809	1906.3314067691	7
0	5811	1906.715551714298	6
0	5825	1911.708834749869	2
0	5834	1913.968139902216	1
0	5840	1916.070939268674	0
0	5846	1917.528960183718	2
0	5857	1922.84527782536	7
0	5865	1927.891006244929	6
0	5870	1928.51279952702	1
0	5884	1933.543948592375	2
0	5885	1934.120820780052	5
0	5890	1936.084639223635	1
0	5892	1936.131261829509	1
0	5903	1938.692601066305	2
0	5921	1943.760051509355	6
0	5936	1949.189649651515	1
0	5943	1952.194002235892	5
0	5957	1955.155482903811	3
0	5964	1957.380879302614	0
0	5971	1959.397866445246	4
0	5977	1961.067953685521	5
0	5994	1966.328457507527	1
0	5995	1967.278948788998	4
0	5997	1967.368140309694	2
0	6015	1971.894599528973	5
0	6018	1973.314911051183	1
0	6034	1976.967456429488	2
0	6056	1982.434609295092	2
0	6060	1983.698782319891	1
0	6062	1983.967549851742	1
0	6064	1984.105988756741	0
0	6077	1987.885166767522	4
0	6081	1988.171545756505	2
0	6099	1993.692958462973	2
0	6115	1999.547169429473	3
0	6120	2000.726535469521	2
0	6129	2004.253277983972	1
0	6135	2005.331954848011	5
0	6140	2006.915091927735	0
0	6142	2007.576807761102	4
0	6150	2010.84114126115	1
0	6157	2013.722870969101	3
0	6160	2014.953059828137	1
0	6168	2016.02053165947	2
0	6176	2018.964202343491	2
0	6185	2021.961533692655	3
0	6190	2023.683456781543	0
0	6198	2026.997921452847	3
0	6211	2032.231612664637	4
0	6217	2035.686154769609	3
0	6220	2037.63828376412	2
0	6223	2038.162198953671	1
0	6227	2038.167343532191	2
0	6240	2043.739676556773	1
0	6247	2045.966568704464	2
0	6258	2049.035331943063	1
0	6279	2054.902441660864	2
0	6287	2056.993157632641	1
0	6299	2060.026534171067	3
0	6321	2065.327991936812	2
0	6332	2068.084745218737	0
0	6336	2068.976037449545	1
0	6338	2069.730374156961	1
0	6340	2070.207739557249	2
0	6345	2070.75034844921	1
0	6348	2071.347967117324	0
0	6360	2076.31301438761	0
0	6364	2076.609093908212	1
0	6378	2082.281750263871	2
0	6391	2086.893427094554	1
0	6396	2087.674803194582	2
0	6415	2093.560957363799	1
0	6416	2094.012010377358	1
0	6433	2098.776310587061	2
0	6443	2101.846469867154	1
0	6449	2103.509966973906	0
0	6454	2104.627948901375	2
0	6470	2110.497567095786	2
0	6485	2115.501942053429	3
0	6487	2116.190578063827	1
0	6493	2118.437667947952	1
0	6496	2119.039102352452	2
0	6503	2120.867317436139	0
0	6507	2120.936727125655	1
0	6520	2126.379782029885	2
0	6524	2126.983163058869	1
0	6538	2132.125619013087	1
0	6544	2133.961535765316	0
0	6547	2135.210041632169	0
0	6555	2137.187279570374	1
0	6563	2140.574180139452	1
0	6573	2142.616523524273	2
0	6591	2148.369052014073	1
0	6614	2154.307628256494	2
0	6616	2154.705496669858	1
0	6631	2159.104384080148	0
0	6636	2159.500731605563	1
0	6655	2164.605832447756	2
0	6674	2169.733141667435	2
0	6680	2171.900342951751	1
0	6684	2173.026881684192	0
0	6689	2174.096875349399	0
0	6693	2175.382141132832	1
0	6697	2176.717907508597	1
0	6699	2176.954540896455	1
0	6713	2181.131525601719	2
0	6724	2185.13484594621	0
0	6730	2186.724009457503	3
0	6731	2186.988848646166	2
0	6743	2192.06437995936	2
0	6753	2197.31014968198	1
0	6759	2199.70101977267	1
0	6768	2202.555102257516	1
0	6769	2202.814163460505	0
0	6777	2204.831618470016	1
0	6788	2208.110578420564	2
0	6798	2212.855263154598	1
0	6804	2213.675268351325	2
0	6819	2219.346608648767	2
0	6837	2225.203056401332	3
0	6854	2231.035066806004	3
0	6857	2231.876956947958	0
0	6863	2236.417193702532	2
0	6867	2236.428355882634	3
0	6870	2238.204192512081	2
0	6879	2241.77653965679	1
0	6894	2247.225073881904	2
0	6895	2247.677602794012	1
0	6907	2251.660903921342	0
0	6911	2252.688546104581	3
0	6914	2254.367912482114	2
0	6920	2257.356771538609	1
0	6926	2258.448396072249	1
0	6932	2261.233926399256	2
0	6936	2262.786340787535	1
0	6943	2264.208761395413	2
0	6951	2267.508198090239	0
0	6961	2270.135174282819	1
0	6966	2272.253941851078	1
0	6969	2273.201092487659	0
0	6977	2275.249735154204	1
0	6992	2280.89866842678	2
0	6997	2282.888761771952	1
0	7010	2286.147659972303	2
0	7016	2288.29433493816	0
0	7024	2291.245903935742	3
0	7038	2297.090861617348	2
0	7041	2297.698125473565	1
0	7044	2299.025285462144	2
0	7050	2302.315784716039	0
0	7055	2302.334361030481	3
0	7061	2307.930177937488	1
0	7074	2313.807516758091	4
0	7081	2318.848032301169	3
0	7086	2319.295889445341	1
0	7094	2323.314613555202	2
0	7102	2324.558724661584	3
0	7118	2330.373492344043	1
0	7124	2332.783266272274	0
0	7136	2335.781971963349	2
0	7140	2337.107451221433	2
0	7154	2341.050506848603	3
0	7163	2343.851207543156	2
0	7168	2345.67211269505	1
0	7173	2346.060715395485	3
0	7180	2349.261857085622	0
0	7188	2351.64021177403	2
0	7197	2357.07334094005	1
0	7202	2358.961863155818	1
0	7204	2359.320034055964	2
0	7215	2362.349441999796	2
0	7225	2366.572207445622	1
0	7231	2367.553504220902	3
0	7244	2372.934139253099	0
0	7248	2373.279925834148	1
0	7261	2377.96912821335	2
0	7265	2378.403024014312	2
0	7283	2384.067038288799	3
0	7292	2387.181364509269	2
0	7303	2389.812324116	1
0	7312	2392.602908911524	1
0	7320	2395.106405506136	1
0	7324	2395.576679731247	2
0	7337	2399.705936041769	1
0	7344	2400.725962975754	2
0	7352	2402.941842344234	0
0	7354	2403.225057925556	1
0	7367	2406.088423810194	2
0	7374	2409.063522829435	0
0	7382	2411.517237527988	3
0	7386	2413.92827729263	2
0	7391	2416.550583118099	0
0	7396	2416.887763251078	1
0	7405	2422.163467996747	2
0	7409	2424.529376532643	1
0	7418	2428.12594683328	1
0	7430	2432.743235621712	0
0	7436	2433.590846983942	3
0	7440	2434.944095035193	0
0	7447	2438.887071133585	1
0	7454	2443.848819538013	2
0	7460	2444.818899941624	1
0	7472	2450.155923677252	0
0	7476	2450.725165819044	3
0	7490	2455.862964216846	2
0	7501	2461.258638906752	1
0	7518	2467.24972792947	2
0	7521	2467.667024002286	1
0	7529	2471.085890242241	2
0	7537	2473.239103833207	3
0	7557	2479.09331296989	1
0	7576	2484.553194972214	3
0	7591	2488.593194884361	2
0	7598	2489.627911726705	2
0	7603	2490.840143624569	1
0	7620	2495.173766339424	3
0	7628	2498.089208045852	0
0	7633	2499.565927069395	0
0	7639	2500.49574358458	1
0	7643	2502.810880189173	2
0	7654	2505.791894682677	4
0	7655	2506.289997420271	3
0	7672	2511.14157517114	3
0	7686	2516.525317771238	0
0	7690	2516.950473325786	4
0	7693	2518.482758534367	3
0	7705	2522.815705965266	4
0	7711	2525.949622863319	2
0	7718	2527.878462564193	5
0	7719	2528.877346987712	4
0	7729	2533.140113106922	1
0	7733	2534.37307510559	3
0	7738	2535.299286128015	0
0	7747	2538.696485388319	3
0	7760	2544.110160261619	1
0	7771	2547.714656821563	0
0	7776	2549.513487480807	4
0	7786	2554.630556873971	1
0	7790	2556.496471011192	3
0	7792	2557.113515853873	2
0	7802	2559.729670148802	2
0	7817	2564.965076686808	1
0	7827	2567.566377549194	0
0	7839	2570.458126358681	4
0	7856	2576.352616559242	1
0	7865	2579.31858113978	1
0	7875	2581.513433370733	2
0	7881	2582.997601713746	0
0	7889	2585.413114503489	3
0	7891	2586.267384253666	1
0	7897	2586.993953329505	4
0	7911	2592.204143391683	3
0	7912	2592.290237420695	0
0	7923	2597.357921373093	1
0	7938	2602.938785995583	2
0	7945	2605.561654657007	3
0	7948	2606.413234762375	2
0	7957	2608.248240508598	4
0	7962	2610.013842492246	3
0	7967	2612.375067059643	1
0	7972	2613.479445009486	3
0	7987	2618.777191592494	2
0	7991	2619.11156164924	1
0	7995	2620.580919553752	2
0	8004	2623.22058810456	0
0	8006	2623.401841631618	1
0	8013	2624.746980976773	1
0	8020	2626.440492414047	0
0	8031	2629.923591808643	1
0	8052	2635.460442188423	2
0	8072	2640.494813424297	3
0	8081	2643.831088906967	1
0	8094	2646.267779123266	4
0	8096	2646.592872362111	0
0	8100	2648.300644825207	3
0	8110	2651.281947007398	2
0	8123	2656.00856595742	1
0	8127	2656.321693917033	1
0	8139	2659.735244045262	2
0	8148	2662.160646532657	2
0	8162	2665.899778230808	0
0	8170	2667.402246066131	1
0	8183	2671.401966736186	1
0	8192	2672.953714169789	3
0	8207	2677.452105786295	0
0	8214	2678.755694932764	1
0	8215	2679.228737400956	0
0	8232	2684.440025368467	2
0	8236	2686.543370189026	2
0	8251	2690.34493708447	3
0	8255	2691.808823234866	1
0	8263	2694.474807191517	0
0	8269	2695.994657061057	1
0	8278	2699.87858137418	0
0	8285	2701.865996136557	2
0	8299	2707.359886892134	4
0	8301	2708.440995393085	3
0	8311	2712.828226043604	4
0	8323	2718.542253302404	5
0	8324	2718.695141939446	1
0	8337	2724.217196741135	1
0	8338	2725.03982242965	0
0	8349	2729.667638788226	1
0	8356	2732.178742700832	0
0	8363	2734.675960161717	2
0	8364	2734.864698740886	4
0	8376	2739.880595723394	1
0	8379	2741.253076076618	1
0	8392	2745.012884074351	1
0	8408	2750.544637680514	5
0	8429	2755.71408760454	2
0	8440	2758.997809782044	4
0	8451	2761.067089336686	2
0	8468	2766.109665276943	3
0	8473	2767.590557022721	3
0	8485	2770.533067156205	0
0	8487	2771.012410253871	2
0	8491	2771.687340114259	1
0	8495	2771.791160361603	1
0	8516	2777.644027196331	3
0	8524	2780.033270851589	2
0	8537	2782.901025707828	3
0	8557	2788.022675488372	4
0	8577	2793.288674723352	2
0	8584	2795.334402006587	2
0	8589	2796.709007993916	1
0	8601	2799.256962501672	3
0	8602	2799.752841247009	0
0	8618	2804.4013582617	5
0	8622	2805.941301103562	4
0	8635	2810.22227500821	1
0	8636	2810.399104970617	0
0	8643	2811.954554954545	2
0	8646	2812.740245418502	0
0	8654	2815.986475076056	3
0	8666	2820.997380435462	1
0	8673	2823.410521999001	2
0	8682	2826.418922213721	1
0	8687	2826.682469351445	2
0	8695	2829.76042637706	3
0	8704	2832.342110006832	4
0	8719	2837.43720348109	5
0	8734	2842.5739831333	2
0	8747	2847.264382752122	1
0	8753	2847.889249452385	1
0	8774	2853.479817020935	2
0	8778	2854.737556923643	4
0	8783	2855.699525979113	1
0	8796	2858.5165036153	5
0	8818	2863.534179898207	3
0	8821	2864.842097165294	0
0	8828	2867.080786179748	4
0	8831	2868.52981641469	0
0	8837	2869.343966914569	4
0	8850	2874.551700755716	1
0	8853	2875.374921174835	3
0	8868	2880.281540238759	4
0	8880	2884.833771015864	3
0	8886	2885.711315626739	5
0	8900	2890.945390992793	1
0	8919	2896.486119908043	2
0	8929	2898.979916082346	4
0	8939	2901.620273794974	5
0	8948	2904.037999002725	2
0	8955	2906.477040913998	0
0	8960	2907.300770548868	1
0	8964	2907.495147780278	1
0	8980	2912.551961828717	2
0	8984	2913.768952304378	1
0	8998	2918.006058968018	1
0	9003	2918.193768665888	2
0	9025	2924.146298600821	2
0	9033	2926.653920578301	1
0	9038	2927.737019149001	0
0	9047	2929.882844721427	2
0	9048	2929.976984767944	4
0	9055	2933.133149502098	1
0	9058	2933.412455228501	1
0	9067	2935.750365796959	2
0	9071	2936.628653329681	3
0	9085	2941.319783567678	1
0	9095	2945.364990599687	2
0	9104	2947.253450054437	2
0	9122	2952.26360254385	3
0	9128	2954.531613265858	2
0	9144	2958.082651351108	2
0	9150	2959.982814026413	1
0	9162	2962.956095833909	1
0	9168	2963.943580905436	2
0	9173	2965.038664934337	1
0	9182	2967.243897798234	1
0	9193	2969.342064392748	3
0	9195	2969.616042958573	2
0	9214	2974.813983148425	2
0	9219	2975.649518219518	0
0	9232	2979.872192995851	3
0	9239	2982.269254676295	0
0	9248	2985.12415250204	3
0	9253	2988.410384481771	2
0	9259	2990.72294684662	1
0	9260	2991.005286674712	2
0	9274	2996.524604704226	3
0	9284	2999.988845673501	0
0	9292	3002.378720376403	4
0	9297	3005.259478318618	3
0	9301	3006.716519403151	1
0	9306	3008.194144362113	1
0	9322	3013.592528551579	1
0	9336	3017.602347684204	0
0	9346	3019.546336442926	1
0	9352	3021.129880066259	2
0	9354	3021.687059323065	0
0	9356	3021.776452743445	0
0	9367	3025.138177008363	2
0	9380	3030.756552538131	3
0	9388	3035.441527902376	1
0	9392	3036.409352222685	2
0	9403	3041.904476407212	4
0	9410	3045.259570512802	3
0	9418	3047.691935815844	1
0	9429	3052.676238068842	0
0	9434	3053.176202452271	1
0	9452	3059.061818893063	3
0	9468	3064.44509337516	2
0	9472	3065.875094886512	2
0	9487	3070.185423580925	3
0	9491	3071.555047391216	2
0	9503	3075.651590082091	4
0	9507	3076.677392791602	1
0	9523	3081.370200145752	2
0	9538	3086.962676305086	3
0	9539	3087.027356725064	3
0	9555	3092.336329067121	1
0	9557	3092.890407259458	1
0	9572	3097.439740914148	4
0	9576	3099.132322068207	2
0	9585	3101.126599036384	3
0	9589	3101.965600874851	2
0	9598	3103.360756493867	3
0	9609	3107.173955958452	0
0	9611	3107.353032968117	1
0	9620	3108.616563681508	4
0	9632	3113.346794561015	3
0	9639	3114.578604379431	4
0	9654	3120.133956208122	2
0	9658	3121.178148184199	0
0	9670	3125.697296908353	5
0	9679	3131.366241921433	1
0	9687	3133.943253936012	4
0	9690	3134.511799977619	1
0	9694	3135.171815129458	0
0	9700	3136.575002800436	1
0	9718	3142.352603595001	2
0	9734	3147.380508851256	5
0	9735	3147.440872986677	1
0	9746	3150.980837015311	0
0	9753	3153.036864031801	1
0	9763	3156.690019583792	0
0	9765	3156.876742316293	4
0	9771	3158.646322023818	1
0	9776	3161.090283574183	0
0	9781	3163.593303617202	0
0	9786	3164.617652232755	1
0	9796	3170.281808662225	5
0	9807	3175.806967301058	6
0	9819	3181.049555129601	1
0	9820	3181.942434936294	0
0	9831	3186.79064056859	1
0	9837	3189.270848333252	5
0	9852	3192.563362310171	1
0	9866	3196.916356418743	0
0	9874	3197.894525819687	2
0	9879	3200.287971758047	1
0	9891	3203.619144952619	2
0	9906	3208.69871374941	1
0	9909	3209.437077740668	0
0	9924	3214.276395926481	6
0	9926	3214.373701896634	5
0	9931	3215.871589738871	1
0	9943	3220.133189363401	1
0	9963	3225.156212680736	6
0	9979	3230.203058357113	2
0	9993	3234.590227913107	1
0	10001	3235.619934951649	7
0	10012	3238.878263234854	0
0	10022	3241.582931077802	2
0	10026	3242.973126783151	6
0	10032	3244.878361133737	1
0	10039	3246.624523758884	2
0	10054	3252.076923639044	2
0	10071	3257.660028845301	1
0	10074	3258.425526954578	1
0	10076	3258.449082457343	5
0	10080	3259.22449332999	0
0	10093	3263.497308599061	3
0	10097	3264.619029141374	2
0	10111	3269.272036041596	1
0	10116	3271.240518768548	0
0	10128	3274.486157582604	1
0	10148	3279.813829668794	2
0	10169	3285.610014068192	3
0	10181	3288.738783181178	4
0	10185	3289.317376732705	2
0	10188	3290.370010970388	1
0	10192	3290.942181017128	0
0	10197	3291.194037160367	3
0	10215	3297.159224248721	1
0	10220	3298.510589874694	2
0	10226	3300.109181642763	0
0	10236	3302.458506840744	2
0	10244	3305.854367109364	3
0	10252	3307.995263931106	3
0	10271	3313.993693381778	4
0	10285	3319.461135069604	5
0	10301	3324.599061869781	6
0	10303	3325.355346911699	5
0	10312	3328.088718339913	1
0	10320	3330.133314328732	4
0	10324	3332.444228367994	3
0	10332	3334.505787690282	4
0	10338	3335.957353511358	5
0	10348	3339.477353791704	2
0	10355	3340.98368920083	6
0	10362	3343.513551069533	0
0	10366	3344.992571102102	5
0	10371	3346.710913948247	6
0	10383	3352.507649207253	1
0	10399	3357.972248433854	2
0	10406	3360.761504449415	1
0	10415	3363.271935603346	7
0	10417	3364.59660958452	1
0	10428	3368.55483820033	2
0	10431	3369.505637973777	6
0	10447	3373.978239654561	7
0	10449	3374.177901610847	0
0	10460	3379.086363105799	1
0	10465	3380.68572636647	6
0	10477	3384.229025118283	3
0	10478	3384.585330892119	0
0	10486	3388.35193363286	2
0	10493	3389.944710305656	7
0	10498	3393.287018795382	6
0	10500	3394.26142532588	1
0	10506	3395.304821978786	2
0	10517	3401.109869011209	7
0	10530	3406.911619905612	8
0	10532	3407.640386342539	7
0	10542	3412.028168142537	3
0	10554	3417.061548723603	4
0	10556	3418.185740404532	6
0	10558	3419.128262181184	3
0	10568	3422.811117353613	7
0	10579	3428.69575047772	8
0	10591	3434.49170330376	1
0	10602	3438.436748680197	7
0	10608	3439.518526657481	8
0	10609	3439.571769502251	7
0	10627	3445.337092987724	4
0	10636	3449.480890674982	3
0	10641	3450.374616292535	2
0	10650	3453.501463702418	6
0	10659	3455.431599242377	1
0	10678	3460.710513204799	2
0	10682	3462.156816339351	1
0	10693	3464.84494073933	1
0	10699	3465.990368149939	4
0	10718	3471.258167829129	5
0	10723	3473.049120848761	0
0	10738	3477.019680414346	1
0	10742	3478.651014354547	4
0	10745	3479.305203078778	0
0	10756	3482.619987783951	5
0	10764	3485.223855545745	5
0	10773	3487.84087505331	6
0	10777	3489.332706584479	5
0	10790	3493.464225429108	2
0	10792	3493.675246760016	4
0	10804	3498.491966996575	3
0	10811	3499.425931975942	3
0	10828	3504.799425710456	4
0	10834	3507.665135457994	3
0	10841	3510.048276146758	4
0	10847	3510.589834498938	1
0	10865	3516.044481335671	4
0	10875	3518.764045149319	2
0	10886	3521.401397372128	5
0	10910	3527.109385331159	2
0	10911	3527.229829375167	3
0	10913	3527.863993781966	1
0	10918	3528.901230522432	2
0	10922	3529.80815626797	1
0	10926	3530.799509319474	4
0	10934	3532.697747112482	5
0	10939	3534.326586098408	0
0	10952	3538.613031139827	1
0	10971	3543.671269783049	3
0	10979	3545.648045048468	2
0	10989	3547.907715899987	1
0	10998	3549.362652352077	2
0	11017	3554.976129709042	2
0	11024	3556.619242185259	4
0	11032	3559.072573668206	1
0	11040	3560.448697162557	3
0	11043	3561.113344398095	0
0	11058	3565.56855915929	4
0	11067	3569.275638256103	3
0	11075	3571.481826705391	4
0	11091	3577.338177105876	1
0	11097	3579.276752745382	3
0	11104	3580.858456897782	0
0	11114	3583.035917293046	1
0	11115	3583.037689991294	2
0	11130	3586.718197802198	0
0	11139	3588.664075986714	1
0	11155	3594.271246981573	5
0	11161	3595.222499773719	4
0	11167	3596.359324052115	0
0	11174	3598.354258605743	1
0	11182	3600.118193046654	1
0	11195	3604.246466727809	0
0	11202	3605.995201941578	2
0	11209	3609.073435662428	0
0	11212	3610.351854657867	1
0	11218	3611.756576477781	1
0	11233	3616.90151690319	1
0	11247	3621.01490701118	3
0	11255	3622.502146175595	2
0	11259	3623.614048855378	1
0	11281	3628.392661584074	2
0	11299	3633.204006285171	0
0	11305	3634.080573108977	4
0	11306	3634.429991250274	1
0	11312	3637.099345228749	0
0	11321	3639.180319127858	1
0	11334	3644.617938339827	3
0	11338	3644.799340832046	1
0	11344	3646.890921349869	0
0	11353	3650.596879358634	0
0	11357	3650.640799235319	4
0	11366	3655.522193494601	3
0	11371	3656.43578603398	1
0	11381	3660.236413242527	2
0	11388	3661.800772498594	2
0	11404	3667.739249113714	2
0	11420	3673.231635803589	3
0	11424	3674.37244077667	1
0	11426	3674.809486477866	2
0	11428	3674.883403167361	1
0	11438	3678.69564739929	0
0	11443	3679.1932010788	1
0	11444	3679.57942697359	1
0	11451	3682.244462661096	0
0	11460	3684.794265657663	1
0	11474	3689.841601789929	0
0	11478	3690.164264743914	1
0	11488	3694.658912571843	0
0	11495	3695.973065045894	1
0	11498	3696.963377783306	0
0	11508	3701.486855697817	1
0	11521	3707.111708983311	0
0	11525	3707.423700616461	1
0	11530	3709.285075558815	0
0	11533	3710.198979701846	0
0	11539	3712.648952758404	2
0	11544	3716.638218421604	1
0	11549	3718.624265352728	1
0	11559	3724.084770418935	2
0	11574	3729.55107156746	1
0	11591	3735.094467057846	1
0	11611	3740.871380099328	3
0	11626	3746.090317674909	0
0	11630	3746.171238945331	4
0	11643	3751.033803743426	3
0	11649	3752.11665738211	2
0	11665	3757.843282521004	4
0	11668	3759.228990467147	1
0	11676	3761.552310613447	0
0	11682	3763.145975450054	5
0	11690	3768.565143751097	4
0	11695	3768.959938978311	5
0	11705	3774.421821476892	1
0	11715	3779.475595898228	0
0	11720	3780.220442271093	1
0	11728	3784.862130463003	0
0	11734	3785.496733653359	1
0	11750	3791.306311906315	2
0	11763	3796.370362606134	4
0	11767	3797.10360351135	5
0	11784	3802.823439967353	6
0	11797	3808.454398419475	2
0	11799	3808.923319511	1
0	11816	3813.787105710711	7
0	11822	3816.599168276296	1
0	11832	3819.15650293976	8
0	11838	3821.908936192632	0
0	11846	3824.736187160014	2
0	11850	3826.66337770899	7
0	11859	3830.134801395702	3
0	11862	3830.944033209121	6
0	11868	3833.851197892566	2
0	11874	3835.571394165045	7
0	11886	3841.210309278451	1
0	11893	3843.657503484514	1
0	11906	3846.456756675381	8
0	11920	3851.528555811381	9
0	11922	3852.054700544224	8
0	11926	3853.318047758428	7
0	11937	3856.680776185587	1
0	11949	3860.3176292954	0
0	11958	3861.778553604845	2
0	11973	3866.882906816665	3
0	11979	3869.281062989611	2
0	11985	3871.788724569491	6
0	11990	3872.408492291577	1
0	12010	3878.17805201723	3
0	12015	3879.764341537605	2
0	12022	3881.842225104917	1
0	12031	3883.566923065574	2
0	12039	3885.878034438938	0
0	12044	3886.897902924215	1
0	12055	3889.557903352191	2
0	12070	3894.654157040638	3
0	12079	3897.663571261338	5
0	12089	3900.504651403285	4
0	12093	3901.334843177579	3
0	12107	3905.657693879444	2
0	12112	3907.468983703522	1
0	12123	3911.131477821383	6
0	12141	3916.929223353739	1
0	12152	3920.199798160112	0
0	12161	3922.239143791373	1
0	12168	3924.425307387368	2
0	12178	3926.919470293335	5
0	12186	3928.18811165122	2
0	12189	3929.250761373549	1
0	12194	3930.148722511596	0
0	12207	3933.707825313319	6
0	12223	3939.055841119025	2
0	12238	3944.472134997133	7
0	12241	3946.186664850338	6
0	12254	3949.688749655379	1
0	12260	3950.9716167259	1
0	12264	3951.509846865312	0
0	12269	3952.830872691583	0
0	12277	3954.961792886021	1
0	12278	3955.087328100806	1
0	12284	3956.838343783162	0
0	12288	3958.672056175183	0
0	12295	3960.93951904494	7
0	12303	3966.061099455689	1
0	12304	3966.787478802845	6
0	12316	3971.175775151464	1
0	12328	3975.094761634127	0
0	12334	3977.00977925793	2
0	12345	3982.999519462229	1
0	12351	3984.853924500752	1
0	12362	3988.474823475813	1
0	12370	3991.37893249083	5
0	12382	3993.679353211538	6
0	12404	3999.604299100113	2
0	12430	4005.514939028301	7
0	12438	4007.202940707906	0
0	12440	4007.214259255788	0
0	12450	4011.445870611581	3
0	12460	4017.054482906588	1
0	12464	4018.091105280674	2
0	12476	4022.536870304964	6
0	12480	4022.998406912197	3
0	12499	4028.417633955131	2
0	12501	4028.867262615935	2
0	12519	4034.207434439796	3
0	12521	4034.247528908769	2
0	12527	4037.207889300651	1
0	12538	4039.404671024295	7
0	12542	4040.655023976691	0
0	12545	4042.136091767115	6
0	12554	4045.397677537283	3
0	12564	4050.722510866119	1
0	12575	4055.574013030392	5
0	12577	4055.690698740301	2
0	12581	4056.33095644321	1
0	12587	4058.460966601033	1
0	12602	4062.064274686386	2
0	12608	4063.711885743421	0
0	12616	4067.189468694382	1
0	12621	4067.314188483634	2
0	12622	4067.489184595414	4
0	12636	4072.344351742414	3
0	12651	4077.479127973781	5
0	12664	4082.706131005423	0
0	12668	4082.786369975421	6
0	12681	4087.893127206943	7
0	12684	4089.4755790747	2
0	12693	4093.372346177462	1
0	12703	4097.606329194273	6
0	12709	4098.600233092203	2
0	12725	4103.847496338652	3
0	12742	4108.863162366438	4
0	12757	4114.04209555499	7
0	12760	4115.674798103752	6
0	12764	4117.21980592818	1
0	12769	4118.416721106737	3
0	12774	4119.371985118834	1
0	12780	4121.18679912423	0
0	12791	4124.826313933355	2
0	12801	4128.480976374588	1
0	12810	4130.824106373123	1
0	12823	4135.06608231424	0
0	12831	4136.546863145192	4
0	12845	4142.046098057178	7
0	12849	4143.449939046873	6
0	12860	4146.343758692732	3
0	12868	4147.711526526601	4
0	12871	4149.333250591417	5
0	12886	4153.023441641821	1
0	12889	4154.376697876027	4
0	12896	4156.629605264287	3
0	12899	4157.146800541782	0
0	12905	4158.091720369874	5
0	12914	4160.791212524522	4
0	12924	4163.71420847857	1
0	12935	4167.821792809173	0
0	12943	4169.38416339154	2
0	12958	4174.934958085414	1
0	12960	4175.878765541241	1
0	12975	4179.96403077012	2
0	12982	4180.872519462366	2
0	12992	4184.324997518324	1
0	13000	4186.030847126382	3
0	13019	4191.085759041362	2
0	13025	4192.583173335292	1
0	13030	4193.824859011105	3
0	13033	4194.509051367985	0
0	13039	4196.004685149292	0
0	13045	4197.025321315971	1
0	13049	4199.235480166389	2
0	13061	4202.407986695177	3
0	13078	4208.204156878169	4
0	13079	4208.716459590358	2
0	13095	4213.348455405326	3
0	13110	4218.43452801462	4
0	13113	4219.136357393002	3
0	13118	4221.503886786402	0
0	13127	4224.080612831514	1
0	13140	4229.575522518715	1
0	13154	4234.750854388225	3
0	13159	4235.20362772513	2
0	13176	4240.37087584962	3
0	13180	4241.136744929941	2
0	13199	4246.296710940542	2
0	13201	4247.140708088756	1
0	13212	4249.640048778845	1
0	13220	4251.413844042689	4
0	13221	4251.543413605428	3
0	13237	4256.4119250793	2
0	13243	4257.038258412619	4
0	13245	4257.726199070802	0
0	13261	4262.491107522043	2
0	13269	4266.507739718885	1
0	13276	4267.525707510764	2
0	13290	4272.677455324911	1
0	13311	4278.420122092821	3
0	13317	4280.50088620163	3
0	13332	4283.91218743543	3
0	13338	4285.593035503174	2
0	13355	4289.836100397397	4
0	13361	4291.386616465283	0
0	13370	4294.938763217185	3
0	13375	4295.384858228497	4
0	13391	4300.716980858005	5
0	13402	4305.40484416508	2
0	13407	4306.010680672012	6
0	13409	4307.07631324383	1
0	13411	4307.099536000637	5
0	13424	4311.461750762768	3
0	13440	4317.349892726632	6
0	13456	4323.324717239009	2
0	13463	4326.152849272945	5
0	13474	4328.595462079391	3
0	13483	4333.006937294736	4
0	13491	4334.511283640515	5
0	13495	4336.595709963352	2
0	13501	4337.800586935134	2
0	13508	4339.578005220972	3
0	13509	4339.702606640411	4
0	13517	4342.597037550881	3
0	13526	4344.682180847505	3
0	13543	4350.276362261267	4
0	13544	4351.212035484031	2
0	13557	4355.988310786195	5
0	13569	4360.823907776505	1
0	13574	4361.489358483113	1
0	13575	4361.567138548477	0
0	13581	4363.986199479551	2
0	13583	4364.079758394398	4
0	13594	4367.192557301603	1
0	13602	4369.902617016925	1
0	13615	4372.639972708419	2
0	13627	4376.089477737206	3
0	13636	4377.924386974422	2
0	13645	4380.611693921969	2
0	13655	4383.240144414592	3
0	13665	4385.872983661478	1
0	13668	4386.736760706759	0
0	13679	4389.237350945824	3
0	13687	4391.913333108769	2
0	13695	4394.242260748285	2
0	13703	4398.47396024002	2
0	13712	4400.119786394059	1
0	13732	4405.510957613585	3
0	13754	4411.026032531399	3
0	13758	4412.275541813344	1
0	13774	4416.582817097547	2
0	13779	4417.025707602033	2
0	13791	4421.508616937906	2
0	13798	4422.083632107589	2
0	13811	4425.991915498747	1
0	13813	4426.449004236142	1
0	13820	4427.099100942488	2
0	13825	4428.835999371249	1
0	13841	4432.255441718035	1
0	13847	4432.959237087748	3
0	13856	4435.982368469124	0
0	13865	4438.740950349948	2
0	13867	4438.80198538862	2
0	13869	4439.068815548086	1
0	13874	4440.807947131336	0
0	13878	4442.046347714727	1
0	13884	4443.754036418625	1
0	13888	4445.446365671929	0
0	13899	4449.62300717062	2
0	13911	4455.242352515456	1
0	13918	4458.097204033166	0
0	13921	4458.788656829039	1
0	13928	4461.143338974097	2
0	13932	4463.150562299063	0
0	13939	4466.977079998466	3
0	13946	4472.008860721483	4
0	13948	4474.570367150239	3
0	13955	4477.837576613293	1
0	13965	4483.250596991039	4
0	13977	4488.80055227596	1
0	13996	4494.645724778759	5
0	14001	4496.611290340893	4
0	14012	4500.169438715788	2
0	14028	4505.714011641682	2
0	14032	4507.199471164026	1
0	14039	4509.363016470564	1
0	14046	4511.256313122108	2
0	14049	4511.744001219512	3
0	14063	4516.600145651956	2
0	14071	4519.99873998621	1
0	14080	4522.228373690971	1
0	14092	4526.176746175155	2
0	14100	4528.052729509768	3
0	14104	4528.51545009459	2
0	14122	4533.816909873855	3
0	14136	4538.639835104111	0
0	14141	4539.20833253022	2
0	14144	4539.850905306168	2
0	14148	4540.827528213729	1
0	14159	4544.447854013412	3
0	14164	4546.050165626682	1
0	14175	4549.678097420835	2
0	14191	4554.923056076744	4
0	14210	4560.840081030035	3
0	14226	4566.57717649359	4
0	14227	4567.250062723524	0
0	14230	4568.180247401234	3
0	14238	4572.305704545808	3
0	14242	4572.322207744464	1
0	14256	4577.678390206534	2
0	14272	4583.270689096532	1
0	14285	4586.941603637882	2
0	14291	4588.975630061583	2
0	14293	4588.995208452454	0
0	14298	4589.141453294779	3
0	14304	4592.545269320253	2
0	14313	4594.872689416862	1
0	14316	4595.897447477909	1
0	14334	4600.473275854249	3
0	14337	4601.488672287666	2
0	14344	4603.451458960536	1
0	14357	4606.223979029801	2
0	14362	4607.606461454763	1
0	14379	4611.642811611058	3
0	14400	4617.11611105315	2
0	14411	4620.295177033636	1
0	14415	4620.420603997422	0
0	14417	4620.899258278542	0
0	14424	4622.930227674307	1
0	14428	4624.762012172839	2
0	14439	4628.322587911967	2
0	14448	4631.497441717303	0
0	14455	4634.002147909483	3
0	14459	4635.837753476341	2
0	14469	4639.017619929506	1
0	14482	4644.041322570058	3
0	14489	4646.450056365106	0
0	14498	4649.229572344801	4
0	14506	4653.951063811659	1
0	14511	4654.891028392125	5
0	14517	4657.72700454015	4
0	14525	4660.827026227485	2
0	14535	4666.123385891314	5
0	14547	4671.585402807449	6
0	14558	4676.59643779974	7
0	14565	4681.300209460197	1
0	14570	4681.750807146537	1
0	14585	4686.907399700018	8
0	14588	4687.868779946466	7
0	14602	4692.098674172764	0
0	14606	4692.528331666947	2
0	14619	4697.82348126126	8
0	14630	4703.712693932462	9
0	14631	4704.15206262702	1
0	14637	4706.993931699194	8
0	14640	4707.734546582214	7
0	14642	4708.346572955603	0
0	14647	4709.61086548585	1
0	14657	4714.652902700235	8
0	14664	4717.738930583349	7
0	14671	4720.251776047977	2
0	14680	4724.974332497101	1
0	14684	4726.113275828533	1
0	14685	4726.319488712353	6
0	14693	4729.581883723032	5
0	14702	4731.84150125924	2
0	14706	4733.350313686993	1
0	14721	4736.958847616329	6
0	14729	4740.05872059136	5
0	14734	4741.676001550046	4
0	14739	4742.605031759008	2
0	14753	4747.69592927652	2
0	14770	4753.071556526931	3
0	14775	4754.275417024031	2
0	14789	4758.652332925001	5
0	14797	4761.493300494382	1
0	14808	4764.252815803509	2
0	14818	4769.307906394356	4
0	14824	4769.62941969046	3
0	14838	4774.976201819718	1
0	14847	4777.257629366006	0
0	14858	4780.961496262109	3
0	14863	4783.635684590662	2
0	14872	4785.990555840541	3
0	14874	4786.68874468526	3
0	14877	4787.327670617838	2
0	14888	4791.380269513928	1
0	14909	4796.708742887477	3
0	14927	4801.743641641562	2
0	14933	4802.054070877839	2
0	14953	4807.95965845673	3
0	14961	4809.859049875052	2
0	14966	4810.646229719506	2
0	14976	4813.273820816769	4
0	14983	4815.181156180098	3
0	14985	4815.209419087736	1
0	14998	4818.51520027639	3
0	15002	4819.432850457144	2
0	15010	4821.433205511758	1
0	15022	4824.312278720081	4
0	15044	4829.918204861922	2
0	15048	4831.378912047936	1
0	15064	4835.629156620703	2
0	15067	4836.231296942914	1
0	15070	4836.976021345935	1
0	15081	4839.979553158033	0
0	15088	4840.859902572814	2
0	15096	4844.040641436234	3
0	15098	4844.680870024018	0
0	15105	4846.06946360855	1
0	15112	4849.996295231508	2
0	15121	4851.617335108571	3
0	15128	4854.966944227923	2
0	15136	4856.959791143654	2
0	15150	4862.47064678161	3
0	15159	4865.348266751156	1
0	15170	4868.301159732738	4
0	15172	4869.123708244409	1
0	15187	4873.984092463269	2
0	15190	4874.853443777071	3
0	15204	4879.005712718465	1
0	15217	4883.233171646134	0
0	15226	4884.515642457404	1
0	15235	4887.085803320393	0
0	15237	4887.44266771478	1
0	15248	4890.148214718788	1
0	15249	4890.178366117645	2
0	15258	4893.030736986194	0
0	15267	4895.498930357397	1
0	15271	4896.106603415911	1
0	15291	4901.404824878084	2
0	15294	4902.505558977946	1
0	15313	4906.872994861328	2
0	15314	4907.229879272165	0
0	15326	4911.741154993537	0
0	15331	4912.079403175036	3
0	15338	4916.150605446304	2
0	15344	4917.630172670581	3
0	15353	4922.641823961162	1
0	15363	4926.171216016397	2
0	15374	4928.481804054924	1
0	15376	4929.140270633966	0
0	15387	4933.669078848784	1
0	15394	4934.330978280394	2
0	15400	4936.727227548713	0
0	15409	4939.96494680922	1
0	15422	4944.667676853477	0
0	15426	4945.096303238529	1
0	15428	4945.649544677808	1
0	15439	4949.539711957676	0
0	15443	4950.399107843866	2
0	15449	4952.726496631393	0
0	15455	4955.853666484352	1
0	15465	4961.783194662533	2
0	15470	4964.606411983255	1
0	15477	4967.143258742751	1
0	15491	4972.432121305257	2
0	15496	4973.93222027446	1
0	15506	4977.453387484998	1
0	15510	4977.556216440858	2
0	15525	4982.620139014205	1
0	15532	4984.217474139871	1
0	15543	4987.258949673847	0
0	15548	4987.962783826046	1
0	15554	4989.068214859576	0
0	15562	4991.319704806661	0
0	15565	4991.574353931581	0
0	15570	4993.801634104221	1
0	15577	4997.827548971513	0
0	15582	4999.18296669237	1
0	15587	5002.013841767909	0
0	15594	5004.508056445044	1
0	15597	5006.817707139297	0
0	15604	5009.986659032755	1
0	15613	5014.27185845957	0
0	15618	5015.82743894355	1
0	15627	5021.108789447226	1
0	15643	5026.389804519477	2
0	15656	5030.906268134942	0
0	15663	5032.355502205199	1
0	15678	5038.212134282334	2
0	15687	5042.431837952578	1
0	15695	5043.960338494737	2
0	15706	5048.769504073068	0
0	15710	5048.994787284635	3
0	15721	5054.604368123921	4
0	15735	5060.438530514013	3
0	15742	5065.007382770533	3
0	15747	5066.037268086566	4
0	15750	5067.438263141546	3
0	15761	5071.377711226229	1
0	15776	5076.785447687373	4
0	15787	5080.711728284367	3
0	15793	5081.80960128782	2
0	15798	5083.737234177179	2
0	15810	5087.444124764061	3
0	15826	5092.590773430417	4
0	15827	5092.745496560817	1
0	15829	5092.764191976397	2
0	15843	5097.706615090134	1
0	15864	5102.84443710907	2
0	15874	5105.666870881799	3
0	15882	5108.202071845062	3
0	15890	5109.500664921475	1
0	15905	5113.652963217344	4
0	15914	5115.668742076258	0
0	15924	5118.935384368054	4
0	15941	5124.886479309523	2
0	15955	5129.985694114347	5
0	15963	5133.209437521752	1
0	15965	5134.026856553156	4
0	15968	5134.929963623285	0
0	15974	5135.750477527264	5
0	15975	5136.274036243439	4
0	15987	5141.688626622544	1
0	16005	5147.539982070909	1
0	16028	5153.137070805528	2
0	16032	5154.231671819576	0
0	16037	5155.491193452731	1
0	16047	5158.748734528194	1
0	16059	5162.20139890024	0
0	16067	5164.223819823465	5
0	16075	5168.088360586318	3
0	16077	5168.603797252402	4
0	16084	5170.004264654587	2
0	16086	5170.339018192256	1
0	16096	5174.022634688178	3
0	16102	5175.582142972848	1
0	16104	5175.73158012435	2
0	16120	5180.220223874664	2
0	16126	5180.604134387797	2
0	16134	5182.735469642675	1
0	16150	5186.383157548489	2
0	16173	5192.308620100835	3
0	16178	5194.341057932699	0
0	16190	5197.794573709596	1
0	16192	5198.099365357885	1
0	16196	5199.2399215959	1
0	16202	5200.556829154019	2
0	16207	5201.429113498068	0
0	16209	5201.745942295988	1
0	16217	5203.430905243609	1
0	16238	5209.280294888647	2
0	16250	5212.510665815551	0
0	16253	5213.084139863027	0
0	16260	5214.740250278491	1
0	16277	5220.459196698613	2
0	16282	5222.733009448734	1
0	16295	5226.040541227202	3
0	16305	5229.316548392054	2
0	16309	5230.360696519369	0
0	16316	5231.668848249822	1
0	16331	5236.961775949452	0
0	16335	5237.290304510149	1
0	16348	5242.032722519588	0
0	16354	5243.005952117027	1
0	16370	5248.33565767458	2
0	16378	5251.929148798921	1
0	16386	5253.621299809304	1
0	16408	5259.03484034491	2
0	16409	5259.480284478861	1
0	16411	5259.703376847779	1
0	16415	5260.277625299866	0
0	16422	5262.476849614523	0
0	16428	5264.078252047293	2
0	16431	5265.820251183228	1
0	16441	5269.204631488064	2
0	16448	5274.590729614367	1
0	16450	5274.719724766205	0
0	16454	5275.132290807312	2
0	16461	5280.399806568158	1
0	16473	5285.448737374731	2
0	16481	5290.469773227694	1
0	16485	5291.169724994796	1
0	16504	5297.080848223987	3
0	16522	5303.073090569108	2
0	16528	5305.355139115001	1
0	16538	5308.339554746627	1
0	16540	5309.374470783971	2
0	16550	5311.881150813653	0
0	16552	5313.133621368783	0
0	16558	5313.999426200978	1
0	16574	5319.097045376423	2
0	16591	5324.570949035223	2
0	16594	5325.868524176874	1
0	16607	5329.894661673104	3
0	16608	5329.899604752884	0
0	16614	5332.939380229558	1
0	16622	5335.349101469146	1
0	16623	5336.019602219565	0
0	16629	5339.479556402418	2
0	16633	5340.414570903398	0
0	16637	5340.974512108361	1
0	16649	5346.85402829921	1
0	16657	5349.710363574204	1
0	16665	5352.403140946516	2
0	16668	5352.870814927496	1
0	16680	5357.652721820391	1
0	16700	5363.566649464184	2
0	16723	5369.261432833729	2
0	16739	5374.602379262322	0
0	16744	5374.796101875363	3
0	16745	5375.111441167528	0
0	16747	5375.676788331582	1
0	16749	5376.563545121223	2
0	16758	5380.015616859302	2
0	16770	5385.164141725043	1
0	16786	5390.801659904879	1
0	16793	5392.627443885424	0
0	16795	5392.822645122525	1
0	16807	5395.886263875284	2
0	16817	5400.698455163034	1
0	16824	5401.700175503728	2
0	16831	5403.916530488752	1
0	16843	5407.356576372863	3
0	16856	5412.707432533257	2
0	16862	5413.062038502417	2
0	16878	5418.345055935898	3
0	16890	5422.977288419836	2
0	16895	5423.849523092614	2
0	16898	5424.646233435712	1
0	16911	5428.880302213126	2
0	16915	5429.903167092466	1
0	16931	5434.792447795154	2
0	16939	5438.601045933891	1
0	16948	5440.70386842917	1
0	16970	5446.389227947214	3
0	16974	5447.309311479439	2
0	16987	5451.142870894855	0
0	16992	5451.872506690904	3
0	17007	5457.519903783215	2
0	17008	5457.84140927658	1
0	17012	5459.506691633831	0
0	17021	5463.275160238141	4
0	17024	5464.604866336092	1
0	17035	5469.130315343611	1
0	17040	5470.649318861417	3
0	17054	5475.102374822361	2
0	17061	5477.121598277816	1
0	17070	5480.422036509722	4
0	17080	5485.058885375961	3
0	17085	5485.542710890987	1
0	17088	5486.452032897614	0
0	17091	5487.264430852835	0
0	17099	5490.867901536862	1
0	17101	5491.845756364048	0
0	17106	5493.85891626332	2
0	17114	5496.345531958148	1
0	17128	5501.534295227604	2
0	17135	5504.959926570525	1
0	17141	5506.828200025011	0
0	17151	5512.21592378348	1
0	17175	5526.826958266543	0
0	17186	5537.519895841248	0
1	38	20.555667197565	15.337022150634
1	52	27.40889577975	16.415599428699
1	59	29.132450048581	12.815971021775
1	65	32.131823120056	10.074270933516
1	89	43.024628398591	15.568822256871
1	113	50.537038501934	11.979843462001
1	117	51.476677407976	1.18209541682
1	122	53.260256399401	19.873426958685
1	140	62.323671296473	17.90353086614
1	170	78.98627694906	22.699235729176
1	173	80.448609844551	18.7200187922
1	200	94.736030271977	11.961246184074
1	217	104.477438335306	37.46222677524
1	227	107.044435488643	13.836050579673
1	248	113.689585007726	41.631296546429
1	277	120.648665002666	21.490150821513
1	294	124.619147842867	19.501247770269
1	302	126.354230522643	48.65987952519
1	354	139.79469788936	29.312205628026
1	356	140.343604263736	23.873098601007
1	358	140.563848266259	52.648481609412
1	381	147.836619928016	25.596456460656
1	418	157.108655771591	7.831142282695
1	426	159.729027863244	26.559643110842
1	446	165.656685798199	27.475715502632
1	454	168.422447941735	41.142355211081
1	487	182.020660484679	38.187752881555
1	494	184.783458677471	23.882462696289
1	519	193.386983954932	27.055120061968
1	542	202.100451149632	47.059019129842
1	596	217.418948877373	24.084287133303
1	598	217.973948401051	7.856042527943
1	610	222.909483514494	34.889129719697
1	619	226.579643787472	54.846794199319
1	655	238.445394109003	17.128536730771
1	669	243.519194699242	5.23480621085
1	692	249.876443611927	72.819255691955
1	703	253.362416395688	37.772577966333
1	722	259.272014351097	15.601064674557
1	748	266.16058898205	83.780071552144
1	794	278.232922612341	79.060170410783
1	797	278.400875689815	45.965268235075
1	799	279.118033470702	29.999295739806
1	820	284.905798925902	14.261809668853
1	836	289.293470923328	34.931942282715
1	838	289.837719493196	85.127854206947
1	843	291.172193640732	9.451737827976
1	846	292.038550696454	32.025313983324
1	870	300.297441905365	73.254513726337
1	901	311.023214992486	35.105622792501
1	906	312.318597663312	47.30194334651
1	915	315.68274998176	11.550291809253
1	925	320.20266612771	33.156627140129
1	973	340.75333424693	47.932366187805
1	975	341.857589672436	32.310459493309
1	1010	353.055448363888	54.522982608646
1	1023	357.826846382585	42.465915775861
1	1057	367.705982565994	46.948294915838
1	1083	374.954964357544	32.524073197389
1	1096	377.551377171068	18.436575187718
1	1100	378.450269275576	41.187731338663
1	1110	381.289417536463	28.147650838595
1	1112	381.308799085795	54.723960456793
1	1138	391.311732818612	59.234174174263
1	1160	397.519899494132	33.193898590398
1	1164	399.658324006952	24.503197230405
1	1177	405.914618236477	58.317977787459
1	1183	408.678347335662	39.12900929083
1	1203	420.372403330171	5.762373403879
1	1210	423.52028774401	43.14080836741
1	1252	443.54827297212	57.362906763454
1	1277	452.086999738473	25.689210302312
1	1296	459.400139105275	16.289762791712
1	1298	459.51911255136	67.500455111505
1	1330	470.038973642514	5.008660570718
1	1333	470.415880724673	21.741163808271
1	1370	482.104632498007	84.808229221039
1	1383	485.682657146709	31.938525945528
1	1408	491.896707892769	21.130751466728
1	1413	492.35372799694	89.285435247126
1	1424	497.079160908478	88.1016621003
1	1426	497.152729117547	15.824350733311
1	1433	500.020291150896	40.428598880882
1	1445	506.494211284452	85.908813066322
1	1472	515.36012461922	83.663767825819
1	1492	519.733361283552	16.463397523622
1	1510	526.146857221961	17.652852505795
1	1513	527.970139903016	13.597173980203
1	1519	530.518651907217	5.429898688919
1	1544	542.210980036073	104.95398454625
1	1555	546.467558298144	10.270768015529
1	1559	547.123722490515	71.019243484022
1	1594	559.075941142743	6.239365330781
1	1596	559.666065074048	72.712849196987
1	1608	564.667568787583	22.645422826171
1	1653	580.621650458196	32.914330523809
1	1679	587.474197806801	95.385810025279
1	1682	588.360292913045	24.465096470319
1	1706	594.321146978774	96.77927544388
1	1734	601.705453296893	21.374600929442
1	1742	603.080874168323	83.69459210663
1	1764	609.836560154914	51.296245300558
1	1784	614.619045431497	40.100363313922
1	1801	619.89127829531	50.519157886968
1	1831	630.20089555252	22.278014338105
1	1835	631.812321803767	45.821989430115
1	1840	633.245324104801	102.30770474231
1	1850	635.134287480615	43.889089785865
1	1856	637.058946640111	23.571239295062
1	1858	637.842889469346	2.72072982415
1	1879	645.51278557769	48.948798246457
1	1882	646.584925635261	22.469812444186
1	1898	654.506375682309	52.472372995923
1	1926	662.861332458445	6.644164642319
1	1935	666.416702704162	26.191042968194
1	1975	677.948360379668	15.837242014821
1	1992	683.832519861405	16.498688765569
1	2007	689.866079121015	71.298968307791
1	2010	690.407940311359	61.257837819867
1	2028	695.80587153999	50.348104564247
1	2056	703.207954003251	52.552983890295
1	2064	705.672444979552	32.926515047097
1	2085	712.498908102862	18.264778523823
1	2094	716.756460548847	27.710063480542
1	2102	719.039666877828	41.177797921236
1	2123	725.120995922945	2.682919005631
1	2163	738.898705235685	27.330287787601
1	2181	743.813108214294	59.99008349923
1	2183	744.018682922003	26.838331109844
1	2240	758.563381945714	19.294149732916
1	2242	758.622983437846	58.480316184112
1	2256	762.144945211712	28.874782318253
1	2259	762.928539944463	35.419456335134
1	2294	772.899817033321	66.788466204074
1	2300	774.34901723382	2.163490194828
1	2328	782.315681384529	26.411376133447
1	2338	784.184250901222	39.849583737322
1	2356	788.699149418624	21.553673982856
1	2360	788.815019581349	27.64397428499
1	2401	805.33002747083	6.438936190214
1	2406	807.133609118288	29.732388939126
1	2413	809.475520812091	59.406919124653
1	2427	814.590069046011	32.032460951713
1	2444	818.663837905157	30.789737797691
1	2474	826.5114829652	10.755220863503
1	2483	829.452987407916	36.468488977175
1	2488	831.097447289502	9.951971194824
1	2502	837.802494230564	33.392857370783
1	2527	847.240278788257	37.481818004393
1	2530	847.804843825404	9.712486363134
1	2532	847.835446203008	21.257577588431
1	2543	851.272041161774	19.062273733316
1	2557	856.798842424641	7.845314375707
1	2599	871.662769742542	28.22258838988
1	2623	877.21144446975	22.327284390225
1	2678	895.559095600268	29.829026367864
1	2682	897.702356031046	26.236129306373
1	2684	897.885374111939	37.395443903169
1	2736	912.952992936944	13.650179232123
1	2759	918.763317772073	41.567303132619
1	2763	919.779141960665	14.599582449303
1	2776	923.105963894747	29.074911559817
1	2795	931.866980286434	49.494567200197
1	2813	938.631564905404	50.291993734432
1	2821	942.041761442435	31.70370840945
1	2823	942.144982975904	4.425912225852
1	2867	959.140422845846	37.676569571843
1	2878	962.068819179898	45.938485407274
1	2880	962.072282827581	30.161590976533
1	2892	965.695331270923	38.929365254593
1	2938	982.13804711075	32.782635643378
1	2956	988.612243853155	28.939032700493
1	2959	989.818691022463	46.422485275665
1	2994	998.15002784377	33.350963805685
1	3020	1004.428909683831	12.982263166692
1	3046	1012.981607911179	58.395235904498
1	3058	1017.460735184602	41.830817589769
1	3066	1019.762714368869	49.339609318296
1	3081	1023.581943770167	42.810626562684
1	3155	1043.010569919945	45.875615723082
1	3157	1043.505686994057	23.313088007621
1	3159	1043.883528532458	29.324275661494
1	3200	1054.254007878827	22.931920618169
1	3204	1055.716791559705	69.762692775577
1	3219	1059.845011247319	56.811039413326
1	3221	1060.130223313459	51.45007805794
1	3225	1060.914513453373	34.847759176047
1	3256	1070.244698958004	28.57349888771
1	3259	1070.513469797554	23.713297333799
1	3265	1072.77597182651	15.309991811982
1	3295	1083.756887739402	15.382439877951
1	3302	1085.328705108372	48.856704275706
1	3321	1092.723218436582	29.352924334117
1	3354	1102.52048011089	50.161285148119
1	3370	1106.897426341075	27.572148280567
1	3378	1108.852425884451	34.785747177897
1	3405	1118.10550270823	28.559020295623
1	3408	1118.975781018028	34.617261745152
1	3414	1120.664132864794	25.849595004577
1	3429	1126.748959068089	16.031257805298
1	3437	1130.755127173031	30.67720695294
1	3454	1136.661701033936	20.578073456301
1	3465	1139.078638355826	17.967180505278
1	3472	1142.357639968393	10.970267799684
1	3478	1143.267791374701	6.383384626477
1	3480	1144.452963782122	39.025529026403
1	3505	1154.733366337718	28.488873254624
1	3537	1166.793782288092	24.339570830463
1	3568	1178.310064997756	30.088966771497
1	3584	1183.773142990652	13.884346073493
1	3593	1186.99308996973	28.276491204973
1	3607	1191.144130454861	15.277311416809
1	3615	1193.672572953157	6.642867207527
1	3622	1196.259216650039	42.689448657797
1	3625	1197.32828392903	5.138031625888
1	3630	1198.35940460523	34.131135627746
1	3670	1218.324078532169	36.598822424891
1	3674	1219.378161601369	5.118350914563
1	3719	1233.361323284914	13.821565188702
1	3723	1235.237685077005	26.581091410597
1	3744	1244.291310368221	19.570375229817
1	3748	1246.359470082679	9.970868271314
1	3756	1249.855870993111	52.334974287549
1	3772	1255.978515518709	2.478745410802
1	3774	1256.640541401228	53.394105931983
1	3827	1274.460283140764	9.216196633759
1	3841	1277.999308052004	18.597496424803
1	3847	1280.182916749967	49.468966199555
1	3855	1282.008563926324	34.146689582734
1	3909	1307.700919807422	65.647175556984
1	3920	1310.903971384625	40.343103963999
1	3924	1312.290734948817	9.404985441593
1	3938	1316.430286953222	40.758545273217
1	3940	1316.550060639623	35.408818247965
1	3957	1321.85590056446	8.001839939274
1	3985	1334.274720718962	3.321359360009
1	3987	1334.644933968779	37.170948115645
1	3996	1339.36928463704	53.147805642575
1	4033	1362.257791156184	70.302095409024
1	4044	1365.516199620443	56.966973074022
1	4050	1367.385308194667	2.830463434337
1	4080	1379.139256587946	26.05868459982
1	4097	1385.083217823299	65.925200327425
1	4138	1398.370633235315	39.805010871616
1	4160	1405.980166634306	30.655284337234
1	4165	1407.892918180671	26.758913476954
1	4175	1412.017407684824	86.990402502484
1	4204	1424.237438473263	4.059382974753
1	4219	1429.9117109609	43.307567072682
1	4245	1437.864817318395	101.20671082766
1	4249	1438.783364638575	96.410036178899
1	4272	1446.83143958309	20.820943832863
1	4275	1447.837522890877	44.690263820112
1	4297	1454.768632268538	107.05342444499
1	4301	1455.377227737794	41.117311388253
1	4322	1462.458771399797	24.832927332142
1	4374	1475.186802713891	15.679043920244
1	4402	1484.143383378284	114.23727122381
1	4406	1484.852653039379	52.949756622313
1	4416	1486.891713645301	44.025902417021
1	4424	1489.253792184631	8.417050950695
1	4428	1490.103119772735	41.994753727339
1	4435	1491.337613676667	37.573245845734
1	4440	1492.294700378325	100.04684833764
1	4442	1492.625380130128	6.787712559453
1	4462	1500.992137235001	31.392002153561
1	4475	1506.757716359795	4.806264624464
1	4503	1516.979464580415	9.755205856288
1	4505	1517.405483598244	119.77216756147
1	4535	1528.543774807119	10.746804919558
1	4543	1531.146043491788	122.54002690177
1	4554	1534.640196471002	11.581362015334
1	4559	1535.649173175339	71.135358587036
1	4589	1546.607646008364	18.418731819023
1	4601	1549.364657932664	74.396909015032
1	4626	1558.323472843499	24.94315770804
1	4646	1564.890252101227	15.763034960254
1	4655	1566.822102541912	22.937243887107
1	4682	1581.999339441189	90.780878543514
1	4697	1587.779614182881	16.950236983598
1	4720	1597.775703766376	15.24807513156
1	4757	1610.258858665466	16.686658966005
1	4779	1618.847723681715	121.98773674435
1	4793	1623.152738831125	110.83645172244
1	4803	1626.404140427352	27.811658134335
1	4820	1631.371884180575	9.691851402284
1	4847	1640.319838101733	24.505438848862
1	4881	1650.087005448986	17.704924671445
1	4883	1650.434436384824	111.8159187995
1	4900	1655.751890780748	12.362311630628
1	4922	1663.504776039621	25.790554243607
1	4950	1671.898357831292	117.13343570534
1	4976	1678.377453304006	17.973130652566
1	5001	1685.440520927776	125.52876237152
1	5005	1686.646752435707	20.385216844269
1	5010	1687.465382507066	32.667758968894
1	5072	1704.83106717001	27.57839751593
1	5082	1709.246286770437	26.764136372017
1	5096	1713.650787418826	148.24148002955
1	5123	1722.292178251078	50.170879988004
1	5146	1730.310917635793	42.325087098291
1	5152	1732.117281236212	21.741355403558
1	5188	1742.010437172725	165.33344955336
1	5231	1753.230211985287	25.717321656175
1	5242	1756.112952367516	62.595909234024
1	5274	1764.207782808803	31.637364057477
1	5295	1769.278897447158	64.497932029541
1	5308	1772.597111264017	184.92466123916
1	5337	1780.73833148961	37.338126423189
1	5347	1782.949990740384	44.641776208645
1	5372	1789.024915097627	33.816953462668
1	5381	1791.050118523993	41.732183198561
1	5384	1791.556368227471	187.16644125165
1	5427	1802.567496558301	41.602194281417
1	5446	1806.699591545611	40.222729254744
1	5469	1812.310074900388	18.628457594548
1	5493	1820.289162149772	209.95108775644
1	5505	1822.951884775412	40.642214300806
1	5515	1825.616693732559	53.666925157192
1	5523	1827.064906815768	200.1704883536
1	5549	1834.121911371939	57.011090993071
1	5560	1836.584344187163	20.922011651682
1	5575	1840.546795032912	19.800033987501
1	5584	1841.842117778838	53.632405117275
1	5613	1848.960404689645	49.610410228367
1	5629	1854.127217775098	205.18271107658
1	5648	1858.742223782346	53.679322434245
1	5655	1860.424853807306	7.717094488907
1	5683	1867.998824666942	26.560330705249
1	5712	1878.173013598185	20.224795874908
1	5724	1880.790403362948	181.28917394172
1	5726	1881.34116292081	70.880932665784
1	5746	1887.566134742691	56.368088925495
1	5748	1887.592301623083	171.25793946198
1	5760	1890.673457186322	168.9927110019
1	5769	1893.625727265831	8.543993500993
1	5786	1899.039591917411	25.217142238167
1	5800	1903.659325512814	13.431118610547
1	5811	1906.715551714298	80.547597335544
1	5834	1913.968139902216	34.149650670591
1	5840	1916.070939268674	20.270404839888
1	5865	1927.891006244929	91.678732501235
1	5885	1934.120820780052	87.362099430765
1	5890	1936.084639223635	24.375804473766
1	5892	1936.131261829509	7.618462302489
1	5943	1952.194002235892	88.685165650804
1	5964	1957.380879302614	23.836930710239
1	5971	1959.397866445246	90.592195289337
1	5995	1967.278948788998	66.129229879716
1	5997	1967.368140309694	49.839180125976
1	6018	1973.314911051183	34.622309984878
1	6060	1983.698782319891	34.509132668376
1	6062	1983.967549851742	28.812066947931
1	6064	1984.105988756741	17.777531249214
1	6077	1987.885166767522	81.553759998422
1	6120	2000.726535469521	18.291926174429
1	6129	2004.253277983972	27.285821554484
1	6140	2006.915091927735	13.222133464762
1	6142	2007.576807761102	84.731529935742
1	6157	2013.722870969101	69.962819459746
1	6160	2014.953059828137	26.781514071632
1	6176	2018.964202343491	57.89624865797
1	6190	2023.683456781543	12.842315520393
1	6217	2035.686154769609	36.138985340136
1	6220	2037.63828376412	21.61775210465
1	6223	2038.162198953671	16.200665261016
1	6247	2045.966568704464	74.071969175491
1	6287	2056.993157632641	24.761544968004
1	6332	2068.084745218737	29.917401686546
1	6336	2068.976037449545	25.236360892772
1	6338	2069.730374156961	64.39841930895
1	6340	2070.207739557249	21.172407614186
1	6348	2071.347967117324	44.350045664477
1	6360	2076.31301438761	5.5626659384
1	6391	2086.893427094554	10.284333186342
1	6416	2094.012010377358	28.684018440546
1	6443	2101.846469867154	46.94402820629
1	6449	2103.509966973906	9.949009610107
1	6487	2116.190578063827	33.908827799956
1	6493	2118.437667947952	30.76286475337
1	6496	2119.039102352452	59.012568181385
1	6503	2120.867317436139	10.369750340353
1	6524	2126.983163058869	22.355214157494
1	6544	2133.961535765316	35.185225178255
1	6547	2135.210041632169	3.084422619082
1	6563	2140.574180139452	19.637453013797
1	6616	2154.705496669858	39.203554616429
1	6631	2159.104384080148	21.917104509774
1	6680	2171.900342951751	45.520560921866
1	6684	2173.026881684192	13.526150078629
1	6689	2174.096875349399	4.363733681964
1	6697	2176.717907508597	28.348855494524
1	6699	2176.954540896455	34.338017372182
1	6724	2185.13484594621	20.529013498454
1	6731	2186.988848646166	32.681220389672
1	6759	2199.70101977267	24.318878639838
1	6769	2202.814163460505	5.504013778525
1	6777	2204.831618470016	23.700092868297
1	6798	2212.855263154598	10.300160897082
1	6857	2231.876956947958	39.812576988598
1	6863	2236.417193702532	49.693184245029
1	6870	2238.204192512081	30.093614091517
1	6895	2247.677602794012	5.901063137222
1	6907	2251.660903921342	4.435830039438
1	6914	2254.367912482114	40.692644130789
1	6920	2257.356771538609	32.153715137277
1	6932	2261.233926399256	41.887317750489
1	6936	2262.786340787535	31.751273981531
1	6951	2267.508198090239	31.079842207605
1	6966	2272.253941851078	13.805545778829
1	6969	2273.201092487659	3.06591820484
1	6997	2282.888761771952	7.639026617748
1	7016	2288.29433493816	35.605788833579
1	7041	2297.698125473565	16.799457046785
1	7044	2299.025285462144	34.816524066731
1	7050	2302.315784716039	5.224923098691
1	7081	2318.848032301169	32.700372328866
1	7094	2323.314613555202	32.06870961946
1	7124	2332.783266272274	24.853088334786
1	7140	2337.107451221433	34.773090190952
1	7163	2343.851207543156	24.555318097815
1	7168	2345.67211269505	9.890140731701
1	7180	2349.261857085622	18.888364741579
1	7202	2358.961863155818	17.911356307215
1	7204	2359.320034055964	45.512517297873
1	7225	2366.572207445622	42.013482784038
1	7244	2372.934139253099	26.873423857614
1	7261	2377.96912821335	26.32891643932
1	7292	2387.181364509269	30.108023569219
1	7312	2392.602908911524	30.253466911728
1	7320	2395.106405506136	16.703381491824
1	7337	2399.705936041769	26.426010207621
1	7352	2402.941842344234	13.129518228234
1	7354	2403.225057925556	35.671553704654
1	7374	2409.063522829435	8.337559853681
1	7386	2413.92827729263	18.351597561383
1	7391	2416.550583118099	32.4835448293
1	7409	2424.529376532643	7.641613281565
1	7430	2432.743235621712	4.617288788432
1	7440	2434.944095035193	12.780627038446
1	7454	2443.848819538013	37.760395727819
1	7472	2450.155923677252	11.268852543667
1	7521	2467.667024002286	22.848124060662
1	7529	2471.085890242241	59.568652714253
1	7591	2488.593194884361	27.334555977609
1	7603	2490.840143624569	34.977179407723
1	7628	2498.089208045852	8.461296319147
1	7633	2499.565927069395	20.472614099505
1	7643	2502.810880189173	69.220033205231
1	7655	2506.289997420271	39.040269490801
1	7686	2516.525317771238	16.029574186658
1	7693	2518.482758534367	67.757592715323
1	7711	2525.949622863319	41.396427891105
1	7719	2528.877346987712	55.638243154505
1	7733	2534.37307510559	23.23149993445
1	7738	2535.299286128015	2.159173021093
1	7771	2547.714656821563	3.604496559944
1	7790	2556.496471011192	61.322704671768
1	7792	2557.113515853873	40.163042528087
1	7827	2567.566377549194	2.601300862386
1	7865	2579.31858113978	24.688024265809
1	7881	2582.997601713746	23.267931564944
1	7889	2585.413114503489	79.621219820812
1	7891	2586.267384253666	63.4516782884
1	7912	2592.290237420695	64.411774856502
1	7945	2605.561654657007	66.865169268688
1	7948	2606.413234762375	30.060618203133
1	7962	2610.013842492246	60.500355011439
1	7967	2612.375067059643	15.01714568655
1	7987	2618.777191592494	48.319065233813
1	7995	2620.580919553752	39.067486183019
1	8004	2623.22058810456	20.281802108977
1	8006	2623.401841631618	31.197698239935
1	8020	2626.440492414047	12.961047404561
1	8081	2643.831088906967	56.837135577462
1	8096	2646.592872362111	27.481310712871
1	8100	2648.300644825207	18.377053016564
1	8123	2656.00856595742	31.261584980647
1	8139	2659.735244045262	24.274801856839
1	8162	2665.899778230808	14.61783122341
1	8183	2671.401966736186	63.153726227588
1	8207	2677.452105786295	21.130411869262
1	8215	2679.228737400956	11.826491334825
1	8236	2686.543370189026	46.048556764729
1	8255	2691.808823234866	29.648176702209
1	8263	2694.474807191517	15.719112258753
1	8278	2699.87858137418	3.883924313123
1	8301	2708.440995393085	62.173216269819
1	8324	2718.695141939446	34.255116570979
1	8338	2725.03982242965	23.173826293093
1	8356	2732.178742700832	2.511103912606
1	8364	2734.864698740886	61.910984571097
1	8379	2741.253076076618	17.035879335483
1	8440	2758.997809782044	68.652872697574
1	8473	2767.590557022721	60.230670130587
1	8485	2770.533067156205	30.652471432811
1	8487	2771.012410253871	58.184184210267
1	8491	2771.687340114259	37.011379952542
1	8524	2780.033270851589	35.020386777238
1	8584	2795.334402006587	76.792148704183
1	8589	2796.709007993916	35.64191865723
1	8602	2799.752841247009	27.961680885406
1	8622	2805.941301103562	50.227213499022
1	8636	2810.399104970617	17.110430247265
1	8643	2811.954554954545	61.409917274031
1	8646	2812.740245418502	2.517970410292
1	8673	2823.410521999001	45.76649480267
1	8682	2826.418922213721	27.161959712049
1	8695	2829.76042637706	63.650761100117
1	8747	2847.264382752122	26.26700231666
1	8778	2854.737556923643	71.836531215815
1	8783	2855.699525979113	39.713050903057
1	8821	2864.842097165294	22.268114031994
1	8828	2867.080786179748	79.058110691376
1	8831	2868.52981641469	20.640566962305
1	8853	2875.374921174835	48.69245182339
1	8880	2884.833771015864	80.432412754164
1	8929	2898.979916082346	45.500099061411
1	8948	2904.037999002725	71.695888995893
1	8955	2906.477040913998	31.925340158282
1	8960	2907.300770548868	69.863567067778
1	8984	2913.768952304378	22.823561311585
1	8998	2918.006058968018	59.489555352718
1	9033	2926.653920578301	30.167800670258
1	9038	2927.737019149001	9.543250483113
1	9048	2929.976984767944	66.442804869737
1	9055	2933.133149502098	20.581187673381
1	9058	2933.412455228501	25.917307448223
1	9071	2936.628653329681	67.284686415112
1	9095	2945.364990599687	65.083450360928
1	9128	2954.531613265858	13.21182969818
1	9150	2959.982814026413	35.836515425592
1	9162	2962.956095833909	15.702645779472
1	9173	2965.038664934337	35.15582021291
1	9182	2967.243897798234	14.980295254384
1	9195	2969.616042958573	83.904727331834
1	9219	2975.649518219518	11.705937314082
1	9239	2982.269254676295	46.518888879336
1	9253	2988.410384481771	30.327733130663
1	9260	2991.005286674712	89.385012879738
1	9284	2999.988845673501	9.265898826881
1	9297	3005.259478318618	35.91741392587
1	9301	3006.716519403151	31.902536254726
1	9336	3017.602347684204	4.009819132625
1	9352	3021.129880066259	36.005727564219
1	9354	3021.687059323065	13.492914960952
1	9356	3021.776452743445	41.904259747594
1	9388	3035.441527902376	15.89519145945
1	9410	3045.259570512802	48.734965808576
1	9429	3052.676238068842	4.984302252998
1	9472	3065.875094886512	40.736917878149
1	9491	3071.555047391216	69.176327014813
1	9507	3076.677392791602	23.501190339331
1	9539	3087.027356725064	50.618004502379
1	9557	3092.890407259458	62.133854721327
1	9576	3099.132322068207	34.687228693047
1	9585	3101.126599036384	42.064780143321
1	9589	3101.965600874851	31.780177293926
1	9609	3107.173955958452	65.26947955124
1	9611	3107.353032968117	31.701442886026
1	9632	3113.346794561015	31.976594415263
1	9658	3121.178148184199	28.841819117078
1	9687	3133.943253936012	46.980577630926
1	9690	3134.511799977619	37.072059063471
1	9694	3135.171815129458	3.805573208025
1	9735	3147.440872986677	27.306916778555
1	9746	3150.980837015311	8.62823342031
1	9763	3156.690019583792	3.653155551991
1	9765	3156.876742316293	53.515985822426
1	9776	3161.090283574183	2.443961550365
1	9781	3163.593303617202	27.018300816766
1	9820	3181.942434936294	17.324782703539
1	9837	3189.270848333252	80.654284651744
1	9866	3196.916356418743	4.352994108572
1	9879	3200.287971758047	19.238416628446
1	9909	3209.437077740668	22.646437172078
1	9926	3214.373701896634	99.795097517203
1	9931	3215.871589738871	17.977063919184
1	9993	3234.590227913107	25.891514163697
1	10012	3238.878263234854	35.259118282235
1	10026	3242.973126783151	117.2758298748
1	10032	3244.878361133737	24.745171770336
1	10074	3258.425526954578	28.222468597465
1	10076	3258.449082457343	111.06857360609
1	10080	3259.22449332999	7.147569690946
1	10097	3264.619029141374	23.036098063572
1	10116	3271.240518768548	13.580489923247
1	10181	3288.738783181178	118.45697451895
1	10185	3289.317376732705	42.692852973821
1	10188	3290.370010970388	26.872702371327
1	10192	3290.942181017128	5.332166948936
1	10220	3298.510589874694	24.02443229209
1	10226	3300.109181642763	30.837145601167
1	10244	3305.854367109364	130.04739980831
1	10303	3325.355346911699	28.196122662978
1	10312	3328.088718339913	48.274888671119
1	10324	3332.444228367994	118.16783244151
1	10332	3334.505787690282	32.047280849538
1	10348	3339.477353791704	114.32114111097
1	10362	3343.513551069533	52.319513909166
1	10366	3344.992571102102	36.997307170996
1	10406	3360.761504449415	125.14156949777
1	10417	3364.59660958452	12.088960377267
1	10431	3369.505637973777	55.511944591999
1	10449	3374.177901610847	16.205653176993
1	10465	3380.68572636647	61.224591296866
1	10478	3384.585330892119	5.49896778632
1	10486	3388.35193363286	58.218619304128
1	10498	3393.287018795382	68.687956925601
1	10500	3394.26142532588	25.70658712555
1	10532	3407.640386342539	71.683032831181
1	10556	3418.185740404532	77.202051203702
1	10558	3419.128262181184	34.899237062901
1	10602	3438.436748680197	91.72583473195
1	10609	3439.571769502251	76.299833898905
1	10636	3449.480890674982	54.176068696196
1	10650	3453.501463702418	79.523224047857
1	10682	3462.156816339351	27.665113035591
1	10693	3464.84494073933	9.413341496953
1	10723	3473.049120848761	12.338607643962
1	10742	3478.651014354547	66.62284621201
1	10745	3479.305203078778	28.930586786243
1	10764	3485.223855545745	95.279145240089
1	10777	3489.332706584479	88.22283757327
1	10792	3493.675246760016	76.613698036413
1	10804	3498.491966996575	53.154874008851
1	10834	3507.665135457994	30.645455043648
1	10841	3510.048276146758	103.13665624115
1	10875	3518.764045149319	52.77367699938
1	10911	3527.229829375167	104.41871202155
1	10913	3527.863993781966	17.274159283028
1	10918	3528.901230522432	100.20548004471
1	10922	3529.80815626797	58.549988438841
1	10926	3530.799509319474	37.335283890366
1	10939	3534.326586098408	51.706598314457
1	10979	3545.648045048468	106.12951839099
1	10989	3547.907715899987	60.066840846677
1	11024	3556.619242185259	57.193310209317
1	11032	3559.072573668206	31.963188337047
1	11043	3561.113344398095	17.442074615046
1	11067	3569.275638256103	30.662607116276
1	11097	3579.276752745382	74.477327034926
1	11104	3580.858456897782	31.495804545705
1	11115	3583.037689991294	66.993208655623
1	11130	3586.718197802198	9.380020696322
1	11161	3595.222499773719	40.246370064677
1	11167	3596.359324052115	7.695248065401
1	11174	3598.354258605743	76.952861233615
1	11195	3604.246466727809	4.128273681155
1	11209	3609.073435662428	76.375688549946
1	11212	3610.351854657867	27.315937364821
1	11247	3621.01490701118	60.566209848623
1	11259	3623.614048855378	6.712531952188
1	11299	3633.204006285171	10.701860109576
1	11306	3634.429991250274	22.673414772493
1	11312	3637.099345228749	31.104143287171
1	11334	3644.617938339827	79.049379180537
1	11344	3646.890921349869	18.498259765795
1	11353	3650.596879358634	11.416560230776
1	11366	3655.522193494601	84.04036678921
1	11381	3660.236413242527	65.965166260954
1	11424	3674.37244077667	17.93665474269
1	11426	3674.809486477866	40.728913368889
1	11428	3674.883403167361	30.084062335315
1	11438	3678.69564739929	16.894874900696
1	11444	3679.57942697359	28.938627738271
1	11451	3682.244462661096	3.051261582296
1	11474	3689.841601789929	5.047336132266
1	11488	3694.658912571843	21.427276768254
1	11498	3696.963377783306	29.224128669592
1	11521	3707.111708983311	16.947444239397
1	11530	3709.285075558815	7.798219860998
1	11533	3710.198979701846	2.775279085385
1	11544	3716.638218421604	20.66515337571
1	11626	3746.090317674909	33.441364916505
1	11643	3751.033803743426	32.409538390698
1	11668	3759.228990467147	24.134523409301
1	11676	3761.552310613447	32.001239045987
1	11690	3768.565143751097	44.480373332162
1	11715	3779.475595898228	5.053774421336
1	11728	3784.862130463003	32.745473080893
1	11763	3796.370362606134	55.498982506806
1	11799	3808.923319511	23.426585857641
1	11822	3816.599168276296	36.378726005203
1	11838	3821.908936192632	30.602624286317
1	11850	3826.66337770899	80.492138763659
1	11862	3830.944033209121	73.100750688117
1	11868	3833.851197892566	25.396799473091
1	11893	3843.657503484514	18.9213163245
1	11922	3852.054700544224	88.90872509417
1	11926	3853.318047758428	84.358108780117
1	11949	3860.3176292954	19.107320016949
1	11979	3869.281062989611	39.146261593909
1	11985	3871.788724569491	74.685121058141
1	12015	3879.764341537605	17.98578793276
1	12022	3881.842225104917	14.959318288252
1	12039	3885.878034438938	29.197258253351
1	12044	3886.897902924215	14.489410632638
1	12079	3897.663571261338	94.840131293985
1	12093	3901.334843177579	17.767920112005
1	12112	3907.468983703522	29.290931686292
1	12152	3920.199798160112	14.542104280668
1	12168	3924.425307387368	34.867404035177
1	12178	3926.919470293335	113.13236458262
1	12189	3929.250761373549	34.596604332911
1	12194	3930.148722511596	13.219499157857
1	12241	3946.186664850338	127.03016191058
1	12260	3950.9716167259	50.466965322615
1	12264	3951.509846865312	1.821097209933
1	12269	3952.830872691583	13.775031572558
1	12278	3955.087328100806	32.848184309433
1	12284	3956.838343783162	1.876550897141
1	12288	3958.672056175183	30.483944523963
1	12304	3966.787478802845	131.2160846378
1	12328	3975.094761634127	3.918986482663
1	12351	3984.853924500752	18.792825045063
1	12370	3991.37893249083	144.92217581545
1	12438	4007.202940707906	24.203421245677
1	12440	4007.214259255788	30.204479997858
1	12464	4018.091105280674	29.616281804861
1	12476	4022.536870304964	171.00831449358
1	12501	4028.867262615935	29.262963515822
1	12521	4034.247528908769	17.193046002181
1	12527	4037.207889300651	25.76201868907
1	12542	4040.655023976691	17.656617064494
1	12545	4042.136091767115	131.00461394573
1	12575	4055.574013030392	121.86618771707
1	12577	4055.690698740301	27.27306478517
1	12587	4058.460966601033	24.253532161237
1	12608	4063.711885743421	12.989374877302
1	12616	4067.189468694382	10.858512251172
1	12622	4067.489184595414	123.01704959828
1	12664	4082.706131005423	37.30845346814
1	12684	4089.4755790747	27.411304388314
1	12703	4097.606329194273	136.66681014933
1	12760	4115.674798103752	121.99544489221
1	12764	4117.21980592818	49.905617444546
1	12769	4118.416721106737	25.044374929275
1	12780	4121.18679912423	1.814814005396
1	12801	4128.480976374588	56.136624632174
1	12823	4135.06608231424	10.239768380885
1	12849	4143.449939046873	137.93500001857
1	12860	4146.343758692732	47.743525600529
1	12871	4149.333250591417	109.92857956712
1	12889	4154.376697876027	76.897569902246
1	12896	4156.629605264287	52.782108925635
1	12899	4157.146800541782	26.322694168659
1	12914	4160.791212524522	78.004842549101
1	12935	4167.821792809173	14.798351167352
1	12960	4175.878765541241	12.164557062671
1	12975	4179.96403077012	71.100868403682
1	12992	4184.324997518324	14.940834126784
1	13025	4192.583173335292	17.648215249878
1	13030	4193.824859011105	105.93173180416
1	13033	4194.509051367985	3.423292326623
1	13039	4196.004685149292	15.132165686926
1	13049	4199.235480166389	62.688617021197
1	13079	4208.716459590358	61.004933063757
1	13113	4219.136357393002	105.09426183801
1	13118	4221.503886786402	24.478565470431
1	13154	4234.750854388225	48.720007261843
1	13180	4241.136744929941	38.728758234764
1	13201	4247.140708088756	33.79225268343
1	13212	4249.640048778845	25.559435947331
1	13221	4251.543413605428	109.49731554825
1	13237	4256.4119250793	26.836402560585
1	13245	4257.726199070802	11.42948813026
1	13269	4266.507739718885	48.073211704265
1	13317	4280.50088620163	122.40916583176
1	13338	4285.593035503174	50.389407778044
1	13361	4291.386616465283	18.709161140372
1	13370	4294.938763217185	32.447655695142
1	13402	4305.40484416508	37.879136654316
1	13409	4307.07631324383	66.70543739421
1	13411	4307.099536000637	98.895379122468
1	13463	4326.152849272945	74.739005230256
1	13483	4333.006937294736	75.968678882117
1	13495	4336.595709963352	52.683522527922
1	13501	4337.800586935134	59.380464842313
1	13509	4339.702606640411	44.317748411914
1	13517	4342.597037550881	41.880056692876
1	13544	4351.212035484031	61.375935086634
1	13569	4360.823907776505	49.362157013737
1	13575	4361.567138548477	21.989133327505
1	13581	4363.986199479551	40.661482240542
1	13583	4364.079758394398	58.069077722386
1	13602	4369.902617016925	41.307154937534
1	13627	4376.089477737206	58.739585010574
1	13645	4380.611693921969	46.100410281454
1	13665	4385.872983661478	24.383625178365
1	13668	4386.736760706759	42.054579859254
1	13687	4391.913333108769	41.636970847502
1	13703	4398.47396024002	31.281402938417
1	13758	4412.275541813344	34.351154838922
1	13774	4416.582817097547	60.594506311352
1	13791	4421.508616937906	48.868644229487
1	13811	4425.991915498747	36.754564552923
1	13813	4426.449004236142	32.206743487857
1	13825	4428.835999371249	28.71621297719
1	13841	4432.255441718035	15.229734116002
1	13856	4435.982368469124	24.956335937725
1	13867	4438.80198538862	55.561840974028
1	13869	4439.068815548086	16.985183440497
1	13874	4440.807947131336	2.066996781388
1	13878	4442.046347714727	36.535390101142
1	13888	4445.446365671929	18.347264729441
1	13918	4458.097204033166	2.85485151771
1	13921	4458.788656829039	15.034620410414
1	13932	4463.150562299063	13.527555128443
1	13948	4474.570367150239	41.611130062491
1	14001	4496.611290340893	35.467951366796
1	14032	4507.199471164026	18.398918888066
1	14039	4509.363016470564	31.525439857271
1	14049	4511.744001219512	44.766921221046
1	14071	4519.99873998621	14.284728344528
1	14092	4526.176746175155	54.167885453672
1	14104	4528.51545009459	28.346011378802
1	14136	4538.639835104111	16.41146141314
1	14144	4539.850905306168	23.250759654212
1	14148	4540.827528213729	29.571215091621
1	14164	4546.050165626682	62.799568635643
1	14227	4567.250062723524	28.041730193304
1	14230	4568.180247401234	40.127517891466
1	14238	4572.305704545808	77.659979767049
1	14285	4586.941603637882	53.124693764027
1	14291	4588.975630061583	39.297532640748
1	14293	4588.995208452454	5.724519355922
1	14304	4592.545269320253	48.097415306841
1	14316	4595.897447477909	40.974391401165
1	14337	4601.488672287666	29.166464543202
1	14344	4603.451458960536	25.773068754002
1	14362	4607.606461454763	46.766380424728
1	14411	4620.295177033636	25.422487616774
1	14415	4620.420603997422	53.843427503832
1	14417	4620.899258278542	20.425982424293
1	14428	4624.762012172839	35.62055887806
1	14448	4631.497441717303	8.567214042996
1	14459	4635.837753476341	18.721642423191
1	14489	4646.450056365106	7.4324364356
1	14506	4653.951063811659	25.628475899692
1	14517	4657.72700454015	51.503025510349
1	14565	4681.300209460197	47.298061550714
1	14588	4687.868779946466	76.225968335408
1	14602	4692.098674172764	10.347867026227
1	14631	4704.15206262702	43.325036399535
1	14637	4706.993931699194	62.952609129136
1	14640	4707.734546582214	58.504974237413
1	14642	4708.346572955603	15.818241288656
1	14664	4717.738930583349	62.847902191224
1	14680	4724.974332497101	15.363467011251
1	14685	4726.319488712353	60.196102821039
1	14693	4729.581883723032	57.996480915583
1	14706	4733.350313686993	13.098537639016
1	14729	4740.05872059136	63.46228279162
1	14734	4741.676001550046	54.768601850028
1	14775	4754.275417024031	28.162141195498
1	14797	4761.493300494382	29.651799235142
1	14818	4769.307906394356	71.484425133096
1	14847	4777.257629366006	2.281427546288
1	14863	4783.635684590662	35.939755314142
1	14874	4786.68874468526	82.976050752798
1	14877	4787.327670617838	44.72263885883
1	14927	4801.743641641562	48.672085114631
1	14961	4809.859049875052	18.478780361124
1	14966	4810.646229719506	46.393413915997
1	14983	4815.181156180098	100.52825347986
1	14985	4815.209419087736	13.155348209897
1	15002	4819.432850457144	82.474002840815
1	15010	4821.433205511758	51.803785821298
1	15048	4831.378912047936	45.388356207395
1	15067	4836.231296942914	28.271638486184
1	15070	4836.976021345935	78.323688420934
1	15081	4839.979553158033	10.061348296111
1	15096	4844.040641436234	63.079145174125
1	15098	4844.680870024018	9.051713403315
1	15112	4849.996295231508	53.287552344031
1	15128	4854.966944227923	36.451743951533
1	15159	4865.348266751156	52.074445934387
1	15172	4869.123708244409	23.054244635859
1	15190	4874.853443777071	50.54116505699
1	15217	4883.233171646134	42.37326907332
1	15235	4887.085803320393	8.080090601928
1	15237	4887.44266771478	30.482876571126
1	15249	4890.178366117645	38.561031009074
1	15258	4893.030736986194	2.882522267406
1	15267	4895.498930357397	33.028283575787
1	15294	4902.505558977946	28.521466514677
1	15314	4907.229879272165	22.714236814761
1	15326	4911.741154993537	43.439995260799
1	15338	4916.150605446304	20.044002030393
1	15363	4926.171216016397	19.298221155069
1	15376	4929.140270633966	27.735445755882
1	15387	4933.669078848784	21.589675673748
1	15400	4936.727227548713	19.097054878132
1	15422	4944.667676853477	22.025852892315
1	15428	4945.649544677808	17.167740622884
1	15439	4949.539711957676	9.574765148456
1	15449	4952.726496631393	7.630193392864
1	15470	4964.606411983255	8.752745498903
1	15496	4973.93222027446	39.601241994066
1	15506	4977.453387484998	15.670192822465
1	15532	4984.217474139871	33.818366296005
1	15543	4987.258949673847	4.638810659642
1	15554	4989.068214859576	16.636093554319
1	15562	4991.319704806661	24.17644606391
1	15565	4991.574353931581	14.018137490723
1	15577	4997.827548971513	4.025914867292
1	15587	5002.013841767909	2.830875075539
1	15597	5006.817707139297	2.309650694253
1	15613	5014.27185845957	26.309074633524
1	15656	5030.906268134942	9.797478687716
1	15687	5042.431837952578	32.445178919823
1	15706	5048.769504073068	32.942065129518
1	15742	5065.007382770533	38.617578251056
1	15750	5067.438263141546	35.082760936347
1	15787	5080.711728284367	36.75138978963
1	15798	5083.737234177179	45.525099894845
1	15827	5092.745496560817	21.367785334588
1	15829	5092.764191976397	43.769404691762
1	15874	5105.666870881799	45.228340367786
1	15890	5109.500664921475	54.896296797554
1	15914	5115.668742076258	33.859140788438
1	15963	5133.209437521752	56.423989834379
1	15965	5134.026856553156	36.320241463022
1	15968	5134.929963623285	10.043484313762
1	15975	5136.274036243439	70.236768156873
1	16032	5154.231671819576	6.691689748667
1	16037	5155.491193452731	13.802566830187
1	16059	5162.20139890024	3.452664372046
1	16075	5168.088360586318	80.644235822257
1	16077	5168.603797252402	65.759360143332
1	16086	5170.339018192256	17.201947386728
1	16096	5174.022634688178	65.820562843116
1	16104	5175.73158012435	83.140806693933
1	16120	5180.220223874664	61.28483950661
1	16134	5182.735469642675	69.082506425331
1	16178	5194.341057932699	24.336793278112
1	16192	5198.099365357885	68.113671243538
1	16196	5199.2399215959	63.489444068636
1	16202	5200.556829154019	24.974686181171
1	16207	5201.429113498068	3.634539788472
1	16209	5201.745942295988	21.141807908191
1	16250	5212.510665815551	9.079760571942
1	16253	5213.084139863027	26.700982314538
1	16282	5222.733009448734	58.509189625269
1	16305	5229.316548392054	14.576298113563
1	16309	5230.360696519369	38.052076418534
1	16331	5236.961775949452	27.681481060805
1	16348	5242.032722519588	4.742418009439
1	16378	5251.929148798921	31.469952100308
1	16409	5259.480284478861	27.811436229039
1	16411	5259.703376847779	6.082077038475
1	16415	5260.277625299866	17.271673182839
1	16422	5262.476849614523	14.141191939943
1	16431	5265.820251183228	6.785410838318
1	16448	5274.590729614367	48.550188387165
1	16450	5274.719724766205	10.641472718912
1	16481	5290.469773227694	21.26514173963
1	16528	5305.355139115001	14.185414120205
1	16540	5309.374470783971	28.974664215813
1	16550	5311.881150813653	36.748860006341
1	16552	5313.133621368783	4.794066622156
1	16594	5325.868524176874	22.795433607766
1	16608	5329.899604752884	10.802559376461
1	16614	5332.939380229558	47.490642854827
1	16623	5336.019602219565	38.938753995578
1	16629	5339.479556402418	25.48013020144
1	16633	5340.414570903398	5.065469434252
1	16657	5349.710363574204	25.139414538981
1	16668	5352.870814927496	6.016786628286
1	16739	5374.602379262322	22.199238315806
1	16745	5375.111441167528	17.458719347137
1	16747	5375.676788331582	34.702276223221
1	16749	5376.563545121223	46.668883448119
1	16793	5392.627443885424	7.463302160381
1	16795	5392.822645122525	23.561212288796
1	16817	5400.698455163034	20.682838303732
1	16831	5403.916530488752	40.349881024568
1	16856	5412.707432533257	21.905772628378
1	16890	5422.977288419836	27.091024544552
1	16898	5424.646233435712	22.946057931984
1	16915	5429.903167092466	55.107065217103
1	16939	5438.601045933891	25.539007431474
1	16974	5447.309311479439	39.952735106576
1	16987	5451.142870894855	32.797814958957
1	17008	5457.84140927658	33.991886183966
1	17012	5459.506691633831	24.714243838677
1	17024	5464.604866336092	23.900997906922
1	17040	5470.649318861417	41.769016648291
1	17061	5477.121598277816	19.601694494601
1	17080	5485.058885375961	38.669657428747
1	17088	5486.452032897614	11.349658075253
1	17091	5487.264430852835	18.134115509224
1	17101	5491.845756364048	6.303045473061
1	17106	5493.85891626332	41.986409572416
1	17135	5504.959926570525	41.684766332384
1	17141	5506.828200025011	10.482668066863
1	17151	5512.21592378348	21.348022246618
1	17175	5526.826958266543	46.404921756821
1	17186	5537.519895841248	35.985600613644

