version 3
run General-1-20240430-20:30:43-5480
attr configname General
attr datetime 20240430-20:30:43
attr datetimef 20240430-203043
attr experiment General
attr inifile omnetpp.ini
attr iterationvars $0=true
attr iterationvarsd true
attr iterationvarsf true-
attr measurement $0=true
attr network Supermarket
attr processid 5480
attr repetition 1
attr replication #1
attr resultdir results
attr runnumber 1
attr seedset 1
config network Supermarket
config repeat 10
config num-rngs 10
config **.use_random_strategy true

vector 0 Supermarket queueSizeOverTime:vector ETV
attr recordingmode vector
attr source updateQueue
attr title queueSizeOverTime
vector 1 Supermarket customerWaitingTime:vector ETV
attr interpolationmode none
attr recordingmode vector
attr source customerFinished
attr title "cust waiting time"
0	7	5.84881769307	1
0	14	11.147578851553	1
0	23	16.781227083179	2
0	33	21.806398816873	2
0	34	22.355547326036	1
0	46	27.071964944481	1
0	61	32.160304759397	2
0	63	33.436001648662	1
0	69	35.152253331965	1
0	78	37.844123186079	1
0	82	38.926474403126	0
0	88	40.541766866111	0
0	95	42.848071453395	2
0	103	47.511482847623	1
0	109	48.738887983608	1
0	117	51.80343573296	0
0	125	54.460643296364	2
0	129	56.283630912658	0
0	135	60.188078807202	1
0	149	65.902654592647	2
0	162	71.31632197043	1
0	169	73.732325290213	1
0	178	76.90022333758	2
0	196	82.005625166698	2
0	211	87.071188434493	3
0	212	87.622652943479	1
0	215	88.530463267932	1
0	226	91.053155667147	2
0	232	92.836644251831	1
0	235	93.525453180074	0
0	250	98.448587588733	2
0	264	103.712425213074	1
0	268	103.76782367914	2
0	280	108.462950777959	1
0	285	109.10332332761	3
0	298	114.217307690531	1
0	308	116.688727661386	0
0	322	120.070350684458	4
0	331	123.123572833255	3
0	340	125.696637834422	2
0	341	125.737082152393	0
0	352	131.428372457623	4
0	354	131.892229394405	1
0	359	134.236651863553	0
0	366	136.627319997176	1
0	372	140.976925610916	3
0	380	142.459309763275	1
0	386	145.419311812146	0
0	394	148.21395745594	2
0	406	154.086349914316	1
0	423	159.411861552158	2
0	441	165.287606047466	3
0	443	166.03881305072	2
0	451	168.91829196166	2
0	457	170.381066426169	1
0	474	176.223884363659	3
0	476	176.319495842675	1
0	488	180.193581292523	2
0	497	181.607998810709	2
0	499	181.791007981986	1
0	512	185.615800312371	0
0	519	187.044352508616	2
0	533	191.74732353771	1
0	535	192.386592588503	0
0	540	192.631483431207	3
0	550	197.882857566467	1
0	555	199.478921024247	2
0	563	202.168004342588	1
0	571	203.785689322278	3
0	575	206.061886110463	2
0	586	209.158209271729	2
0	596	213.378226752859	0
0	601	214.19749103603	1
0	613	218.530042980103	1
0	618	219.324462882244	1
0	637	224.559501480312	2
0	648	227.298461906261	1
0	661	230.333331778181	2
0	680	235.536378395046	3
0	681	235.597104437887	2
0	684	236.125717194517	1
0	700	239.702342657492	0
0	702	240.212555420466	0
0	706	240.851305270103	1
0	723	245.965954070446	3
0	738	251.009051424918	4
0	745	253.964504118317	3
0	753	256.565569610802	2
0	761	259.58415267535	0
0	763	260.159027756193	1
0	770	261.916527835654	1
0	787	267.522105397891	1
0	808	272.656668396901	2
0	810	273.08856767416	0
0	821	276.471822827829	2
0	827	277.918884058019	1
0	848	283.425291884227	2
0	855	285.975284192595	1
0	867	288.757735978348	2
0	868	289.062378212228	1
0	885	293.879588537267	0
0	889	294.315314169043	3
0	890	294.325030248496	0
0	899	297.737258649554	1
0	907	299.692754836521	4
0	914	304.301627440029	3
0	919	304.833330621012	2
0	932	310.812149764039	3
0	933	310.898378037622	2
0	945	316.307198393857	3
0	957	321.413131454261	4
0	965	325.517021526007	3
0	970	326.731404258404	1
0	982	330.727812029538	2
0	990	332.309540693183	2
0	998	335.813885472598	1
0	1010	338.164234838216	1
0	1013	339.10476653139	2
0	1021	341.48687131703	1
0	1031	343.62876564404	3
0	1044	348.301829299891	0
0	1051	349.347368452232	1
0	1054	350.401992243831	0
0	1068	355.06816704059	2
0	1083	360.418823437765	4
0	1090	363.298344090114	0
0	1092	364.578910367329	1
0	1097	365.909378117183	5
0	1100	366.980207451744	4
0	1111	371.504239067901	1
0	1125	376.554716741899	2
0	1133	380.029254053718	0
0	1137	381.211889298989	3
0	1141	381.662780520506	1
0	1146	384.462682288371	1
0	1156	387.162011204986	4
0	1170	392.527376174461	1
0	1172	393.116959010257	3
0	1179	394.988204308901	0
0	1188	397.530292259995	2
0	1190	398.475683096098	0
0	1202	403.517181379721	1
0	1217	408.986966670026	4
0	1227	412.900271191733	3
0	1235	414.949163557031	1
0	1244	417.349372453985	1
0	1258	420.643390531187	2
0	1277	425.692018536619	4
0	1278	426.144170555284	0
0	1288	429.562589527579	3
0	1293	431.200707992195	2
0	1297	431.641688524746	1
0	1307	434.439284645834	0
0	1315	436.693017829094	1
0	1319	436.868461865932	2
0	1334	442.790694650729	2
0	1339	444.04429870891	1
0	1350	447.856192503591	2
0	1356	449.6795068651	1
0	1366	452.581699282395	1
0	1370	452.993565755897	1
0	1395	458.971465019743	2
0	1412	464.542369881996	0
0	1416	464.549129272114	1
0	1426	467.244615863544	0
0	1428	467.619919991353	1
0	1435	469.427366627503	1
0	1440	470.110686639325	1
0	1462	475.927863343154	2
0	1483	481.636713169283	3
0	1491	484.025465735702	0
0	1502	487.009775565472	2
0	1507	489.80783141416	1
0	1512	491.423903498333	2
0	1518	492.703665631824	2
0	1534	498.117463439238	1
0	1540	500.102432182879	0
0	1552	503.283665583004	3
0	1568	509.048040343216	1
0	1583	513.594072910841	0
0	1588	514.138147078688	3
0	1593	516.165061976877	2
0	1605	520.100113678957	1
0	1610	521.518962514007	0
0	1613	521.72269433958	2
0	1625	525.689461390256	3
0	1636	529.601228399668	0
0	1641	530.816335809418	3
0	1648	534.904001394752	2
0	1654	536.112239569194	1
0	1669	541.142924407033	1
0	1679	544.572336581535	2
0	1685	545.935964322884	0
0	1691	546.88778848597	2
0	1706	552.137674719097	3
0	1710	553.645612046588	2
0	1720	557.30574752018	3
0	1724	558.778626273621	1
0	1733	562.530542498222	2
0	1738	562.904799317943	2
0	1755	568.753308500864	3
0	1763	572.105173051361	1
0	1772	574.534369118747	4
0	1789	580.081412443428	2
0	1792	580.660342856193	1
0	1800	583.380277291758	3
0	1812	585.83187704813	1
0	1814	586.434056721743	0
0	1816	587.043679717932	1
0	1828	590.993487625385	2
0	1847	596.506610333922	2
0	1849	596.957208418173	1
0	1857	600.311138047025	2
0	1865	601.70544536901	3
0	1868	603.247119670739	1
0	1878	606.734015623577	2
0	1883	606.880259263565	2
0	1893	610.479540282862	0
0	1900	612.566181233156	3
0	1912	618.308855811603	3
0	1924	623.882729082139	1
0	1934	627.910020426851	2
0	1941	628.99945858843	1
0	1949	631.396789797352	2
0	1964	634.715289458403	2
0	1965	635.155516404312	1
0	1972	636.612500746737	1
0	1986	640.557971332226	2
0	2005	646.131747563141	3
0	2015	648.989125284951	0
0	2021	651.242563881215	1
0	2027	651.727741491752	2
0	2043	657.078954995148	3
0	2052	660.667873381758	2
0	2059	662.175810997844	2
0	2061	662.366048909146	2
0	2063	662.957683060552	1
0	2067	664.93874282355	0
0	2076	667.569230107129	3
0	2082	670.215280897106	1
0	2090	672.953260880201	4
0	2096	676.686904398263	3
0	2099	678.543939986736	2
0	2104	678.782662804243	3
0	2109	681.922921439406	0
0	2115	684.290263714506	1
0	2126	689.651053332961	2
0	2136	694.695313449022	1
0	2139	695.550777630886	1
0	2142	697.136876476468	0
0	2151	700.160446778643	4
0	2154	701.398957780449	3
0	2162	705.34136738	1
0	2179	710.64635877661	1
0	2186	712.907418238703	0
0	2190	714.223459150065	0
0	2196	715.715392117394	1
0	2211	721.628973847493	4
0	2213	722.385096108079	0
0	2220	724.488251137432	3
0	2228	726.75918563549	1
0	2242	732.162655479513	2
0	2252	736.022884496495	1
0	2257	737.26132637193	1
0	2261	738.437543668672	0
0	2275	742.535621191147	2
0	2287	747.481168022501	0
0	2293	747.944613398523	4
0	2301	752.444214014454	3
0	2307	753.738922459776	1
0	2324	759.307597566866	4
0	2339	764.430107549536	1
0	2345	766.132689964733	1
0	2347	766.205881543114	0
0	2358	769.738681606022	2
0	2366	772.652082676652	3
0	2376	775.249890253884	3
0	2390	780.302100244682	1
0	2410	785.322281173901	2
0	2425	790.079044715972	0
0	2427	790.294125743569	2
0	2433	790.50714872452	3
0	2435	791.114240052763	1
0	2448	796.230630360549	4
0	2457	800.058871807418	2
0	2459	800.567325171204	1
0	2465	801.385594365192	5
0	2481	806.614376691641	1
0	2492	809.928099739021	0
0	2501	811.928283175459	2
0	2508	814.747376537543	4
0	2518	817.731059113989	5
0	2524	820.034482824269	0
0	2526	820.099946410167	1
0	2536	822.780679280876	1
0	2550	828.158239229821	2
0	2551	829.214721519975	4
0	2565	833.759291126166	1
0	2577	838.24659066741	0
0	2583	839.004472346284	1
0	2584	839.421099077915	0
0	2600	844.267875512137	5
0	2615	849.652718725388	1
0	2618	851.174207218467	4
0	2638	855.62753122417	5
0	2641	857.130957745721	0
0	2646	858.894647198152	1
0	2654	860.900485859725	1
0	2674	865.947225087096	2
0	2697	871.733553885489	2
0	2699	872.357700223925	1
0	2713	876.312642622513	0
0	2719	877.561457060051	6
0	2720	877.683010782475	5
0	2725	880.146462763201	1
0	2728	880.377860701537	4
0	2736	882.75482351124	2
0	2750	887.901592321468	2
0	2767	893.624825620565	1
0	2788	899.391385748058	3
0	2789	899.501232422783	3
0	2795	900.529225358398	2
0	2798	900.830020130502	0
0	2801	901.672883027939	1
0	2809	904.106698865544	1
0	2816	905.219917122282	1
0	2819	906.288791896316	0
0	2824	908.082195079198	2
0	2832	910.229138225092	3
0	2844	914.684206836864	0
0	2850	915.940674039776	1
0	2852	916.596036736398	2
0	2855	917.781388985465	0
0	2865	921.363226292896	2
0	2876	926.747348139769	1
0	2890	931.855678869652	3
0	2900	935.952595130315	1
0	2905	936.914501240252	4
0	2920	941.985774688663	2
0	2923	943.106502711666	3
0	2937	947.072744094309	1
0	2939	947.702170609972	2
0	2958	952.377317449319	2
0	2969	955.450104194583	1
0	2979	957.616743227009	2
0	2993	961.315521723366	1
0	2995	961.890365546575	1
0	3003	962.832730937058	2
0	3007	964.236858152325	0
0	3010	964.674516829205	0
0	3020	968.477958684562	1
0	3027	970.92081243185	1
0	3039	974.203612466816	2
0	3048	977.760661928344	0
0	3051	979.221814888886	1
0	3055	979.320617409431	3
0	3064	984.33690873476	0
0	3068	984.835381157006	1
0	3069	985.040489239855	2
0	3082	990.61265937589	3
0	3093	995.695279667395	1
0	3094	996.027134906741	0
0	3107	1001.203966537266	4
0	3110	1002.924142789799	3
0	3120	1006.900274808993	2
0	3121	1007.327940021413	2
0	3132	1012.517020677225	1
0	3138	1014.734118586996	0
0	3149	1018.310290003903	3
0	3158	1023.085465770339	1
0	3164	1024.273647508593	1
0	3173	1028.123756435476	0
0	3179	1029.680398817882	4
0	3188	1033.779104366086	3
0	3192	1034.74530579919	4
0	3206	1040.302577747274	2
0	3216	1045.673460117666	1
0	3220	1046.103429559395	5
0	3231	1051.80435996294	6
0	3239	1056.213585692576	5
0	3244	1057.504253950212	1
0	3247	1058.913963769804	0
0	3257	1062.804964247402	2
0	3271	1068.453295731927	1
0	3289	1073.599811413335	1
0	3307	1078.751531061028	2
0	3321	1083.030390263421	4
0	3323	1083.283465006865	1
0	3328	1083.91187909037	2
0	3335	1085.607512967556	0
0	3349	1089.632678992126	1
0	3355	1092.378586315444	1
0	3367	1095.116877650155	2
0	3388	1100.598078939144	2
0	3393	1101.754154450738	1
0	3395	1101.773807996546	1
0	3412	1106.213581052853	2
0	3419	1107.940064852126	3
0	3425	1109.723411501513	1
0	3436	1112.025876945129	2
0	3437	1112.401476075301	1
0	3440	1112.994798454468	1
0	3443	1113.534828476852	0
0	3457	1117.652020615071	4
0	3472	1122.91613375676	5
0	3480	1125.647024586344	0
0	3488	1128.329438413038	6
0	3496	1131.953976397518	5
0	3502	1133.67208153383	1
0	3517	1139.301812248781	6
0	3532	1144.978335151345	0
0	3536	1145.237482246022	1
0	3541	1147.347367261535	5
0	3554	1150.915298543182	1
0	3573	1156.133206979382	2
0	3579	1158.713547403806	4
0	3584	1159.386534919378	3
0	3593	1162.033564375957	2
0	3601	1164.300759170913	1
0	3609	1167.180668957077	0
0	3615	1167.259377102378	4
0	3623	1170.67326471094	1
0	3630	1172.412574029771	2
0	3648	1178.322804666368	1
0	3668	1183.410297717677	2
0	3679	1186.244003825586	3
0	3681	1186.849129017687	1
0	3684	1187.122033638772	1
0	3695	1189.239886733714	2
0	3709	1193.712719475629	0
0	3715	1194.327015094703	2
0	3724	1198.643628257217	1
0	3730	1199.622279896412	2
0	3738	1202.852580841527	1
0	3745	1204.753751494002	2
0	3753	1208.061730026848	2
0	3757	1208.689547783344	1
0	3764	1210.07034218359	2
0	3766	1210.304027657504	1
0	3781	1215.342868360236	1
0	3788	1217.644326499445	0
0	3799	1220.406935271585	3
0	3816	1225.963555959763	1
0	3826	1229.283684929838	1
0	3829	1229.762082305282	0
0	3836	1231.455041898426	4
0	3842	1233.477042740676	3
0	3846	1234.83159365168	0
0	3852	1236.962671273167	1
0	3867	1241.999993286107	2
0	3883	1247.656947505439	3
0	3898	1252.757118897058	4
0	3909	1257.289241321163	0
0	3915	1257.792461643239	1
0	3922	1260.740629304202	3
0	3932	1263.526355683814	4
0	3948	1269.440943967329	1
0	3953	1270.863547338536	3
0	3957	1272.17941341527	0
0	3967	1274.478274200588	4
0	3985	1280.443159517377	4
0	4003	1285.711047705041	2
0	4007	1288.189272155879	1
0	4013	1290.235207229969	3
0	4017	1290.730395164584	1
0	4030	1294.42995196675	0
0	4039	1295.764297677214	1
0	4047	1298.890877496583	3
0	4054	1300.958768286753	0
0	4061	1301.68805512298	4
0	4063	1302.869657669798	2
0	4076	1307.51351964824	3
0	4085	1311.058984164158	0
0	4088	1311.866828638828	2
0	4093	1312.766698793984	1
0	4107	1317.800754567153	3
0	4117	1321.757970270484	3
0	4121	1322.494197701229	0
0	4127	1323.472011467685	4
0	4131	1325.506542860649	2
0	4141	1329.099873819632	1
0	4153	1333.62553215412	0
0	4159	1334.621923384966	5
0	4171	1340.518076225893	1
0	4184	1346.027811253796	1
0	4188	1346.170071077078	1
0	4208	1351.432280790774	4
0	4212	1351.607735024077	2
0	4229	1356.916840182628	2
0	4250	1362.445123635476	3
0	4254	1363.7675498993	1
0	4266	1367.865012486009	0
0	4270	1367.971956858888	5
0	4282	1372.448374531131	4
0	4285	1372.839718723091	0
0	4290	1373.35557221506	4
0	4294	1376.059822800696	3
0	4299	1378.45388972074	3
0	4304	1379.194418801937	1
0	4318	1384.444842732988	1
0	4341	1389.853229398384	2
0	4354	1394.818052290023	2
0	4360	1395.439403518114	3
0	4367	1396.912189873994	1
0	4386	1401.250337742513	4
0	4393	1403.486568184231	0
0	4395	1403.667486524687	3
0	4406	1406.84715515353	2
0	4422	1412.138309584244	4
0	4439	1418.100147653849	5
0	4448	1422.040287825758	4
0	4457	1423.603722396785	1
0	4462	1424.602160159515	2
0	4466	1426.007384732724	1
0	4471	1426.707921893698	0
0	4481	1429.4104135465	1
0	4494	1433.133975772553	1
0	4504	1434.830929304951	2
0	4505	1434.887063346579	0
0	4519	1440.193683255128	3
0	4524	1440.812933222636	3
0	4541	1446.793857230584	1
0	4546	1448.513041166486	2
0	4561	1452.082002815337	3
0	4577	1457.234147413413	2
0	4580	1458.252472269129	1
0	4598	1462.407197134581	4
0	4601	1463.737376377814	0
0	4606	1465.209233013579	3
0	4618	1468.204607264383	4
0	4624	1471.268400263405	3
0	4632	1473.853512419632	2
0	4636	1475.611433513591	1
0	4639	1476.762558667935	2
0	4646	1479.139152627683	3
0	4664	1484.66553958297	4
0	4666	1485.084701188388	2
0	4668	1485.676491545412	3
0	4670	1485.812122958492	0
0	4679	1490.122708346008	3
0	4690	1495.962595828588	1
0	4701	1500.247367926423	2
0	4704	1500.684408712446	2
0	4708	1501.340906687326	3
0	4714	1503.817464413367	2
0	4716	1504.264849291198	1
0	4725	1506.986395347876	3
0	4727	1507.505333973808	0
0	4731	1508.867425230342	0
0	4736	1512.027585282003	4
0	4740	1515.588814701665	3
0	4746	1517.994631035499	1
0	4755	1523.616708155967	1
0	4756	1523.841481180758	0
0	4769	1528.895797756746	2
0	4779	1534.183310370905	1
0	4783	1535.554971513468	2
0	4792	1539.423464342965	1
0	4797	1539.582725768689	3
0	4813	1544.826600863611	1
0	4832	1550.796840397421	2
0	4833	1550.975481727522	1
0	4837	1551.857902231989	0
0	4846	1555.210055449058	0
0	4851	1555.811329705886	2
0	4853	1557.052618067261	2
0	4855	1558.334443467566	1
0	4858	1558.843185737393	0
0	4864	1561.331403996109	1
0	4865	1562.956383797007	1
0	4875	1566.477874956804	1
0	4890	1571.556265969074	2
0	4903	1575.523691755149	0
0	4910	1577.394436517044	1
0	4923	1582.496465978458	1
0	4938	1586.776366165851	1
0	4944	1587.850250538451	2
0	4946	1588.028614662367	0
0	4956	1592.2056353856	0
0	4958	1592.379170305114	0
0	4963	1593.562272114924	3
0	4966	1595.723196934687	2
0	4968	1596.551848547312	1
0	4974	1598.75675028587	1
0	4982	1604.662804650155	0
0	4986	1604.67303187378	1
0	4998	1610.364115820744	2
0	5000	1611.2235054928	0
0	5002	1611.389293354714	1
0	5004	1613.004880591307	0
0	5008	1616.184271007555	1
0	5016	1621.711417885043	2
0	5024	1626.96568898462	1
0	5034	1632.149027535238	1
0	5039	1635.169712407293	0
0	5045	1637.209228058241	0
0	5050	1638.031858158542	1
0	5059	1643.070151557692	1
0	5068	1646.088853208127	1
0	5078	1648.919613605377	1
0	5081	1649.559774852718	0
0	5092	1653.792620794277	0
0	5096	1653.933072163968	1
0	5114	1659.412620861095	1
0	5135	1665.190466460551	2
0	5145	1667.461579158099	0
0	5148	1668.7348749654	0
0	5156	1670.952371764009	3
0	5166	1676.153501460807	1
0	5169	1677.440323935251	2
0	5179	1681.517536752287	0
0	5183	1681.565635229474	3
0	5194	1686.646477634799	1
0	5200	1688.845364116844	0
0	5209	1692.404391656177	4
0	5220	1697.42130146759	2
0	5234	1703.059777371366	5
0	5236	1704.029711848836	4
0	5242	1707.322508188559	1
0	5244	1708.070305771789	3
0	5248	1708.346668066005	2
0	5259	1713.448801174075	1
0	5261	1714.527818879476	2
0	5274	1718.589399901232	2
0	5284	1721.684238741535	1
0	5290	1723.927822122128	0
0	5295	1724.329595780013	3
0	5299	1726.7629590399	2
0	5309	1730.173954251934	3
0	5317	1734.319817006602	2
0	5321	1735.233806616407	1
0	5340	1740.769760149544	3
0	5353	1746.010448446743	2
0	5358	1746.298746259197	3
0	5364	1748.213782087798	1
0	5376	1751.938375412033	2
0	5377	1751.984282935751	0
0	5387	1755.97456252064	2
0	5393	1757.256265028392	1
0	5399	1758.960868152571	1
0	5411	1762.427858052787	2
0	5422	1767.617084078039	0
0	5426	1767.839858911012	3
0	5436	1772.894964832359	1
0	5449	1777.319401415079	2
0	5455	1778.069624340872	3
0	5471	1783.392440479261	3
0	5481	1786.725441086354	2
0	5490	1789.030448907999	3
0	5492	1789.918020698835	2
0	5496	1790.818895501212	1
0	5500	1792.344006712796	2
0	5507	1794.666233543785	2
0	5511	1796.47616119847	1
0	5518	1798.864109485422	0
0	5524	1800.068015398936	3
0	5529	1802.568934645515	0
0	5535	1806.041781981954	4
0	5542	1811.784372726235	5
0	5549	1816.905050472136	1
0	5554	1819.980672191029	4
0	5557	1821.605661191292	0
0	5562	1821.961234453845	1
0	5572	1827.31036999171	5
0	5573	1827.357352110685	0
0	5578	1830.487542147881	4
0	5583	1832.830544680602	5
0	5590	1838.418036634115	1
0	5602	1844.072634837137	2
0	5606	1846.762503253545	4
0	5613	1849.425612182136	1
0	5629	1855.213824072632	3
0	5643	1860.881050398585	1
0	5666	1866.785864375078	4
0	5686	1871.8602312829	2
0	5694	1874.512156010153	3
0	5700	1875.303913625439	3
0	5710	1876.992522651342	4
0	5712	1877.793008430172	1
0	5724	1881.303138654459	2
0	5731	1882.592956309685	2
0	5733	1882.959731456018	1
0	5750	1887.806269361184	2
0	5753	1888.528851888276	3
0	5755	1888.646605975472	1
0	5776	1893.739583922795	4
0	5795	1899.141381802515	2
0	5803	1901.552556352824	3
0	5808	1902.666358090249	0
0	5816	1904.789591736405	1
0	5824	1907.010167782438	1
0	5828	1907.894526353821	2
0	5831	1908.746822961268	1
0	5842	1910.728041223495	2
0	5844	1911.249060946527	1
0	5862	1916.223857382091	2
0	5864	1916.47636600643	0
0	5879	1921.31946425793	3
0	5897	1927.073956732883	1
0	5900	1927.983142877596	2
0	5905	1929.026226549537	0
0	5910	1930.974930474431	1
0	5916	1932.474168825907	2
0	5924	1935.28161970341	1
0	5926	1935.343527617411	0
0	5932	1937.666035593965	1
0	5943	1942.137151959369	1
0	5950	1943.218633625668	2
0	5960	1947.350434502949	1
0	5968	1949.126977225079	1
0	5977	1951.824317945299	0
0	5984	1953.891717380741	0
0	5988	1954.86942481274	1
0	6000	1959.834594428668	0
0	6004	1960.268757153081	1
0	6020	1965.495117289491	1
0	6039	1970.582522390887	2
0	6049	1973.337924194184	0
0	6053	1974.200321046068	0
0	6059	1975.878286094183	1
0	6076	1981.506312135618	2
0	6091	1986.716304302227	2
0	6094	1987.676267007492	1
0	6108	1992.076900831901	1
0	6114	1994.430494175188	1
0	6116	1994.437683512583	0
0	6118	1994.73379260419	1
0	6126	1997.592178652889	0
0	6130	1997.716241220257	2
0	6143	2003.094119221217	2
0	6155	2008.811459169968	3
0	6157	2009.19827162138	2
0	6167	2014.535092777352	1
0	6172	2017.075761358846	1
0	6185	2020.364757342742	2
0	6201	2026.07013286535	3
0	6210	2029.442028736124	1
0	6220	2031.617730447104	4
0	6234	2036.628205854691	2
0	6240	2038.990866178658	0
0	6242	2039.500871525276	3
0	6250	2042.153747664079	1
0	6251	2042.734675773432	1
0	6259	2045.378839593161	2
0	6266	2047.45702670446	1
0	6287	2053.269579678321	3
0	6290	2054.050293326857	0
0	6304	2059.083437963402	2
0	6316	2064.287482356316	2
0	6320	2064.707272041369	2
0	6331	2069.39076287778	1
0	6337	2070.5795773673	3
0	6348	2075.457888891701	2
0	6353	2075.916273333378	1
0	6357	2077.335042037315	1
0	6369	2080.491272847878	0
0	6374	2080.945979392867	2
0	6390	2086.626928923664	1
0	6407	2091.671974470851	3
0	6410	2091.926449853823	0
0	6425	2097.47970938719	2
0	6429	2097.597482036811	3
0	6435	2100.319780624138	1
0	6437	2100.761520455955	2
0	6445	2102.704994381417	3
0	6461	2107.828713118576	2
0	6463	2108.273061971891	0
0	6467	2109.635894292981	2
0	6479	2113.775644539634	1
0	6483	2115.75902498585	1
0	6496	2119.662719582452	3
0	6502	2121.159241218019	2
0	6515	2125.458899727801	2
0	6529	2130.924154127731	0
0	6533	2130.940570865303	3
0	6538	2132.499464029224	1
0	6547	2136.396481299085	1
0	6563	2142.17770178524	2
0	6567	2144.025249773531	0
0	6569	2144.302070564606	2
0	6577	2147.206936354527	1
0	6594	2153.096669303264	1
0	6604	2155.68482919632	1
0	6610	2157.409937472909	0
0	6614	2158.242117901343	2
0	6623	2161.982020320381	0
0	6630	2163.354715495846	3
0	6641	2168.44644423808	3
0	6645	2171.235612751351	2
0	6653	2174.236519100387	3
0	6664	2179.6652294451	1
0	6679	2185.252275659479	1
0	6689	2188.59257950228	2
0	6695	2190.020589346074	2
0	6701	2191.185070217829	3
0	6718	2195.936748217101	1
0	6725	2196.488437422328	2
0	6746	2201.866821114682	2
0	6752	2204.035657082004	2
0	6764	2207.815272628922	1
0	6768	2207.833795318157	2
0	6771	2208.436037444752	1
0	6784	2211.812422430617	0
0	6786	2212.577287950339	1
0	6793	2213.558894142053	2
0	6796	2214.628989891157	1
0	6801	2216.840269704707	0
0	6808	2219.076545818486	1
0	6826	2224.886517924267	2
0	6843	2230.638753908464	2
0	6856	2235.309357905303	1
0	6860	2235.750189079448	3
0	6870	2240.894577175388	2
0	6875	2241.637668213119	2
0	6877	2242.792015973265	1
0	6880	2242.869675282864	1
0	6895	2247.522748366009	1
0	6901	2249.998473980473	1
0	6913	2252.557840234145	2
0	6935	2257.719089996313	3
0	6944	2259.618060307237	2
0	6955	2263.086489647179	0
0	6959	2263.584023029321	1
0	6982	2268.821257228741	2
0	6995	2272.726925303007	0
0	7002	2274.488856497231	3
0	7013	2278.512318446543	0
0	7016	2279.357354060877	2
0	7018	2280.381984169489	1
0	7022	2280.485903640986	1
0	7039	2286.306845373251	2
0	7053	2291.38340414689	3
0	7059	2293.638592866726	2
0	7070	2296.683930012175	3
0	7087	2302.042991726204	1
0	7089	2303.208733493589	0
0	7106	2308.021408732991	3
0	7115	2311.130642834363	0
0	7121	2313.04008318578	4
0	7124	2314.175276621375	2
0	7132	2318.265109126001	1
0	7134	2318.605838792874	3
0	7148	2323.290809273265	1
0	7158	2326.566932207221	1
0	7169	2328.447026021789	2
0	7170	2329.096708926038	0
0	7187	2334.048493119666	3
0	7192	2336.442198260117	2
0	7195	2337.866244226239	2
0	7198	2337.936044759826	0
0	7204	2339.205168490076	3
0	7217	2344.904398712573	1
0	7225	2347.989992669795	2
0	7235	2350.873362143535	1
0	7243	2353.798489005199	1
0	7254	2356.379473921854	2
0	7255	2356.787461855227	0
0	7274	2362.029410595085	3
0	7289	2367.472363549295	2
0	7305	2372.600792026158	3
0	7311	2375.464527477519	2
0	7316	2376.699831315445	1
0	7319	2377.445686971663	2
0	7324	2378.20343373391	3
0	7337	2383.250876096787	3
0	7347	2386.969222479043	2
0	7355	2388.914875013998	1
0	7364	2392.33929943504	0
0	7371	2394.075917192979	1
0	7385	2398.189154159406	2
0	7394	2400.056856433174	2
0	7418	2405.646763227892	2
0	7420	2405.898800648528	1
0	7426	2407.553144459859	1
0	7429	2407.938802768835	1
0	7438	2410.725925150572	2
0	7459	2416.309756216605	3
0	7462	2417.278021108136	2
0	7464	2417.399079044475	1
0	7468	2419.201290590815	1
0	7481	2422.051524840074	2
0	7498	2427.50879595197	3
0	7520	2432.985621228127	2
0	7538	2438.20973047592	4
0	7541	2439.087199977375	1
0	7543	2439.538399263182	0
0	7556	2443.222091322544	2
0	7557	2443.310794608565	3
0	7571	2448.356729648668	0
0	7575	2448.813197255147	4
0	7579	2450.725875521437	1
0	7587	2454.374733486691	1
0	7599	2459.178677504896	3
0	7603	2459.595314312273	2
0	7618	2465.137731749111	2
0	7634	2470.37271655259	1
0	7646	2473.918658183668	0
0	7649	2475.190594936617	2
0	7653	2475.584245580726	3
0	7661	2479.315256767572	2
0	7666	2480.680486140433	1
0	7670	2480.698820020084	3
0	7677	2483.347611851771	2
0	7681	2484.069162884387	0
0	7688	2486.514021941007	3
0	7701	2492.463731695211	1
0	7708	2495.64769967193	2
0	7717	2498.338439136057	3
0	7733	2504.212023943209	2
0	7737	2505.282911022674	2
0	7749	2509.432576976729	3
0	7764	2514.443026294013	3
0	7778	2519.656284526236	4
0	7779	2520.149003535754	3
0	7788	2523.556268244417	1
0	7797	2525.489351138951	4
0	7799	2525.913049118258	3
0	7812	2530.641148319946	2
0	7815	2531.779423867714	2
0	7821	2533.437802335148	1
0	7824	2534.892014083237	0
0	7831	2536.54959642609	3
0	7834	2538.138262873761	2
0	7846	2542.326401872806	1
0	7848	2543.016358915381	2
0	7851	2543.7996432552	1
0	7864	2548.033791758366	1
0	7868	2549.750431553355	0
0	7882	2553.969148662653	2
0	7895	2559.361559778931	3
0	7912	2564.482032015002	3
0	7922	2568.959374147016	0
0	7927	2569.943973177592	4
0	7928	2570.009048246791	2
0	7941	2575.532755506704	5
0	7945	2577.43171233953	4
0	7954	2580.887356115053	1
0	7957	2581.526349653505	3
0	7959	2582.449272090815	1
0	7973	2586.740457503139	1
0	7977	2588.208835085285	0
0	7990	2592.044750163578	2
0	7998	2595.691596280331	1
0	8005	2597.977810543044	2
0	8006	2598.001920625697	0
0	8020	2603.501968051786	1
0	8035	2608.970957254306	4
0	8043	2611.86633768458	3
0	8047	2613.568612608142	1
0	8056	2614.939933711909	4
0	8071	2619.968189127989	2
0	8082	2625.403509307899	0
0	8087	2625.611403680885	5
0	8095	2630.27501310561	1
0	8100	2630.69620529936	1
0	8105	2632.884277778342	4
0	8116	2636.413455495856	1
0	8121	2637.711335927612	0
0	8135	2641.86855172437	2
0	8153	2647.788500426117	1
0	8171	2653.048895382801	3
0	8178	2654.957806569187	0
0	8185	2657.42881819968	3
0	8192	2658.842049278099	4
0	8206	2664.555458325906	2
0	8214	2666.785581113549	2
0	8226	2670.030287452521	1
0	8227	2670.048198243965	1
0	8240	2674.304649327078	3
0	8247	2675.553030448513	3
0	8255	2677.238683574962	0
0	8269	2681.127663355799	1
0	8288	2686.724168367694	2
0	8292	2686.798751054344	4
0	8312	2692.388016341965	2
0	8317	2693.91036637175	1
0	8320	2694.521038452876	0
0	8331	2697.460842860642	1
0	8347	2702.896497843334	2
0	8351	2703.600012438268	1
0	8355	2704.07576316014	3
0	8362	2706.619057474787	0
0	8372	2708.149523108977	1
0	8373	2708.662678133009	1
0	8385	2712.143606030045	0
0	8393	2713.244209485141	2
0	8402	2716.830611826281	0
0	8408	2718.253299432586	1
0	8425	2724.206194157491	1
0	8446	2729.701120383584	2
0	8453	2731.743950985614	2
0	8462	2735.177928788602	1
0	8468	2735.419351029222	2
0	8476	2737.96532721551	1
0	8487	2740.751155512885	2
0	8494	2742.451184227842	0
0	8508	2746.484125797183	3
0	8516	2749.786889854597	2
0	8525	2752.325939785002	3
0	8535	2756.120913631762	2
0	8542	2757.378835478576	3
0	8543	2757.774587589213	1
0	8558	2762.808031463541	4
0	8561	2763.863327105426	0
0	8563	2764.268751148027	3
0	8573	2768.050101221317	1
0	8584	2772.78222067178	1
0	8589	2773.737287258274	2
0	8598	2776.582826743612	0
0	8606	2778.889911130314	4
0	8613	2782.034009186792	3
0	8620	2784.556243606854	1
0	8627	2787.143387389729	1
0	8632	2789.048371380321	2
0	8636	2789.71368286201	1
0	8656	2795.686585163243	2
0	8675	2800.867938403516	0
0	8679	2801.161072780855	2
0	8696	2806.167420251539	3
0	8698	2806.734166335211	1
0	8700	2807.03967667698	2
0	8715	2811.936997019231	3
0	8723	2815.481394873593	1
0	8730	2816.93862452266	2
0	8731	2817.380804971806	0
0	8738	2820.292046008294	2
0	8745	2822.702385672147	3
0	8757	2828.528418667626	1
0	8767	2832.355458425134	2
0	8770	2833.81003447821	1
0	8775	2834.287044145411	1
0	8796	2839.735817767225	2
0	8814	2845.236989611305	2
0	8829	2849.881503172579	1
0	8836	2850.705870904272	3
0	8852	2855.861371650371	2
0	8863	2858.76337187878	2
0	8873	2861.123085701849	3
0	8876	2861.757980723175	1
0	8886	2864.076017168132	1
0	8895	2866.848464097027	0
0	8899	2866.963050848582	1
0	8909	2869.734612220094	2
0	8922	2872.003766209363	2
0	8925	2872.675548132171	1
0	8933	2874.609149963139	1
0	8945	2877.224961492243	2
0	8948	2878.820514469534	0
0	8950	2878.8336888319	0
0	8959	2882.461368566622	1
0	8963	2883.806616665342	0
0	8974	2887.939336515275	3
0	8982	2893.232097086274	2
0	8984	2893.368228069167	0
0	8988	2893.88577834448	1
0	8999	2899.729156788449	3
0	9012	2905.725389053823	2
0	9022	2911.219907889852	3
0	9028	2914.444666288221	2
0	9036	2917.055745712492	1
0	9052	2922.693785353341	4
0	9062	2925.495093188842	3
0	9072	2928.210872811275	3
0	9076	2929.996743227832	2
0	9078	2930.064117901386	0
0	9088	2933.945810282845	1
0	9090	2935.120754709943	2
0	9103	2939.735819560136	1
0	9107	2939.906197727201	2
0	9124	2945.309101315923	3
0	9130	2947.101152295023	0
0	9139	2950.903358082063	4
0	9146	2954.25884551684	1
0	9153	2956.586270065288	1
0	9154	2956.734983940969	3
0	9163	2960.173406296999	0
0	9171	2961.761878750062	1
0	9173	2962.660193181258	0
0	9184	2967.083724305507	4
0	9195	2972.470866582597	1
0	9207	2977.43190308661	0
0	9213	2978.359915438582	5
0	9223	2983.825189568809	1
0	9224	2984.004858854355	4
0	9233	2987.721406531762	0
0	9240	2988.894025879687	1
0	9246	2990.887425838628	0
0	9249	2992.240471249576	3
0	9256	2994.300288099803	1
0	9261	2996.342862522825	2
0	9272	2999.779624579482	3
0	9288	3005.054415126572	4
0	9305	3010.447306178518	2
0	9310	3012.002280197579	0
0	9312	3012.56655976212	1
0	9319	3015.727318702273	5
0	9322	3017.825159693499	4
0	9326	3019.272960418378	0
0	9332	3021.164010906599	1
0	9341	3026.341777707224	1
0	9347	3029.300918642438	0
0	9354	3031.522619134055	1
0	9365	3036.525678630343	0
0	9370	3037.40780992341	1
0	9386	3043.351542817203	1
0	9388	3044.134246523388	3
0	9404	3049.138580247301	2
0	9414	3051.174045299886	0
0	9416	3051.186457630253	0
0	9422	3054.279197210807	2
0	9426	3054.303781206028	3
0	9430	3056.934002473491	2
0	9439	3059.924617162214	3
0	9451	3065.355774450588	3
0	9453	3065.96956948425	2
0	9460	3070.370719603038	2
0	9465	3071.313611669472	3
0	9478	3076.759655298438	1
0	9496	3082.489107353386	3
0	9505	3086.004659608368	2
0	9508	3086.557232141965	0
0	9514	3087.718527655822	1
0	9527	3092.731596271281	4
0	9529	3092.934857659169	1
0	9531	3093.143274348353	3
0	9535	3094.836663209495	0
0	9545	3098.197735829285	1
0	9561	3103.337971323874	2
0	9576	3107.784885958659	2
0	9584	3109.337258171994	1
0	9597	3113.587294707665	1
0	9603	3114.671611121745	1
0	9607	3114.949085661681	2
0	9613	3116.592682765684	1
0	9620	3118.268522615318	0
0	9629	3120.10379115772	1
0	9630	3120.122702753529	0
0	9645	3125.42686457234	2
0	9652	3128.362941632521	1
0	9661	3130.706029459606	2
0	9675	3135.867374118422	3
0	9685	3141.108672191976	0
0	9689	3141.322826002496	2
0	9693	3143.471093547189	1
0	9695	3144.643742398134	0
0	9701	3146.680652359272	1
0	9702	3148.094400016129	2
0	9706	3149.484557627354	1
0	9713	3152.289879173045	1
0	9729	3157.84296558891	2
0	9741	3162.268162323863	0
0	9747	3163.600925347307	1
0	9756	3167.607604308406	1
0	9763	3169.24411190744	2
0	9779	3174.2578369421	1
0	9798	3179.550845743394	3
0	9804	3181.518008783815	0
0	9817	3185.387591925454	2
0	9832	3190.488099730112	3
0	9834	3190.797281165493	2
0	9836	3191.383083791593	2
0	9852	3195.947012338093	2
0	9868	3201.91105535394	3
0	9871	3203.175800202071	1
0	9874	3204.070024013874	1
0	9887	3207.236864661569	1
0	9899	3210.843687773334	2
0	9908	3212.331127545567	3
0	9928	3217.918675015917	2
0	9931	3218.764794255377	1
0	9941	3220.58534650924	0
0	9944	3221.282151882537	2
0	9948	3222.261633060879	0
0	9951	3223.131773977429	0
0	9955	3223.567021105442	1
0	9965	3229.529771368023	2
0	9977	3235.290736248953	1
0	9983	3237.404925679908	0
0	9985	3237.742358085935	1
0	9993	3240.640750894094	2
0	10004	3246.115618325774	1
0	10019	3251.418899128218	1
0	10023	3252.773092551624	1
0	10028	3253.845688808015	0
0	10031	3254.136293361197	0
0	10040	3256.900132850981	1
0	10057	3262.500469622905	2
0	10065	3266.194948686872	1
0	10069	3267.180678755982	0
0	10075	3267.574097589128	3
0	10086	3272.936384076955	1
0	10088	3274.045021994392	0
0	10097	3278.214023001263	1
0	10109	3282.940013815537	2
0	10114	3283.25897749118	2
0	10129	3288.561560099716	3
0	10147	3294.142145464434	2
0	10153	3295.926119018813	1
0	10167	3300.112220580927	3
0	10173	3302.36822060135	2
0	10183	3305.570670006568	4
0	10199	3310.731037226743	3
0	10200	3310.819884923058	3
0	10204	3312.019111728998	2
0	10218	3316.092422318882	3
0	10226	3320.021328856006	0
0	10232	3321.11942540226	1
0	10242	3324.803540958446	2
0	10251	3326.913335583643	1
0	10256	3328.327985589629	2
0	10268	3332.082085851118	1
0	10273	3332.42892431282	2
0	10277	3333.505493329143	0
0	10292	3337.485529363393	1
0	10296	3338.979125897638	0
0	10300	3340.272500432567	1
0	10312	3343.175477353395	1
0	10323	3346.70039068745	0
0	10331	3348.826568546011	2
0	10341	3352.748159178073	1
0	10350	3354.635531407785	2
0	10352	3355.206230036687	0
0	10361	3359.689769189343	3
0	10371	3364.893416020325	4
0	10375	3367.738892474799	1
0	10378	3369.118005920556	0
0	10383	3370.891846952499	1
0	10388	3373.880497772484	0
0	10393	3375.925828886223	1
0	10403	3381.171760951639	5
0	10405	3381.430731725186	0
0	10409	3384.159836402865	4
0	10414	3386.314240804878	1
0	10424	3391.831027253303	1
0	10434	3395.189992619334	0
0	10442	3397.39432388172	2
0	10450	3401.802827631593	3
0	10453	3402.794274901975	1
0	10457	3403.124567090771	4
0	10468	3408.495354854972	1
0	10477	3412.726879331171	3
0	10483	3413.884767661807	1
0	10486	3414.107278985557	0
0	10500	3419.362127567413	2
0	10515	3424.528457294455	1
0	10521	3426.124493270651	1
0	10537	3430.1364146038	4
0	10550	3433.885477507026	0
0	10552	3433.956906996438	3
0	10559	3435.215149861765	2
0	10575	3440.659228441077	2
0	10582	3443.628954206131	2
0	10588	3445.548649497219	1
0	10592	3446.003226151461	2
0	10609	3451.590378984813	1
0	10611	3452.431435799811	1
0	10623	3455.67149519816	1
0	10632	3457.006833156109	2
0	10653	3462.831402376531	2
0	10656	3463.586476689675	1
0	10658	3463.720842590677	1
0	10667	3466.527997033674	1
0	10675	3467.831515476577	2
0	10682	3469.814560420349	1
0	10686	3470.39335812489	0
0	10695	3473.196386854867	2
0	10703	3475.669182475078	1
0	10711	3478.853935494092	1
0	10717	3480.426467350108	0
0	10731	3484.567971938993	2
0	10746	3489.971109020761	2
0	10756	3493.759853790985	1
0	10762	3495.401927675358	2
0	10767	3497.087656288878	1
0	10773	3498.349169336961	0
0	10775	3499.631857591685	0
0	10781	3500.802748514111	1
0	10792	3506.27377789794	1
0	10807	3511.328416889072	2
0	10808	3511.553879537391	0
0	10811	3512.005252321021	1
0	10821	3517.12438034872	1
0	10822	3517.43563079881	1
0	10839	3522.956379312095	1
0	10857	3528.153118583145	2
0	10858	3528.172239131879	0
0	10876	3533.614851352996	3
0	10886	3537.186474284512	2
0	10888	3537.799201625172	0
0	10893	3538.668650923534	2
0	10906	3544.505796703282	3
0	10907	3544.742745992732	2
0	10920	3550.13248534245	1
0	10935	3555.423839276894	1
0	10946	3558.766891134443	1
0	10950	3559.316775883437	0
0	10958	3561.028109257347	3
0	10962	3561.99916216557	0
0	10965	3563.391835863008	2
0	10975	3567.020641169515	1
0	10978	3568.812175376578	0
0	10989	3572.084729988831	2
0	11000	3577.440766001823	3
0	11010	3582.372085913322	2
0	11014	3582.90338138957	3
0	11021	3586.707108170613	2
0	11028	3588.408722799276	3
0	11029	3588.559433664665	1
0	11042	3593.84090872156	2
0	11051	3598.932218012638	1
0	11055	3599.206018275121	1
0	11062	3602.042554835328	0
0	11065	3603.45732726646	2
0	11072	3605.199874606687	1
0	11087	3610.468210836412	2
0	11101	3616.108745345036	1
0	11106	3616.330308350507	3
0	11111	3618.459676653845	2
0	11124	3622.266570205573	2
0	11133	3626.304355264879	1
0	11139	3627.339730968937	1
0	11144	3628.651704717432	0
0	11147	3629.883703901204	0
0	11158	3633.276002156554	3
0	11168	3638.316321151803	1
0	11185	3643.630018002826	2
0	11195	3647.811715380521	2
0	11201	3648.829500086612	1
0	11215	3652.772326226585	1
0	11219	3653.800146341439	1
0	11224	3654.58810060146	2
0	11242	3660.104683171964	3
0	11245	3660.305866736925	0
0	11247	3660.713457033743	0
0	11253	3663.367362530791	0
0	11259	3666.096296112292	1
0	11271	3671.836067209725	2
0	11273	3673.089041264501	1
0	11275	3673.519681193981	2
0	11287	3677.522562533856	3
0	11295	3682.268461062105	2
0	11300	3682.750793740625	1
0	11301	3683.341955211244	1
0	11313	3687.390511921488	0
0	11317	3687.92232423905	1
0	11331	3693.294780412695	2
0	11347	3699.152322487213	2
0	11354	3701.943961323362	1
0	11363	3705.125259230851	2
0	11378	3710.221907513222	3
0	11387	3714.443062231535	0
0	11392	3715.377484316478	4
0	11404	3720.93557495345	5
0	11405	3721.249748552109	1
0	11409	3722.910322761287	4
0	11416	3726.810596860139	3
0	11420	3726.917527245131	1
0	11425	3729.622839340132	0
0	11434	3732.153347617021	1
0	11442	3737.267327381422	2
0	11448	3737.399211554328	2
0	11464	3743.200572048785	3
0	11478	3748.34387108428	1
0	11486	3750.227991933941	1
0	11494	3753.082488323334	0
0	11503	3754.220451444393	4
0	11504	3755.088738875467	0
0	11515	3759.655138532869	2
0	11520	3762.701285492754	3
0	11529	3765.237110336549	1
0	11533	3766.721786813703	2
0	11541	3770.44412334811	0
0	11546	3770.973158111801	1
0	11564	3776.819944779859	3
0	11565	3777.358065894346	1
0	11577	3781.608217228911	2
0	11583	3782.537475082795	3
0	11592	3786.11697779445	0
0	11600	3788.118502144473	4
0	11613	3794.086432918445	1
0	11616	3794.77705889231	3
0	11621	3796.178445643516	0
0	11633	3800.000753280013	2
0	11636	3801.477036028292	1
0	11645	3805.464815432909	2
0	11657	3810.603820966794	1
0	11663	3812.82726094267	1
0	11665	3813.387187968478	0
0	11673	3816.096322609815	4
0	11684	3821.128209328284	1
0	11693	3825.382388535896	3
0	11699	3826.306746414169	2
0	11705	3828.58762947773	0
0	11714	3831.898684270452	1
0	11732	3837.791784138191	2
0	11735	3839.410289729372	1
0	11738	3840.356723128362	2
0	11747	3843.099530718993	1
0	11764	3848.103659175574	2
0	11782	3853.489938084739	3
0	11789	3855.433797751558	0
0	11800	3858.774297526111	3
0	11804	3860.653054158563	1
0	11806	3860.654662135877	2
0	11812	3862.104599044783	2
0	11821	3864.222032751893	3
0	11839	3869.953063884056	4
0	11841	3870.723983815882	0
0	11852	3874.96858857363	5
0	11854	3875.213846980718	4
0	11861	3878.676172425394	1
0	11867	3880.531217846326	2
0	11879	3886.278565855702	1
0	11894	3891.407975748187	5
0	11910	3896.907778330619	6
0	11919	3900.370427103369	0
0	11925	3902.304288148886	1
0	11929	3903.680288429147	5
0	11937	3906.67306232267	4
0	11944	3908.222782969714	3
0	11951	3910.71605019505	2
0	11956	3912.042982160701	0
0	11963	3913.821871989413	5
0	11976	3919.698479275458	1
0	11987	3924.155976624006	4
0	11993	3925.618949225178	3
0	12008	3931.348018091178	4
0	12010	3931.577428527067	0
0	12015	3934.089314989402	3
0	12019	3935.433098616317	2
0	12025	3937.16132756719	1
0	12041	3942.27809033753	1
0	12061	3947.418729198171	2
0	12077	3952.582225996311	3
0	12083	3953.246828705777	3
0	12103	3958.530863719766	3
0	12121	3963.81513890485	2
0	12122	3964.060758909797	2
0	12126	3964.759673530938	2
0	12142	3968.80969907728	1
0	12144	3969.015885362527	2
0	12148	3969.306926851633	2
0	12170	3975.030221172149	3
0	12189	3980.196647621346	1
0	12194	3980.766576424247	3
0	12200	3982.788918484125	1
0	12203	3983.20485070872	0
0	12209	3985.942202074812	2
0	12213	3986.300810133113	1
0	12215	3986.865354151009	1
0	12239	3992.102340888936	2
0	12241	3992.844757336078	2
0	12251	3995.258523070028	0
0	12260	3997.333112698985	3
0	12267	3999.966030728773	2
0	12272	4001.789589416122	1
0	12277	4002.655950222403	1
0	12288	4005.864925587905	0
0	12292	4006.77803338064	1
0	12295	4007.327686281414	0
0	12300	4007.923801911535	1
0	12317	4013.654895776656	2
0	12326	4018.013510773082	0
0	12334	4019.38593957178	3
0	12344	4024.656399776234	1
0	12354	4028.631149701194	0
0	12360	4029.781269425532	2
0	12372	4035.622420066973	3
0	12377	4038.025169765586	2
0	12386	4040.927444639155	3
0	12398	4046.540447323588	1
0	12406	4048.913649800704	2
0	12410	4050.288632242131	0
0	12416	4051.894379491923	4
0	12424	4056.648858347101	3
0	12428	4057.546376232529	1
0	12443	4062.900871278025	4
0	12446	4064.058111225607	1
0	12449	4064.765747477074	0
0	12458	4068.418366137897	1
0	12474	4073.940320490632	2
0	12488	4079.270520785829	5
0	12489	4079.681995809319	4
0	12503	4084.827200915672	3
0	12507	4084.878336831234	3
0	12522	4090.877580163307	4
0	12525	4091.971765575699	0
0	12536	4096.582616977632	1
0	12547	4101.338227923965	2
0	12552	4102.062086405005	5
0	12554	4102.352699351854	4
0	12569	4107.420399301458	3
0	12570	4107.646307808468	2
0	12587	4112.533724650979	3
0	12597	4117.106715956477	3
0	12603	4117.972764564218	1
0	12621	4123.168918582849	2
0	12625	4124.481173011479	0
0	12636	4128.438808700774	3
0	12648	4132.11693131761	2
0	12656	4134.347591525648	4
0	12666	4137.881062090401	2
0	12672	4139.699028977314	1
0	12676	4140.198166489141	2
0	12685	4144.606807568814	1
0	12691	4145.435534928931	3
0	12693	4146.105736096049	3
0	12708	4150.442848313605	2
0	12717	4154.120942885879	2
0	12725	4156.176183316629	3
0	12743	4161.710308226296	4
0	12746	4163.563258660034	3
0	12753	4166.202885029258	2
0	12760	4167.467143536317	4
0	12774	4172.768989509907	3
0	12779	4174.692784860618	2
0	12782	4175.650700013971	1
0	12792	4178.409594116038	2
0	12802	4182.162061499322	3
0	12808	4183.510872961724	1
0	12828	4188.961207829187	3
0	12835	4190.652080564883	2
0	12837	4190.830892173229	1
0	12849	4194.825155497882	0
0	12853	4194.892387050208	3
0	12855	4195.394306334208	2
0	12869	4199.906777700413	2
0	12875	4202.038806228322	1
0	12886	4205.520565643212	4
0	12894	4208.964307902849	3
0	12904	4211.117657925705	3
0	12919	4217.041245466568	2
0	12922	4218.175835925045	2
0	12924	4218.728028579155	1
0	12935	4222.148498877654	2
0	12954	4228.025649129417	4
0	12967	4233.119966503004	3
0	12972	4234.003300262852	3
0	12976	4234.701276663698	1
0	12982	4237.168827771795	2
0	12992	4239.961825276031	1
0	13007	4244.813862435524	1
0	13011	4245.33171823109	2
0	13022	4248.79784615816	2
0	13033	4251.221627814932	3
0	13041	4253.488801233826	2
0	13056	4256.49625448557	3
0	13078	4262.196676590949	3
0	13098	4267.655191044327	2
0	13104	4269.727219521541	0
0	13114	4272.540180747054	2
0	13119	4273.419511061398	4
0	13126	4276.497591396454	3
0	13134	4278.694673663824	1
0	13138	4279.04860202107	3
0	13154	4284.895875943595	4
0	13160	4286.800424408521	0
0	13169	4290.884368614064	5
0	13177	4295.063779572617	2
0	13182	4296.547167972898	3
0	13193	4301.668561269766	6
0	13200	4305.872605104355	5
0	13205	4306.831266083293	1
0	13219	4312.772321502915	6
0	13236	4318.192326455847	2
0	13245	4322.394968752639	5
0	13251	4323.435190770081	3
0	13255	4325.248288710382	2
0	13269	4328.799220444639	4
0	13280	4333.54661237018	3
0	13286	4334.670323635689	1
0	13309	4340.121495792181	6
0	13329	4346.049550512112	7
0	13340	4349.487189098507	1
0	13343	4350.058441378416	6
0	13351	4351.539187487918	4
0	13353	4352.667494705659	0
0	13368	4356.923082825267	5
0	13373	4358.913273169316	0
0	13379	4361.476411965445	4
0	13381	4361.831505433548	5
0	13385	4362.214246560824	5
0	13388	4364.512485076682	4
0	13396	4368.022694596792	1
0	13412	4373.692268395102	5
0	13414	4374.190257513899	0
0	13421	4377.95476349199	4
0	13427	4378.871269049593	6
0	13430	4380.740953080947	5
0	13439	4384.185288161509	6
0	13444	4387.339956527694	3
0	13450	4390.095107976351	7
0	13453	4391.341089304429	6
0	13464	4395.748239311161	7
0	13477	4401.255043020942	4
0	13482	4404.195806800855	3
0	13490	4406.860073572029	8
0	13504	4412.680684935073	1
0	13506	4413.321978901755	7
0	13510	4414.576443864033	2
0	13523	4417.922658985252	8
0	13539	4423.089232001691	9
0	13556	4428.313580181687	1
0	13576	4433.685564757096	2
0	13587	4436.948062119893	0
0	13592	4438.620426932235	1
0	13598	4439.049007419734	10
0	13603	4441.352894018997	9
0	13609	4442.939811990603	1
0	13616	4444.471270625717	10
0	13629	4449.97048511147	1
0	13647	4455.228442732482	2
0	13663	4460.258773824903	11
0	13667	4460.81009483455	10
0	13683	4465.702240023063	0
0	13687	4465.744126896611	11
0	13690	4466.692625777687	1
0	13704	4470.948928928007	12
0	13722	4476.730781298368	2
0	13725	4477.52679907788	11
0	13733	4481.373831954324	0
0	13739	4482.594632075638	12
0	13751	4488.176133253383	1
0	13768	4494.105015078331	2
0	13777	4498.535137340787	11
0	13784	4499.748088234807	12
0	13785	4500.246275019258	1
0	13794	4503.184125079901	11
0	13796	4504.145749206308	1
0	13804	4505.675556043633	2
0	13812	4509.19802499703	0
0	13819	4511.524724192922	1
0	13836	4517.064879838615	3
0	13852	4522.631475642096	12
0	13853	4523.213685029431	11
0	13859	4524.916932057826	0
0	13868	4528.230278435169	12
0	13873	4530.894706418507	2
0	13879	4533.230578918714	3
0	13889	4538.243092638912	1
0	13904	4543.36925913138	2
0	13920	4548.711531365529	1
0	13925	4549.772763359129	2
0	13934	4552.587327751458	11
0	13936	4552.895681969593	1
0	13944	4553.914939563494	12
0	13956	4557.993096099007	0
0	13966	4559.599952341761	13
0	13967	4560.159129142069	0
0	13977	4564.830680012941	1
0	13991	4570.033108270732	14
0	14001	4574.724129691723	1
0	14009	4575.871456286409	15
0	14012	4576.742499828234	14
0	14025	4581.187859732197	2
0	14028	4582.767279257894	13
0	14034	4584.460373688492	1
0	14043	4586.588992569833	2
0	14049	4588.162000591753	1
0	14061	4591.656221357179	1
0	14068	4593.99302770873	0
0	14076	4596.785619193342	0
0	14081	4597.126614870043	2
0	14086	4600.166647765449	12
0	14093	4602.142054693779	3
0	14103	4607.478786738595	4
0	14116	4612.576562318724	1
0	14126	4616.363295858265	0
0	14132	4617.882165505091	5
0	14137	4621.541914220669	4
0	14144	4623.512062340049	5
0	14151	4627.6740712562	11
0	14153	4628.333800316443	4
0	14158	4629.078682449885	12
0	14170	4634.345732061198	1
0	14179	4638.60999230773	3
0	14181	4638.94235666155	0
0	14187	4639.951913748873	1
0	14203	4645.921776669804	13
0	14218	4650.963368999079	14
0	14228	4655.031821842082	13
0	14237	4656.857634861028	4
0	14240	4657.693806329984	12
0	14246	4660.031654201333	3
0	14256	4662.248266481567	1
0	14263	4664.76710942458	0
0	14269	4666.622625919297	0
0	14275	4667.341116809292	1
0	14289	4672.479152402614	4
0	14305	4678.222345834139	5
0	14316	4682.153395080134	11
0	14323	4683.253045896075	12
0	14331	4685.965513507147	11
0	14341	4688.324788641424	2
0	14342	4688.47260502528	4
0	14358	4693.835809698335	12
0	14363	4696.072191186251	3
0	14367	4697.48203968537	1
0	14376	4699.340516307165	4
0	14379	4699.970298244859	11
0	14396	4705.272042926408	1
0	14411	4709.60640817055	0
0	14416	4710.520734156722	1
0	14420	4711.359543196748	10
0	14436	4716.158725015362	0
0	14440	4716.161194338936	5
0	14452	4720.701862838125	9
0	14458	4721.708588878398	2
0	14463	4723.444250672946	1
0	14468	4725.118719334832	4
0	14478	4727.466882393236	1
0	14479	4728.238760483337	3
0	14500	4733.353580156347	2
0	14506	4735.214511721633	0
0	14513	4737.821210542812	2
0	14518	4739.163355343748	3
0	14535	4744.38159831381	1
0	14539	4745.90606326878	8
0	14557	4749.786505944799	2
0	14559	4750.430875292872	2
0	14577	4755.331011595791	7
0	14581	4755.767412995925	8
0	14602	4760.902052578522	3
0	14607	4762.873937652916	7
0	14615	4765.133538715668	1
0	14619	4765.845170070768	2
0	14623	4766.403843330691	8
0	14636	4770.127045662032	1
0	14643	4771.587174234452	9
0	14644	4772.126735970966	0
0	14646	4772.141697538438	8
0	14663	4777.524342203286	1
0	14673	4781.449843765014	0
0	14682	4782.946758069104	1
0	14704	4788.629115215043	2
0	14714	4791.54350520159	1
0	14716	4791.833633229139	1
0	14724	4793.701182921423	2
0	14730	4795.255771463158	7
0	14742	4798.580137858639	1
0	14748	4799.571794637019	8
0	14767	4804.591472539591	2
0	14776	4807.433941366039	0
0	14787	4810.461474064976	2
0	14804	4815.523418978095	9
0	14809	4817.575376402473	8
0	14814	4819.507886478685	1
0	14822	4821.152678125311	9
0	14836	4826.571478110278	2
0	14846	4830.27280429868	1
0	14853	4832.319022477491	8
0	14857	4832.546194673521	1
0	14868	4836.082959549973	1
0	14875	4837.782915768917	9
0	14876	4837.830448007217	0
0	14884	4839.859949291338	8
0	14890	4841.836479730677	0
0	14897	4843.343428536789	1
0	14904	4846.641476004858	0
0	14907	4847.314490670808	7
0	14913	4848.989274371188	1
0	14919	4851.422323031122	6
0	14930	4854.701995531801	7
0	14934	4856.257539860094	0
0	14943	4860.549114620551	2
0	14958	4866.473608983453	1
0	14967	4869.382623195305	1
0	14975	4871.831881509168	8
0	14978	4872.948364651534	7
0	14992	4877.195757138548	1
0	14993	4877.347110032342	6
0	15012	4882.982757677562	2
0	15015	4883.588963988824	0
0	15017	4883.637269603094	5
0	15031	4888.64884647518	1
0	15035	4889.8781116549	1
0	15042	4891.897443921076	0
0	15052	4894.028499618876	2
0	15067	4899.194130293331	6
0	15083	4904.718343985737	2
0	15093	4908.938204383951	1
0	15099	4910.281936663673	1
0	15100	4910.29839236802	5
0	15110	4913.229193379525	1
0	15124	4915.954370033	6
0	15146	4921.832898556026	2
0	15163	4927.225532469691	0
0	15168	4927.712867908649	3
0	15185	4933.41025509965	2
0	15186	4933.536330171169	1
0	15203	4939.26834457205	4
0	15209	4941.422735990962	5
0	15220	4944.554060256345	5
0	15221	4944.806730312185	4
0	15224	4946.17406097183	4
0	15236	4949.645208499165	1
0	15256	4955.466176730351	5
0	15261	4957.147844323662	0
0	15273	4960.653380716456	5
0	15282	4963.916161507021	0
0	15291	4966.53915957292	1
0	15304	4971.83399379929	2
0	15317	4977.333218164513	1
0	15318	4977.368363599648	4
0	15334	4981.955588975696	4
0	15341	4982.757829230515	5
0	15358	4988.245627676373	2
0	15380	4994.091901719341	5
0	15393	4997.114001677141	1
0	15401	4999.287504359616	0
0	15405	4999.41454124777	6
0	15413	5002.419553777674	5
0	15422	5005.060578340202	1
0	15425	5006.039967247292	4
0	15427	5006.058430560637	1
0	15434	5008.052543300792	4
0	15440	5009.344842290392	0
0	15447	5010.351182631686	2
0	15464	5015.798224499918	1
0	15471	5017.371394137159	1
0	15477	5019.079882350637	0
0	15486	5021.101524294823	5
0	15491	5023.256057770462	0
0	15493	5023.327407476498	4
0	15500	5026.302218402041	5
0	15510	5031.499237388376	5
0	15519	5036.667032286532	4
0	15523	5036.949304761136	6
0	15524	5037.690237378357	5
0	15534	5042.062084772628	5
0	15538	5044.385776659129	4
0	15546	5047.101269063078	6
0	15550	5048.551270715082	3
0	15559	5052.616628813794	4
0	15571	5057.875192275973	1
0	15582	5063.013791702345	5
0	15585	5063.395504375808	3
0	15589	5063.652336023286	4
0	15606	5069.438182505317	2
0	15616	5073.514978673546	1
0	15623	5075.395906979222	5
0	15639	5080.918086273832	6
0	15642	5081.765523372921	0
0	15652	5086.553617167523	6
0	15662	5092.459366309926	1
0	15667	5094.711578647611	5
0	15672	5096.70978746785	5
0	15679	5098.451557206459	6
0	15690	5103.566254809968	7
0	15695	5105.586120455762	0
0	15706	5108.975039750807	8
0	15713	5113.626902449066	7
0	15718	5114.241895518037	8
0	15729	5119.855950212576	1
0	15744	5125.129842023137	9
0	15754	5128.124407393511	8
0	15756	5128.630011404635	4
0	15765	5130.648598534525	5
0	15781	5135.813375453003	2
0	15783	5136.660926806395	4
0	15791	5139.766672191213	1
0	15795	5141.20944948157	7
0	15799	5141.26704857429	8
0	15805	5143.679961348306	3
0	15816	5146.751544231553	2
0	15820	5148.256027995843	7
0	15831	5151.759466072549	4
0	15839	5155.036832508402	3
0	15844	5156.781028188068	6
0	15848	5156.831154912249	7
0	15862	5161.859512407803	4
0	15877	5166.988960179505	3
0	15887	5170.862966028977	2
0	15896	5172.81734554051	8
0	15910	5177.882588343467	1
0	15920	5181.015660675011	7
0	15924	5182.194108234607	0
0	15929	5183.322386233955	1
0	15933	5183.448094443423	1
0	15936	5184.540494032442	3
0	15949	5188.589456041814	8
0	15960	5191.811570177908	2
0	15970	5193.810129019669	2
0	15992	5199.730368690802	9
0	15998	5201.52056704334	0
0	16005	5203.885690965224	8
0	16008	5204.560051045851	1
0	16013	5205.715057625439	2
0	16023	5209.281108560744	1
0	16030	5211.274707180684	3
0	16036	5213.202854644279	0
0	16045	5216.546656497292	9
0	16055	5221.940242597134	8
0	16059	5221.978401997363	1
0	16071	5227.066685854228	2
0	16074	5228.018893738633	2
0	16081	5230.368658674535	1
0	16092	5232.924623005794	3
0	16093	5233.045790046809	2
0	16101	5236.457746816098	7
0	16112	5238.791526200719	8
0	16130	5244.324405225929	1
0	16134	5245.789821869001	1
0	16154	5249.985092590101	2
0	16173	5255.083682743603	3
0	16185	5259.158949541513	2
0	16192	5260.461839620493	9
0	16201	5263.23922190676	0
0	16214	5266.429250234043	10
0	16216	5267.127564955265	9
0	16230	5271.473317615924	10
0	16234	5272.904267635552	0
0	16245	5276.482179536022	3
0	16254	5281.599873511124	4
0	16266	5286.711377617674	5
0	16268	5287.21158126881	9
0	16271	5288.513109465135	4
0	16280	5291.898501254389	1
0	16294	5296.95785637759	5
0	16307	5301.738428631563	8
0	16311	5302.019886236874	9
0	16325	5306.736877090885	4
0	16332	5307.718672999417	5
0	16350	5313.594089771391	1
0	16363	5318.064255796029	0
0	16368	5318.619485859064	2
0	16382	5324.302509051518	1
0	16388	5325.766775708061	8
0	16400	5329.437192810356	4
0	16405	5330.080469885146	9
0	16428	5335.808078650621	2
0	16438	5339.104914585594	8
0	16441	5339.759553398592	1
0	16449	5341.01976441406	5
0	16452	5341.720858930498	0
0	16456	5342.352345080703	4
0	16460	5343.347004803483	1
0	16472	5346.614967014876	9
0	16486	5351.644297489666	1
0	16495	5354.476665779019	0
0	16505	5357.068335029532	10
0	16522	5362.837680050407	2
0	16525	5363.754681627732	9
0	16532	5365.921370839125	3
0	16540	5368.237905525372	1
0	16541	5368.314125275008	1
0	16562	5373.665571202526	2
0	16581	5379.34213381028	2
0	16600	5385.11356315599	10
0	16611	5387.843548038507	9
0	16621	5390.172409282766	3
0	16623	5390.540742448301	1
0	16631	5392.219851786744	2
0	16645	5395.571092124564	4
0	16665	5401.560429246166	2
0	16666	5401.927284888462	3
0	16688	5407.492147821934	3
0	16709	5413.039611614776	3
0	16712	5413.94312300964	2
0	16721	5416.303471994584	8
0	16731	5418.571465169314	4
0	16742	5422.042971196127	2
0	16745	5423.292176279237	7
0	16752	5424.179240928499	3
0	16761	5426.520662183877	3
0	16776	5429.845516499367	4
0	16799	5435.767137249934	8
0	16800	5435.866299969258	7
0	16807	5437.754055940898	1
0	16810	5438.626999342589	2
0	16821	5441.079204464101	2
0	16839	5446.523019276562	3
0	16846	5448.357284351722	3
0	16863	5452.499953519788	4
0	16881	5457.693406666631	8
0	16891	5460.965366504506	1
0	16902	5463.063405033901	5
0	16907	5464.667263203773	2
0	16910	5464.760501491955	0
0	16913	5465.316315822297	7
0	16923	5468.618206133136	3
0	16928	5470.073424273177	2
0	16941	5474.459854837043	3
0	16945	5476.572928629124	4
0	16950	5478.286901822321	3
0	16959	5480.455747977134	4
0	16967	5483.463882714283	3
0	16971	5484.61051240225	6
0	16985	5490.081881403101	5
0	16996	5493.668895894305	4
0	17015	5503.275711020461	2
0	17019	5504.565926061949	1
0	17021	5505.07477316482	2
0	17035	5510.024623023816	1
0	17072	5526.307418093205	0
0	17076	5528.044802322278	3
0	17080	5529.851727347129	0
0	17092	5541.224821563569	2
0	17112	5566.600601491859	1
0	17122	5577.193521358646	0
1	34	22.355547326036	16.506729632966
1	63	33.436001648662	11.629602831789
1	69	35.152253331965	24.004674480412
1	82	38.926474403126	6.766169643729
1	88	40.541766866111	13.46980192163
1	103	47.511482847623	9.667359661544
1	117	51.80343573296	3.064547749352
1	129	56.283630912658	39.502403829479
1	169	73.732325290213	30.884253836818
1	212	87.622652943479	16.306330973049
1	215	88.530463267932	28.34238446073
1	226	91.053155667147	36.592512370783
1	235	93.525453180074	11.519828013376
1	264	103.712425213074	37.809770620427
1	280	108.462950777959	31.562727440379
1	308	116.688727661386	18.240140072653
1	331	123.123572833255	30.286928581424
1	341	125.737082152393	38.6658937179
1	354	131.892229394405	17.674921703874
1	359	134.236651863553	8.540014029131
1	372	140.976925610916	37.209101931776
1	386	145.419311812146	8.79199181497
1	443	166.03881305072	11.952463136404
1	451	168.91829196166	59.81496863405
1	476	176.319495842675	33.8601860794
1	488	180.193581292523	60.123230608065
1	499	181.791007981986	50.362635524363
1	512	185.615800312371	15.234733886202
1	533	191.74732353771	43.53336608177
1	535	192.386592588503	10.778593777794
1	555	199.478921024247	40.067059472089
1	563	202.168004342588	25.944119978929
1	575	206.061886110463	40.774280062997
1	596	213.378226752859	15.495369186392
1	613	218.530042980103	25.898559548896
1	648	227.298461906261	40.254109397645
1	681	235.597104437887	31.811415115609
1	684	236.125717194517	21.928226158487
1	700	239.702342657492	20.377879775248
1	702	240.212555420466	31.054346148737
1	745	253.964504118317	23.631172340136
1	761	259.58415267535	35.024651195038
1	763	260.159027756193	19.30772248609
1	810	273.08856767416	16.522998063358
1	821	276.471822827829	40.935444432783
1	855	285.975284192595	24.058756356941
1	868	289.062378212228	21.540272814337
1	885	293.879588537267	21.222920140366
1	890	294.325030248496	5.567294270148
1	899	297.737258649554	51.771304579108
1	914	304.301627440029	26.38274338201
1	933	310.898378037622	59.889326612704
1	965	325.517021526007	20.683690904995
1	982	330.727812029538	47.302520145311
1	998	335.813885472598	41.498571303555
1	1013	339.10476653139	28.292616767351
1	1021	341.48687131703	14.755467058626
1	1044	348.301829299891	10.137594461675
1	1054	350.401992243831	18.092451550648
1	1090	363.298344090114	63.605589253593
1	1092	364.578910367329	15.231541915097
1	1100	366.980207451744	50.673009057887
1	1133	380.029254053718	8.525014985817
1	1137	381.211889298989	59.798757844728
1	1146	384.462682288371	29.394515247781
1	1172	393.116959010257	49.488193366217
1	1179	394.988204308901	18.433487567002
1	1190	398.475683096098	16.812902575592
1	1227	412.900271191733	52.481447753968
1	1244	417.349372453985	24.821996279524
1	1278	426.144170555284	28.613878295289
1	1288	429.562589527579	63.653211410396
1	1293	431.200707992195	44.038696787209
1	1307	434.439284645834	30.922103266113
1	1315	436.693017829094	21.743854272063
1	1339	444.04429870891	35.057332038884
1	1356	449.6795068651	29.036116333913
1	1366	452.581699282395	20.940010757649
1	1412	464.542369881996	21.751675231267
1	1426	467.244615863544	2.69548659143
1	1428	467.619919991353	30.751458125421
1	1435	469.427366627503	43.735348090884
1	1491	484.025465735702	31.031899979805
1	1507	489.80783141416	30.836366394417
1	1512	491.423903498333	21.313216859008
1	1540	500.102432182879	52.246239679288
1	1583	513.594072910841	15.476609471603
1	1593	516.165061976877	40.237198633723
1	1610	521.518962514007	12.470922170791
1	1613	521.72269433958	34.712918774108
1	1636	529.601228399668	9.501114720711
1	1648	534.904001394752	42.200335762928
1	1679	544.572336581535	62.935623412252
1	1685	545.935964322884	4.793039915851
1	1710	553.645612046588	50.361946463584
1	1724	558.778626273621	22.666386704427
1	1733	562.530542498222	48.392395419534
1	1763	572.105173051361	25.217384565391
1	1792	580.660342856193	54.970881465937
1	1800	583.380277291758	52.56394148234
1	1814	586.434056721743	34.296382002646
1	1816	587.043679717932	24.138880399989
1	1849	596.957208418173	11.125331370043
1	1857	600.311138047025	43.005390526845
1	1868	603.247119670739	23.165707227311
1	1878	606.734015623577	37.980707122713
1	1893	610.479540282862	19.486052657477
1	1934	627.910020426851	31.403410092929
1	1949	631.396789797352	56.862420678605
1	1965	635.155516404312	33.450071035302
1	1972	636.612500746737	12.729771664598
1	2015	648.989125284951	14.273835826548
1	2021	651.242563881215	44.36230461765
1	2052	660.667873381758	31.668414793328
1	2061	662.366048909146	49.79986767599
1	2063	662.957683060552	44.648827248949
1	2067	664.93874282355	2.762931825706
1	2082	670.215280897106	18.487539405354
1	2096	676.686904398263	36.128933066037
1	2099	678.543939986736	32.412192423595
1	2109	681.922921439406	24.843966444258
1	2139	695.550777630886	11.26051391638
1	2142	697.136876476468	7.485823143507
1	2154	701.398957780449	33.82972767332
1	2186	712.907418238703	18.212104789681
1	2190	714.223459150065	3.577100373455
1	2213	722.385096108079	17.043728728079
1	2220	724.488251137432	51.534990257231
1	2252	736.022884496495	20.307492379101
1	2261	738.437543668672	11.678358033182
1	2287	747.481168022501	10.219841650571
1	2301	752.444214014454	73.661551210211
1	2345	766.132689964733	33.97003448522
1	2347	766.205881543114	12.466959083338
1	2366	772.652082676652	72.491635898009
1	2425	790.079044715972	9.77694447129
1	2427	790.294125743569	47.758504552422
1	2435	791.114240052763	26.684132503227
1	2457	800.058871807418	78.429897959925
1	2459	800.567325171204	52.622711772681
1	2492	809.928099739021	3.31372304738
1	2508	814.747376537543	45.008694931521
1	2524	820.034482824269	34.712201650368
1	2526	820.099946410167	60.792348843301
1	2551	829.214721519975	53.964831266091
1	2577	838.24659066741	4.487299541244
1	2584	839.421099077915	27.492815902456
1	2618	851.174207218467	60.667058493947
1	2641	857.130957745721	18.126485399437
1	2646	858.894647198152	36.113967917276
1	2699	872.357700223925	11.4572143642
1	2713	876.312642622513	26.659923897125
1	2720	877.683010782475	81.452380421926
1	2725	880.146462763201	51.98822353338
1	2728	880.377860701537	78.992266336345
1	2789	899.501232422783	81.770173308794
1	2795	900.529225358398	34.582000271302
1	2798	900.830020130502	7.205194509937
1	2801	901.672883027939	13.771290706471
1	2809	904.106698865544	32.373144980055
1	2819	906.288791896316	6.897406148258
1	2824	908.082195079198	63.814319567061
1	2844	914.684206836864	9.464289714582
1	2852	916.596036736398	60.968505512228
1	2855	917.781388985465	35.026565474225
1	2900	935.952595130315	20.011921090539
1	2923	943.106502711666	65.545045651615
1	2939	947.702170609972	37.47303238488
1	2969	955.450104194583	28.702756054814
1	2993	961.315521723366	14.242777629057
1	2995	961.890365546575	40.527139253679
1	3007	964.236858152325	11.859540703006
1	3010	964.674516829205	7.057773602196
1	3027	970.92081243185	39.065133562198
1	3048	977.760661928344	40.846160688092
1	3051	979.221814888886	10.743856204324
1	3064	984.33690873476	10.133296267944
1	3069	985.040489239855	43.054714551192
1	3094	996.027134906741	11.191753749735
1	3110	1002.924142789799	40.091411852741
1	3121	1007.327940021413	28.007322611982
1	3138	1014.734118586996	2.217097909771
1	3158	1023.085465770339	27.390186102944
1	3173	1028.123756435476	21.223481626483
1	3188	1033.779104366086	43.166444990196
1	3216	1045.673460117666	21.399812609073
1	3239	1056.213585692576	55.00961915531
1	3247	1058.913963769804	18.61138602253
1	3321	1083.030390263421	64.720100259518
1	3323	1083.283465006865	25.779211056653
1	3335	1085.607512967556	22.802548720154
1	3355	1092.378586315444	18.778774902109
1	3393	1101.754154450738	33.300858718811
1	3395	1101.773807996546	12.14112900442
1	3419	1107.940064852126	78.259666034244
1	3425	1109.723411501513	9.125332562369
1	3437	1112.401476075301	6.187895022448
1	3440	1112.994798454468	29.082919364098
1	3443	1113.534828476852	34.783297415824
1	3480	1125.647024586344	30.530146936189
1	3496	1131.953976397518	97.208670598328
1	3532	1144.978335151345	32.952458206216
1	3541	1147.347367261535	101.24393770214
1	3579	1158.713547403806	106.90918744087
1	3584	1159.386534919378	41.734514304307
1	3601	1164.300759170913	19.063276924891
1	3609	1167.180668957077	33.508587423247
1	3623	1170.67326471094	19.757966167758
1	3679	1186.244003825586	63.327870068826
1	3681	1186.849129017687	30.715922038305
1	3684	1187.122033638772	25.088469262815
1	3709	1193.712719475629	10.302421757952
1	3724	1198.643628257217	26.231054227446
1	3738	1202.852580841527	24.529776175159
1	3753	1208.061730026848	79.73229161381
1	3757	1208.689547783344	69.387735534563
1	3766	1210.304027657504	21.06414092379
1	3788	1217.644326499445	12.890575005443
1	3826	1229.283684929838	34.956669835135
1	3829	1229.762082305282	14.419213945046
1	3842	1233.477042740676	66.217665638298
1	3846	1234.83159365168	35.209313755268
1	3909	1257.289241321163	31.3256853614
1	3922	1260.740629304202	50.670287120612
1	3953	1270.863547338536	33.900876065369
1	3957	1272.17941341527	2.738469447941
1	4007	1288.189272155879	30.39681051264
1	4013	1290.235207229969	69.828271958384
1	4030	1294.42995196675	8.718904261709
1	4047	1298.890877496583	56.890884210476
1	4054	1300.958768286753	10.228373122169
1	4063	1302.869657669798	71.414615771372
1	4085	1311.058984164158	15.294686486944
1	4088	1311.866828638828	59.10970974177
1	4117	1321.757970270484	74.101022765045
1	4121	1322.494197701229	9.727498907245
1	4131	1325.506542860649	51.028268660061
1	4153	1333.62553215412	4.525658334488
1	4184	1346.027811253796	38.514291605556
1	4208	1351.432280790774	87.90592510696
1	4254	1363.7675498993	23.249473673407
1	4266	1367.865012486009	10.948172303381
1	4282	1372.448374531131	92.005215013754
1	4285	1372.839718723091	55.038964155938
1	4294	1376.059822800696	29.889751723618
1	4299	1378.45388972074	76.76583459776
1	4354	1394.818052290023	71.346040822338
1	4367	1396.912189873994	17.717771072057
1	4393	1403.486568184231	19.041725451243
1	4395	1403.667486524687	52.05975150061
1	4448	1422.040287825758	59.595164190282
1	4462	1424.602160159515	89.980236774549
1	4466	1426.007384732724	36.15415533434
1	4471	1426.707921893698	3.104199496913
1	4494	1433.133975772553	65.162018913665
1	4505	1434.887063346579	28.039908193049
1	4519	1440.193683255128	66.838111040068
1	4546	1448.513041166486	47.262703423973
1	4580	1458.252472269129	11.458615038545
1	4601	1463.737376377814	34.326962831314
1	4606	1465.209233013579	69.769829495465
1	4624	1471.268400263405	36.437470958454
1	4636	1475.611433513591	18.377286100178
1	4639	1476.762558667935	35.949625445299
1	4666	1485.084701188388	72.946391604144
1	4668	1485.676491545412	23.269294410831
1	4670	1485.812122958492	11.95861053886
1	4701	1500.247367926423	32.04276066204
1	4704	1500.684408712446	82.584261058597
1	4714	1503.817464413367	51.73546159803
1	4716	1504.264849291198	25.125696663515
1	4727	1507.505333973808	22.839794390838
1	4731	1508.867425230342	12.904829401754
1	4740	1515.588814701665	25.466106355657
1	4756	1523.841481180758	5.846850145259
1	4783	1535.554971513468	34.214064826142
1	4792	1539.423464342965	32.437068995089
1	4833	1550.975481727522	6.148880863911
1	4837	1551.857902231989	17.674591861084
1	4846	1555.210055449058	4.413215051637
1	4853	1557.052618067261	33.435909911294
1	4855	1558.334443467566	46.306858185563
1	4858	1558.843185737393	3.031856031507
1	4865	1562.956383797007	34.060586040261
1	4903	1575.523691755149	14.19228775904
1	4938	1586.776366165851	20.298491209047
1	4946	1588.028614662367	16.472348693293
1	4956	1592.2056353856	9.709169407142
1	4958	1592.379170305114	52.796444536425
1	4966	1595.723196934687	18.328760417643
1	4968	1596.551848547312	8.701598008861
1	4982	1604.662804650155	11.100532535231
1	5000	1611.2235054928	12.46675520693
1	5002	1611.389293354714	6.716261480934
1	5004	1613.004880591307	2.640764770563
1	5039	1635.169712407293	3.020684872055
1	5045	1637.209228058241	10.243539073621
1	5068	1646.088853208127	29.904582200572
1	5081	1649.559774852718	6.489623295026
1	5092	1653.792620794277	32.081202909234
1	5145	1667.461579158099	29.429720999557
1	5148	1668.7348749654	19.815261360023
1	5169	1677.440323935251	23.507251771283
1	5179	1681.517536752287	22.104915891192
1	5200	1688.845364116844	2.198886482045
1	5236	1704.029711848836	38.839245388285
1	5242	1707.322508188559	31.169006727752
1	5244	1708.070305771789	37.11793400778
1	5261	1714.527818879476	32.962183650002
1	5284	1721.684238741535	24.262937273945
1	5290	1723.927822122128	15.581154056123
1	5299	1726.7629590399	34.358567383723
1	5317	1734.319817006602	20.871015832527
1	5353	1746.010448446743	27.421048545511
1	5364	1748.213782087798	45.154004716432
1	5377	1751.984282935751	16.750476319344
1	5387	1755.97456252064	25.800608268706
1	5399	1758.960868152571	34.631272372558
1	5422	1767.617084078039	15.678708666006
1	5449	1777.319401415079	36.549641265535
1	5481	1786.725441086354	40.426694827157
1	5492	1789.918020698835	32.661755670443
1	5496	1790.818895501212	28.391037448425
1	5500	1792.344006712796	24.504147801784
1	5511	1796.47616119847	23.581196366111
1	5518	1798.864109485422	4.197875941637
1	5529	1802.568934645515	24.499310304643
1	5554	1819.980672191029	36.588231711768
1	5557	1821.605661191292	4.700610719156
1	5573	1827.357352110685	5.39611765684
1	5578	1830.487542147881	41.457093239882
1	5606	1846.762503253545	46.694487854609
1	5694	1874.512156010153	36.094119376038
1	5700	1875.303913625439	69.262131643485
1	5712	1877.793008430172	28.367396248036
1	5724	1881.303138654459	37.230503817322
1	5733	1882.959731456018	11.099500173118
1	5753	1888.528851888276	76.744479162041
1	5755	1888.646605975472	27.765555576887
1	5803	1901.552556352824	74.242186361114
1	5808	1902.666358090249	14.860088729065
1	5824	1907.010167782438	51.796343709806
1	5828	1907.894526353821	75.063981673219
1	5831	1908.746822961268	26.153866651583
1	5844	1911.249060946527	44.463196571449
1	5864	1916.47636600643	5.748324782935
1	5900	1927.983142877596	50.990620226254
1	5905	1929.026226549537	29.884844747022
1	5910	1930.974930474431	26.185338738026
1	5924	1935.28161970341	19.057762321319
1	5926	1935.343527617411	8.269570884528
1	5943	1942.137151959369	48.397568036574
1	5960	1947.350434502949	9.684398908984
1	5977	1951.824317945299	30.504853687369
1	5984	1953.891717380741	21.417548554834
1	6000	1959.834594428668	4.965169615928
1	6049	1973.337924194184	24.210946969105
1	6053	1974.200321046068	30.9816874204
1	6094	1987.676267007492	27.407509854411
1	6114	1994.430494175188	28.935376885697
1	6116	1994.437683512583	23.855161121696
1	6118	1994.73379260419	18.855506510007
1	6126	1997.592178652889	5.515277820988
1	6157	2009.19827162138	27.691959485762
1	6172	2017.075761358846	30.359457056619
1	6210	2029.442028736124	26.347909514907
1	6240	2038.990866178658	18.626108835916
1	6242	2039.500871525276	41.784630305019
1	6251	2042.734675773432	28.19958299608
1	6259	2045.378839593161	36.567380423193
1	6290	2054.050293326857	6.593266622397
1	6316	2064.287482356316	38.217349490966
1	6331	2069.39076287778	32.762557023089
1	6348	2075.457888891701	33.304141227622
1	6357	2077.335042037315	45.717311590211
1	6369	2080.491272847878	4.5749995145
1	6410	2091.926449853823	38.656870175502
1	6425	2097.47970938719	38.396271423788
1	6435	2100.319780624138	19.373801231271
1	6437	2100.761520455955	36.054248414586
1	6463	2108.273061971891	21.646133048227
1	6467	2109.635894292981	39.056316925681
1	6483	2115.75902498585	18.161542949039
1	6502	2121.159241218019	29.487266747168
1	6529	2130.924154127731	28.219159746314
1	6538	2132.499464029224	18.72381948959
1	6567	2144.025249773531	18.56635004573
1	6569	2144.302070564606	36.47335744603
1	6604	2155.68482919632	19.288347897235
1	6610	2157.409937472909	10.203001118382
1	6623	2161.982020320381	8.885351017117
1	6645	2171.235612751351	51.572893168899
1	6689	2188.59257950228	57.652008636977
1	6695	2190.020589346074	47.842887560834
1	6718	2195.936748217101	37.694630315758
1	6752	2204.035657082004	35.589212843924
1	6764	2207.815272628922	28.150043183822
1	6771	2208.436037444752	23.183761785273
1	6784	2211.812422430617	3.97862711246
1	6786	2212.577287950339	38.340768849952
1	6796	2214.628989891157	51.274274395311
1	6801	2216.840269704707	14.973448590025
1	6856	2235.309357905303	38.820920482975
1	6870	2240.894577175388	21.818031356902
1	6877	2242.792015973265	51.606945755436
1	6880	2242.869675282864	12.2309213744
1	6901	2249.998473980473	25.111956056206
1	6944	2259.618060307237	23.867871227789
1	6955	2263.086489647179	49.527595505126
1	6995	2272.726925303007	25.204176936998
1	7013	2278.512318446543	36.874650233424
1	7016	2279.357354060877	15.773331031556
1	7018	2280.381984169489	27.824143935344
1	7059	2293.638592866726	35.919502870413
1	7089	2303.208733493589	22.722829852603
1	7115	2311.130642834363	9.087651108159
1	7124	2314.175276621375	45.354019392634
1	7134	2318.605838792874	32.298993419623
1	7158	2326.566932207221	52.07807570999
1	7170	2329.096708926038	32.412778913863
1	7192	2336.442198260117	45.058794113227
1	7195	2337.866244226239	19.601135100238
1	7198	2337.936044759826	14.645235486561
1	7225	2347.989992669795	19.542966648006
1	7243	2353.798489005199	45.777080272208
1	7255	2356.787461855227	5.914099711692
1	7311	2375.464527477519	62.424444291739
1	7316	2376.699831315445	31.795432602872
1	7319	2377.445686971663	43.397193851997
1	7347	2386.969222479043	30.589748557189
1	7364	2392.33929943504	3.424424421042
1	7385	2398.189154159406	58.98398566933
1	7420	2405.898800648528	38.426437099233
1	7426	2407.553144459859	13.47722726688
1	7429	2407.938802768835	45.90939217375
1	7462	2417.278021108136	44.677229081978
1	7464	2417.399079044475	39.195645310565
1	7468	2419.201290590815	35.950414494028
1	7541	2439.087199977375	22.77744376077
1	7543	2439.538399263182	39.481542830008
1	7557	2443.310794608565	37.664031380673
1	7571	2448.356729648668	37.630804498096
1	7579	2450.725875521437	17.74025429331
1	7599	2459.178677504896	37.127152664822
1	7646	2473.918658183668	3.545941631078
1	7649	2475.190594936617	47.681798984647
1	7661	2479.315256767572	24.940523280881
1	7666	2480.680486140433	37.458394817889
1	7677	2483.347611851771	45.137881375851
1	7681	2484.069162884387	24.473848572114
1	7708	2495.64769967193	30.509967922819
1	7737	2505.282911022674	56.469713767527
1	7779	2520.149003535754	27.685271840543
1	7788	2523.556268244417	47.972022663691
1	7799	2525.913049118258	45.214229098174
1	7815	2531.779423867714	27.567399924505
1	7821	2533.437802335148	46.923780394141
1	7824	2534.892014083237	4.250865763291
1	7834	2538.138262873761	28.705685897032
1	7848	2543.016358915381	44.677919779324
1	7851	2543.7996432552	24.143358728964
1	7868	2549.750431553355	13.200835127265
1	7922	2568.959374147016	26.63297227421
1	7928	2570.009048246791	55.566021952778
1	7945	2577.43171233953	29.397920581164
1	7957	2581.526349653505	27.557200990852
1	7959	2582.449272090815	56.959920951864
1	7977	2588.208835085285	28.847275306354
1	7998	2595.691596280331	8.951138777192
1	8006	2598.001920625697	5.957170462119
1	8043	2611.86633768458	47.384305669578
1	8047	2613.568612608142	32.681256493089
1	8082	2625.403509307899	21.901541256113
1	8095	2630.27501310561	32.297202562566
1	8105	2632.884277778342	62.94030460075
1	8121	2637.711335927612	17.743146799623
1	8178	2654.957806569187	24.261601269827
1	8185	2657.42881819968	81.896062692976
1	8214	2666.785581113549	30.372125617693
1	8227	2670.048198243965	22.259697817848
1	8240	2674.304649327078	65.333692072772
1	8255	2677.238683574962	7.208396122441
1	8288	2686.724168367694	44.855616643324
1	8317	2693.91036637175	40.861470988949
1	8320	2694.521038452876	29.96558012697
1	8351	2703.600012438268	22.472349082469
1	8355	2704.07576316014	89.135829448231
1	8362	2706.619057474787	14.231041132822
1	8373	2708.662678133009	33.109647684496
1	8385	2712.143606030045	9.247108186711
1	8402	2716.830611826281	19.369768965639
1	8453	2731.743950985614	106.13254730473
1	8462	2735.177928788602	27.028405679625
1	8476	2737.96532721551	19.712027782924
1	8494	2742.451184227842	12.750063844258
1	8516	2749.786889854597	25.580695697106
1	8535	2756.120913631762	42.876704146621
1	8543	2757.774587589213	22.355236559991
1	8561	2763.863327105426	11.537387320424
1	8563	2764.268751148027	105.42670186993
1	8584	2772.78222067178	32.031065158895
1	8598	2776.582826743612	8.532725522295
1	8613	2782.034009186792	95.235258132448
1	8627	2787.143387389729	40.659261592546
1	8632	2789.048371380321	31.669535901745
1	8675	2800.867938403516	16.311694796662
1	8698	2806.734166335211	32.996879076937
1	8700	2807.03967667698	44.231645213439
1	8723	2815.481394873593	36.591483743279
1	8731	2817.380804971806	16.219732190951
1	8738	2820.292046008294	30.578363146284
1	8767	2832.355458425134	26.188038173595
1	8770	2833.81003447821	38.123449314967
1	8829	2849.881503172579	21.353084504953
1	8863	2858.76337187878	41.82474735612
1	8876	2861.757980723175	49.820983703944
1	8886	2864.076017168132	29.788973022721
1	8895	2866.848464097027	10.987092446656
1	8909	2869.734612220094	47.032226547947
1	8925	2872.675548132171	21.969677227899
1	8933	2874.609149963139	29.372160351834
1	8948	2878.820514469534	6.816748260171
1	8950	2878.8336888319	39.097871064675
1	8963	2883.806616665342	16.84356581676
1	8982	2893.232097086274	32.109011384425
1	8984	2893.368228069167	10.906859502545
1	9028	2914.444666288221	37.219704795978
1	9062	2925.495093188842	31.609314844362
1	9076	2929.996743227832	24.271354174009
1	9078	2930.064117901386	13.008372188894
1	9090	2935.120754709943	47.181418194668
1	9103	2939.735819560136	40.006662771687
1	9130	2947.101152295023	18.890279483748
1	9146	2954.25884551684	20.313035233995
1	9154	2956.734983940969	45.515076051117
1	9163	2960.173406296999	3.587136231711
1	9173	2962.660193181258	22.753995454057
1	9207	2977.43190308661	4.961036504013
1	9224	2984.004858854355	61.311073501014
1	9233	2987.721406531762	3.896216962953
1	9246	2990.887425838628	29.125547088566
1	9249	2992.240471249576	46.931369933653
1	9261	2996.342862522825	45.439504440762
1	9310	3012.002280197579	17.701992097776
1	9312	3012.56655976212	23.672533882433
1	9322	3017.825159693499	50.741435387992
1	9326	3019.272960418378	8.82565423986
1	9347	3029.300918642438	2.959140935214
1	9365	3036.525678630343	5.003059496288
1	9388	3044.134246523388	65.774331084806
1	9414	3051.174045299886	30.010034393287
1	9416	3051.186457630253	7.83491481305
1	9422	3054.279197210807	54.499572631325
1	9430	3056.934002473491	19.526192550081
1	9453	3065.96956948425	60.915154357678
1	9460	3070.370719603038	21.232139355737
1	9505	3086.004659608368	70.277340906095
1	9508	3086.557232141965	9.797576843527
1	9529	3092.934857659169	33.010240496955
1	9531	3093.143274348353	38.839493142325
1	9535	3094.836663209495	23.523051540023
1	9576	3107.784885958659	42.429111508071
1	9597	3113.587294707665	25.868767051843
1	9603	3114.671611121745	32.182503768359
1	9613	3116.592682765684	7.25542459369
1	9620	3118.268522615318	25.536926344037
1	9630	3120.122702753529	21.924966924244
1	9652	3128.362941632521	25.024970308647
1	9685	3141.108672191976	21.004881034256
1	9693	3143.471093547189	18.044228974849
1	9695	3144.643742398134	3.320916395638
1	9702	3148.094400016129	33.145314354448
1	9706	3149.484557627354	18.778528167748
1	9741	3162.268162323863	9.978283150818
1	9756	3167.607604308406	31.740230189984
1	9804	3181.518008783815	34.837356424543
1	9834	3190.797281165493	32.954315576583
1	9836	3191.383083791593	27.782158444286
1	9871	3203.175800202071	28.917963259971
1	9874	3204.070024013874	18.68243208842
1	9899	3210.843687773334	41.599575865894
1	9931	3218.764794255377	11.527929593808
1	9941	3220.58534650924	2.666671493323
1	9944	3221.282151882537	41.731306139143
1	9948	3222.261633060879	31.773533330767
1	9951	3223.131773977429	27.184761639336
1	9983	3237.404925679908	2.114189430955
1	9985	3237.742358085935	14.175336980493
1	10023	3252.773092551624	50.862037197684
1	10028	3253.845688808015	2.426789679797
1	10031	3254.136293361197	41.80516581563
1	10065	3266.194948686872	36.665177318849
1	10069	3267.180678755982	21.065060430208
1	10088	3274.045021994392	33.404271100298
1	10109	3282.940013815537	26.039880964556
1	10153	3295.926119018813	17.71209601755
1	10173	3302.36822060135	29.431836524395
1	10200	3310.819884923058	48.319415300153
1	10204	3312.019111728998	44.44501413987
1	10226	3320.021328856006	25.879183391572
1	10242	3324.803540958446	41.544563467266
1	10256	3328.327985589629	28.215765008702
1	10268	3332.082085851118	26.51141584455
1	10277	3333.505493329143	17.413071010261
1	10296	3338.979125897638	1.493596534245
1	10300	3340.272500432567	13.359164848924
1	10323	3346.70039068745	3.524913334055
1	10341	3352.748159178073	64.186599078357
1	10352	3355.206230036687	34.086804634427
1	10375	3367.738892474799	35.309968161979
1	10378	3369.118005920556	20.291437374545
1	10388	3373.880497772484	2.988650819985
1	10405	3381.430731725186	5.504902838963
1	10409	3384.159836402865	73.428799176122
1	10434	3395.189992619334	8.875751814456
1	10450	3401.802827631593	47.167296223808
1	10453	3402.794274901975	10.963247648672
1	10477	3412.726879331171	53.037110141828
1	10486	3414.107278985557	5.611924130585
1	10521	3426.124493270651	28.730169388931
1	10550	3433.885477507026	20.000709845219
1	10552	3433.956906996438	69.063490976113
1	10582	3443.628954206131	62.457193254492
1	10588	3445.548649497219	26.186521929806
1	10611	3452.431435799811	27.902978505356
1	10623	3455.67149519816	15.012266757083
1	10656	3463.586476689675	11.996097704862
1	10658	3463.720842590677	60.596275499906
1	10667	3466.527997033674	31.312847171909
1	10682	3469.814560420349	12.80772726424
1	10686	3470.39335812489	24.390131973429
1	10703	3475.669182475078	7.837666998501
1	10717	3480.426467350108	17.595064973577
1	10756	3493.759853790985	63.623439187185
1	10767	3497.087656288878	18.233720794786
1	10773	3498.349169336961	25.152782482094
1	10775	3499.631857591685	9.660748570924
1	10808	3511.553879537391	10.75113102328
1	10811	3512.005252321021	27.437280382028
1	10822	3517.43563079881	11.16185290087
1	10858	3528.172239131879	32.770311456521
1	10886	3537.186474284512	25.85805739544
1	10888	3537.799201625172	14.842822313077
1	10907	3544.742745992732	27.618365644012
1	10946	3558.766891134443	30.613772551298
1	10950	3559.316775883437	25.701924530441
1	10962	3561.99916216557	11.86667682312
1	10965	3563.391835863008	24.723184939474
1	10978	3568.812175376578	1.791534207063
1	11010	3582.372085913322	26.948246636428
1	11021	3586.707108170613	42.201311467331
1	11029	3588.559433664665	27.531324407318
1	11051	3598.932218012638	16.028836623068
1	11062	3602.042554835328	8.201646113768
1	11065	3603.45732726646	31.372597277629
1	11101	3616.108745345036	16.902727069915
1	11111	3618.459676653845	41.018910652022
1	11133	3626.304355264879	15.836144428467
1	11144	3628.651704717432	23.451830110745
1	11147	3629.883703901204	7.617133695631
1	11195	3647.811715380521	59.402992581245
1	11215	3652.772326226585	25.432595257648
1	11219	3653.800146341439	37.469837990932
1	11245	3660.305866736925	16.675848734099
1	11247	3660.713457033743	22.39713588194
1	11253	3663.367362530791	14.537862444179
1	11273	3673.089041264501	6.992745152209
1	11275	3673.519681193981	40.243679037427
1	11295	3682.268461062105	27.680360460645
1	11301	3683.341955211244	23.23727203928
1	11313	3687.390511921488	9.867949387632
1	11354	3701.943961323362	30.107894113637
1	11387	3714.443062231535	31.69226849091
1	11405	3721.249748552109	33.327424313059
1	11409	3722.910322761287	23.758000274074
1	11416	3726.810596860139	21.685337629288
1	11425	3729.622839340132	2.705312095001
1	11442	3737.267327381422	27.0454198682
1	11486	3750.227991933941	56.933211521246
1	11494	3753.082488323334	4.738617239054
1	11504	3755.088738875467	22.935391258446
1	11520	3762.701285492754	47.323801176276
1	11533	3766.721786813703	45.786211860253
1	11541	3770.44412334811	5.207013011561
1	11565	3777.358065894346	39.958854340018
1	11577	3781.608217228911	38.407645180126
1	11592	3786.11697779445	15.143819682649
1	11616	3794.77705889231	40.556607447917
1	11621	3796.178445643516	2.092012725071
1	11636	3801.477036028292	41.821897495423
1	11663	3812.82726094267	12.826507662657
1	11665	3813.387187968478	2.783367001684
1	11693	3825.382388535896	48.562443756037
1	11705	3828.58762947773	7.459420149446
1	11735	3839.410289729372	33.945474296463
1	11738	3840.356723128362	57.819248045567
1	11789	3855.433797751558	12.334267032565
1	11804	3860.653054158563	72.53455201409
1	11806	3860.654662135877	28.755977865425
1	11812	3862.104599044783	35.797852630614
1	11841	3870.723983815882	54.627661206067
1	11854	3875.213846980718	27.110187805144
1	11861	3878.676172425394	40.884388287203
1	11919	3900.370427103369	14.091861247667
1	11929	3903.680288429147	44.905990903036
1	11937	3906.67306232267	42.451029570777
1	11951	3910.71605019505	57.226112110311
1	11956	3912.042982160701	9.738694011815
1	11987	3924.155976624006	54.20291273995
1	12010	3931.577428527067	11.878949251609
1	12015	3934.089314989402	53.558097143076
1	12019	3935.433098616317	27.210315646603
1	12077	3952.582225996311	77.613637422681
1	12122	3964.060758909797	21.782668572267
1	12126	3964.759673530938	39.14072430576
1	12142	3968.80969907728	31.64837151009
1	12144	3969.015885362527	77.60790961434
1	12189	3980.196647621346	16.381508716496
1	12200	3982.788918484125	51.440900392947
1	12203	3983.20485070872	13.897923857087
1	12209	3985.942202074812	89.034423744193
1	12215	3986.865354151009	73.043482161596
1	12241	3992.844757336078	45.426028137907
1	12251	3995.258523070028	36.727659350262
1	12267	3999.966030728773	46.719202022996
1	12272	4001.789589416122	26.759368243973
1	12288	4005.864925587905	3.208975365502
1	12292	4006.77803338064	26.011456956393
1	12295	4007.327686281414	21.026876148301
1	12326	4018.013510773082	10.089708861547
1	12354	4028.631149701194	31.298037002209
1	12377	4038.025169765586	45.92282887665
1	12406	4048.913649800704	24.25725002447
1	12410	4050.288632242131	3.748184918543
1	12424	4056.648858347101	42.993962570445
1	12446	4064.058111225607	34.276841800075
1	12449	4064.765747477074	7.219371244545
1	12489	4079.681995809319	60.296056237539
1	12503	4084.827200915672	43.899756276517
1	12525	4091.971765575699	56.349345508726
1	12547	4101.338227923965	32.919861786068
1	12554	4102.352699351854	50.458319859931
1	12570	4107.646307808468	33.705987317836
1	12597	4117.106715956477	54.205844678452
1	12625	4124.481173011479	27.898556033847
1	12648	4132.11693131761	47.238594486376
1	12666	4137.881062090401	19.908297526183
1	12672	4139.699028977314	16.530110394465
1	12685	4144.606807568814	37.186408267356
1	12693	4146.105736096049	66.83521531022
1	12717	4154.120942885879	63.243362722572
1	12746	4163.563258660034	61.501172255029
1	12753	4166.202885029258	37.764076328484
1	12779	4174.692784860618	62.159060209639
1	12782	4175.650700013971	35.45253352483
1	12802	4182.162061499322	47.814469973674
1	12835	4190.652080564883	34.475897248254
1	12837	4190.830892173229	40.388043859624
1	12849	4194.825155497882	11.314282536158
1	12855	4195.394306334208	33.683998107912
1	12875	4202.038806228322	29.269816718415
1	12894	4208.964307902849	63.528772973918
1	12922	4218.175835925045	50.708692388728
1	12924	4218.728028579155	18.821250878742
1	12967	4233.119966503004	54.710372386966
1	12976	4234.701276663698	17.66003119713
1	12982	4237.168827771795	48.207619942608
1	13007	4244.813862435524	39.293296792312
1	13022	4248.79784615816	53.905459107952
1	13041	4253.488801233826	13.526975957795
1	13104	4269.727219521541	47.578720643887
1	13114	4272.540180747054	27.208462515964
1	13126	4276.497591396454	65.379933470749
1	13134	4278.694673663824	50.669024534407
1	13160	4286.800424408521	19.145233364194
1	13177	4295.063779572617	61.060479309765
1	13200	4305.872605104355	54.650977289423
1	13245	4322.394968752639	65.898714267069
1	13255	4325.248288710382	63.051612119433
1	13280	4333.54661237018	26.715346286887
1	13340	4349.487189098507	76.067678037109
1	13343	4350.058441378416	71.009839357346
1	13353	4352.667494705659	56.120326732761
1	13373	4358.913273169316	24.242949533627
1	13379	4361.476411965445	43.284085509598
1	13381	4361.831505433548	76.935629489953
1	13388	4364.512485076682	73.628116462618
1	13414	4374.190257513899	6.167562917107
1	13421	4377.95476349199	54.519572721909
1	13430	4380.740953080947	79.072391811181
1	13444	4387.339956527694	58.540736083055
1	13453	4391.341089304429	78.568767801514
1	13482	4404.195806800855	52.656619312937
1	13506	4413.321978901755	73.200483109574
1	13510	4414.576443864033	57.653361038766
1	13587	4436.948062119893	24.26737718482
1	13592	4438.620426932235	76.406180371411
1	13603	4441.352894018997	95.303343506885
1	13609	4442.939811990603	14.626231808916
1	13667	4460.81009483455	87.117826439448
1	13683	4465.702240023063	64.447197002121
1	13690	4466.692625777687	33.007061020591
1	13725	4477.52679907788	98.655530028287
1	13733	4481.373831954324	31.403346842854
1	13777	4498.535137340787	114.34984917928
1	13785	4500.246275019258	45.017832286776
1	13794	4503.184125079901	113.08901710355
1	13796	4504.145749206308	15.969615952925
1	13812	4509.19802499703	32.467243698662
1	13853	4523.213685029431	127.46544571827
1	13859	4524.916932057826	13.392207864904
1	13873	4530.894706418507	36.789691340176
1	13925	4549.772763359129	44.097207315496
1	13934	4552.587327751458	145.72725417943
1	13936	4552.895681969593	14.652589330681
1	13956	4557.993096099007	14.623836967627
1	13967	4560.159129142069	11.44759777654
1	14001	4574.724129691723	57.659249853108
1	14012	4576.742499828234	158.81984084298
1	14028	4582.767279257894	159.6780472562
1	14034	4584.460373688492	19.629693675551
1	14049	4588.162000591753	6.974140859556
1	14068	4593.99302770873	60.762448790016
1	14076	4596.785619193342	10.196626623509
1	14086	4600.166647765449	161.11764034571
1	14126	4616.363295858265	3.786733539541
1	14137	4621.541914220669	29.88569286349
1	14151	4627.6740712562	183.20280063048
1	14153	4628.333800316443	31.2071854464
1	14179	4638.60999230773	36.467937613951
1	14181	4638.94235666155	4.596624600352
1	14228	4655.031821842082	194.77304801718
1	14240	4657.693806329984	191.94967943337
1	14246	4660.031654201333	52.552867462738
1	14263	4664.76710942458	24.815195675707
1	14269	4666.622625919297	4.37435943773
1	14316	4682.153395080134	211.20446615213
1	14331	4685.965513507147	203.37088143151
1	14342	4688.47260502528	70.590439520189
1	14363	4696.072191186251	72.560128846202
1	14367	4697.48203968537	30.140922876078
1	14379	4699.970298244859	200.22221001005
1	14411	4709.60640817055	21.281619529126
1	14420	4711.359543196748	188.72806755465
1	14436	4716.158725015362	10.886682088954
1	14452	4720.701862838125	192.47158440296
1	14463	4723.444250672946	12.923516516224
1	14468	4725.118719334832	68.261084473804
1	14479	4728.238760483337	55.759608080723
1	14506	4735.214511721633	7.747629328397
1	14513	4737.821210542812	59.598864708673
1	14539	4745.90606326878	191.99112370529
1	14559	4750.430875292872	28.722286414474
1	14577	4755.331011595791	195.73105925403
1	14607	4762.873937652916	192.84082938218
1	14615	4765.133538715668	31.779958559321
1	14619	4765.845170070768	66.504653763603
1	14636	4770.127045662032	25.745447348222
1	14644	4772.126735970966	22.340230026167
1	14646	4772.141697538438	196.27024125203
1	14673	4781.449843765014	42.286488421266
1	14714	4791.54350520159	14.019162998304
1	14716	4791.833633229139	75.672438890203
1	14730	4795.255771463158	166.17708901327
1	14742	4798.580137858639	15.633379789535
1	14776	4807.433941366039	46.531888787517
1	14809	4817.575376402473	171.65359973267
1	14814	4819.507886478685	30.878771263642
1	14846	4830.27280429868	36.571621377257
1	14853	4832.319022477491	181.35565347841
1	14868	4836.082959549973	25.621485484997
1	14876	4837.830448007217	11.258969896939
1	14884	4839.859949291338	156.60690339526
1	14890	4841.836479730677	9.290285057156
1	14904	4846.641476004858	42.050003465267
1	14907	4847.314490670808	153.47868097247
1	14919	4851.422323031122	95.654910035197
1	14934	4856.257539860094	12.914111323305
1	14967	4869.382623195305	20.393348824117
1	14978	4872.948364651534	106.54452132084
1	14993	4877.347110032342	105.75993579789
1	15015	4883.588963988824	23.039849368273
1	15017	4883.637269603094	84.065474966075
1	15035	4889.8781116549	23.404502671447
1	15042	4891.897443921076	14.701686782528
1	15093	4908.938204383951	25.955446706389
1	15100	4910.29839236802	94.774973389925
1	15110	4913.229193379525	24.580346904345
1	15163	4927.225532469691	16.943595806018
1	15186	4933.536330171169	39.507830552293
1	15209	4941.422735990962	120.27005786565
1	15221	4944.806730312185	107.02381454327
1	15224	4946.17406097183	41.455716986093
1	15261	4957.147844323662	23.737589224012
1	15282	4963.916161507021	14.270953007856
1	15318	4977.368363599648	122.66636806785
1	15334	4981.955588975696	60.12269041967
1	15393	4997.114001677141	30.574842104221
1	15401	4999.287504359616	27.453510560326
1	15413	5002.419553777674	130.58767226851
1	15425	5006.039967247292	78.327099338643
1	15427	5006.058430560637	28.725212396124
1	15434	5008.052543300792	108.85841300746
1	15440	5009.344842290392	4.28426395019
1	15471	5017.371394137159	29.125766460786
1	15477	5019.079882350637	3.281657850719
1	15491	5023.256057770462	12.904875138776
1	15493	5023.327407476498	107.3730374435
1	15519	5036.667032286532	81.200855556181
1	15524	5037.690237378357	98.421892806307
1	15538	5044.385776659129	99.831716402784
1	15550	5048.551270715082	87.897889998626
1	15582	5063.013791702345	68.921889983004
1	15585	5063.395504375808	80.637675145293
1	15616	5073.514978673546	15.639786397573
1	15642	5081.765523372921	12.327340867604
1	15667	5094.711578647611	95.297037399841
1	15672	5096.70978746785	65.210550079474
1	15695	5105.586120455762	13.126754145836
1	15713	5113.626902449066	76.67759768793
1	15754	5128.124407393511	75.507778579717
1	15756	5128.630011404635	107.52848710981
1	15783	5136.660926806395	110.35870840435
1	15791	5139.766672191213	19.910721978637
1	15795	5141.20944948157	77.557113458284
1	15805	5143.679961348306	101.61787657568
1	15820	5148.256027995843	72.860121016621
1	15839	5155.036832508402	107.93556344532
1	15844	5156.781028188068	75.862941914236
1	15887	5170.862966028977	35.049590575974
1	15920	5181.015660675011	82.564103468552
1	15924	5182.194108234607	4.31151989114
1	15929	5183.322386233955	36.570842002402
1	15936	5184.540494032442	97.986876864919
1	15960	5191.811570177908	61.162971643383
1	15998	5201.52056704334	18.072472599917
1	16005	5203.885690965224	100.31943615526
1	16008	5204.560051045851	52.800584973302
1	16023	5209.281108560744	42.292148381239
1	16036	5213.202854644279	19.39272562461
1	16055	5221.940242597134	112.96520284633
1	16074	5228.018893738633	66.15938133083
1	16081	5230.368658674535	8.390256677172
1	16093	5233.045790046809	27.33073242137
1	16101	5236.457746816098	122.21585129806
1	16134	5245.789821869001	34.515114688317
1	16185	5259.158949541513	14.834544315584
1	16201	5263.23922190676	36.172536052532
1	16216	5267.127564955265	141.99772293213
1	16234	5272.904267635552	39.979644629758
1	16268	5287.21158126881	145.94453269452
1	16271	5288.513109465135	38.528016875034
1	16307	5301.738428631563	144.90727371931
1	16325	5306.736877090885	51.653194347282
1	16363	5318.064255796029	26.16575454164
1	16388	5325.766775708061	152.94943016755
1	16400	5329.437192810356	52.955013274334
1	16438	5339.104914585594	150.51545854378
1	16441	5339.759553398592	26.165463627201
1	16452	5341.720858930498	23.101373071434
1	16456	5342.352345080703	60.752471569579
1	16460	5343.347004803483	19.044495751965
1	16495	5354.476665779019	2.832368289353
1	16525	5363.754681627732	164.02431293693
1	16532	5365.921370839125	79.209993221451
1	16541	5368.314125275008	32.506046624387
1	16611	5387.843548038507	171.29689154121
1	16623	5390.540742448301	22.302836922929
1	16631	5392.219851786744	95.261995409154
1	16666	5401.927284888462	39.089604838055
1	16712	5413.94312300964	34.60098919936
1	16721	5416.303471994584	177.51194579387
1	16742	5422.042971196127	114.32429819671
1	16745	5423.292176279237	162.83033665874
1	16761	5426.520662183877	52.855090981351
1	16800	5435.866299969258	169.43704973521
1	16807	5437.754055940898	36.193626694732
1	16810	5438.626999342589	97.607234928529
1	16846	5448.357284351722	58.184875068956
1	16891	5460.965366504506	47.92575488973
1	16907	5464.667263203773	57.175115381839
1	16910	5464.760501491955	23.681297027854
1	16913	5465.316315822297	193.84299820637
1	16928	5470.073424273177	45.894183344678
1	16945	5476.572928629124	81.00183650456
1	16950	5478.286901822321	59.715436653007
1	16967	5483.463882714283	36.940863437721
1	16971	5484.61051240225	182.59062616538
1	16985	5490.081881403101	160.00141151796
1	16996	5493.668895894305	147.05392887943
1	17015	5503.275711020461	73.430194521094
1	17019	5504.565926061949	52.065972542161
1	17021	5505.07477316482	36.456567031684
1	17035	5510.024623023816	35.564768186773
1	17072	5526.307418093205	45.851670116071
1	17076	5528.044802322278	170.97646729275
1	17080	5529.851727347129	66.788322313228
1	17092	5541.224821563569	156.11125840758
1	17112	5566.600601491859	130.83346424192
1	17122	5577.193521358646	119.50011469202

